   0     6659    30312   23653 1
   1    30312    40492   10180 1
   2    40492    43608    3116 1
   3    43608    50253    6645 1
   4    50253    76084   25831 1
   5    77604   369489  291885 2
   6   371009   403872   32863 1
   7   403872   408497    4625 1
   8   408497   412284    3787 1
   9   412284   462511   50227 1
  10   464031   660369  196338 2
  11   661889   666377    4488 1
  12   666377   691483   25106 1
  13   693003  1623497  930494 2
  14  1625017  1640127   15110 1
  15  1640127  1641695    1568 1
  16  1641695  1647109    5414 1
  17  1647109  1669397   22288 1
  18  1683326  1726420   43094 1
  19  1736659  1752279   15620 1
  20  1752279  1760620    8341 1
  21  1762140  1884710  122570 2
  22  1886230  1909163   22933 1
  23  1909163  1933636   24473 1
  24  1935156  2733996  798840 2
  25  2735516  3396606  661090 1
  26  3396606  3419334   22728 1
  27  3420854  3651622  230768 2
  28  3653142  3656641    3499 1
  29  3658161  3965790  307629 2
  30  4329338  4396842   67504 2
  31  4396842  4420663   23821 2
  32  4420663  4428148    7485 2
  33  4429668  5411104  981436 2
  34  5412624  5449866   37242 2
  35  5449866  5449866       0 2
  36  5449866  5452748    2882 2
  37  5452748  5457664    4916 2
  38  5457664  5461051    3387 2
  39  5463018  5484457   21439 2
  40  5484457  5484457       0 2
  41  5484457  5499606   15149 2
  42  5499606  5528521   28915 2
  43  5528521  5551178   22657 2
  44  5555820  5579147   23327 2
  45  5580918  5583515    2597 2
  46  5583515  5590869    7354 2
  47  5590869  5593295    2426 2
  48  5593295  5605728   12433 2
  49  5605728  5605728       0 2
  50  5605728  5607334    1606 2
  51  5607334  5609040    1706 2
  52  5609040  5614387    5347 2
  53  5614387  5614387       0 2
  54  5614387  5637300   22913 2
  55  5677953  5697027   19074 2
  56  5697027  5697027       0 2
  57  5697027  5697027       0 2
  58  5697027  5698052    1025 2
  59  5698052  5706221    8169 2
  60  5706221  5706855     634 2
  61  5706855  5733196   26341 4
  62  5733196  5733196       0 2
  63  5733196  5733196       0 2
  64  5733196  5733196       0 2
  65  5733196  5733196       0 2
  66  5733196  5733196       0 2
  67  5733196  5746604   13408 2
  68  5746604  5747239     635 2
  69  5747239  5753101    5862 2
  70  5753101  5759515    6414 2
  71  5759515  5783274   23759 2
  72  5785342  5787680    2338 2
  73  5787680  5788188     508 2
  74  5788188  5823813   35625 4
  75  5823813  5823813       0 2
  76  5823813  5823813       0 2
  77  5823813  5836414   12601 2
  78  5841718  5865614   23896 2
  79  5865614  5865614       0 2
  80  5865614  5876751   11137 2
  81  5876751  5877351     600 2
  82  5877351  5878826    1475 2
  83  5878826  5881707    2881 2
  84  5881707  5881733      26 2
  85  5881733  5885827    4094 2
  86  5885827  5885827       0 2
  87  5885827  5908682   22855 2
  88  5916379  5956087   39708 2
  89  5956087  5956088       1 2
  90  5956088  5956088       0 2
  91  5956088  5972927   16839 2
  92  5972927  5976597    3670 2
  93  5976597  5976597       0 2
  94  5976597  5976597       0 2
  95  5976597  5983874    7277 2
  96  5983874  5984004     130 2
  97  5984004  5987197    3193 2
  98  5987197  5988625    1428 2
  99  5988625  6011486   22861 2
 100  6011486  6020488    9002 2
 101  6020488  6020489       1 2
 102  6020489  6020489       0 1
 103  6020489  6020489       0 1
 104  6020489  6042641   22152 1
 105  6042641  6052805   10164 1
 106  6054325  6409638  355313 2
 107  6411158  6416092    4934 1
 108  6416092  6673356  257264 1
 109  6714292  6723334    9042 1
 110  6723334  6931595  208261 1
 111  7024847  7054391   29544 1
 112  7054391  7054392       1 1
 113  7054724  7079749   25025 1
 114  7079749  7079749       0 1
 115  7079749  7079749       0 1
 116  7079749  7079749       0 1
 117  7079749  7094304   14555 1
 118  7094304  7114351   20047 1
 119  7115871  7492787  376916 2
 120  7494307  7568711   74404 1
 121  7568711  7573555    4844 1
 122  7573555  7580885    7330 1
 123  7580885  7607071   26186 1
 124  7607071  7615587    8516 1
 125  7615587  7659010   43423 1
 126  7669744  7694590   24846 1
 127  7694590  7694590       0 1
 128  7694590  7702013    7423 1
 129  7702013  7718761   16748 1
 130  7732629  7733560     931 1
 131  7733560  7757392   23832 1
 132  7776237  7803774   27537 1
 133  7803774  7803774       0 1
 134  7803774  7806240    2466 1
 135  7806240  7806240       0 1
 136  7806240  7806241       1 1
 137  7806241  7809802    3561 1
 138  7809802  7812649    2847 1
 139  7812649  7817663    5014 1
 140  7817663  7822295    4632 1
 141  7822295  7844793   22498 1
 142  7915794  8256866  341072 1
 143  8258386  8753405  495019 2
 144  8754925  8764209    9284 1
 145  8764209  8766397    2188 1
 146  8766397  8775217    8820 1
 147  8775217  8775217       0 1
 148  8775217  8786530   11313 1
 149  8786530  8786530       0 1
 150  8786530  8789583    3053 1
 151  8789583  8812375   22792 1
 152  8813895  9621108  807213 2
 153  9622628  9623944    1316 1
 154  9623944  9651387   27443 1
 155  9652907 10007916  355009 2
 156 10015686 10076470   60784 2
 157 10076470 10153337   76867 2
 158 10154857 10255189  100332 2
 159 10256709 10293459   36750 2
 160 10293459 10526233  232774 2
 161 10526233 10677108  150875 2
 162 10677108 10686614    9506 2
 163 10686614 10802281  115667 2
 164 10866473 10868003    1530 2
 165 10868003 10876842    8839 2
 166 10876842 10901462   24620 2
 167 10965326 11023925   58599 2
 168 11023925 11027605    3680 2
 169 11027605 11030103    2498 2
 170 11030103 11033303    3200 2
 171 11033303 11035231    1928 2
 172 11035231 11044975    9744 2
 173 11044975 11069008   24033 2
 174 11070528 11255420  184892 2
 175 11256940 11262671    5731 2
 176 11262671 11292159   29488 2
 177 11293679 11390709   97030 2
 178 11392229 11566120  173891 2
 179 11566120 11566121       1 2
 180 11566121 11566229     108 2
 181 11566229 11579475   13246 2
 182 11580995 11687277  106282 2
 183 11688797 11774855   86058 4
 184 11774855 11774855       0 2
 185 11774855 11774855       0 2
 186 11774855 11777900    3045 2
 187 11824751 11846771   22020 2
 188 11846771 11857317   10546 2
 189 11857317 11859190    1873 2
 190 11859190 11862146    2956 2
 191 11862146 11892634   30488 4
 192 11892634 11892634       0 2
 193 11892634 11893204     570 2
 194 11893204 11893204       0 2
 195 11893204 11894113     909 2
 196 11894113 11896141    2028 2
 197 11896141 11921470   25329 2
 198 11921470 11921470       0 2
 199 11921470 11924883    3413 2
 200 11924883 11950470   25587 2
 201 11950470 11950470       0 2
 202 11950470 11950470       0 2
 203 11950470 11950471       1 2
 204 11950471 11952737    2266 2
 205 11952737 11961353    8616 2
 206 11961353 11966393    5040 2
 207 11966393 11968530    2137 2
 208 11968530 11971465    2935 2
 209 11971465 11978212    6747 2
 210 11978212 11978212       0 2
 211 11978212 11978212       0 2
 212 11978212 12005687   27475 2
 213 12007126 12009076    1950 2
 214 12009076 12011409    2333 2
 215 12011409 12019383    7974 2
 216 12019383 12019383       0 2
 217 12019383 12020395    1012 2
 218 12020395 12047133   26738 2
 219 12048653 12335679  287026 2
 220 12337199 12362138   24939 1
 221 12362138 12362619     481 1
 222 12362619 12365921    3302 1
 223 12365921 12372810    6889 1
 224 12372810 12382262    9452 1
 225 12382262 12405399   23137 1
 226 12405399 12405399       0 1
 227 12405399 12405399       0 1
 228 12405399 12429981   24582 1
 229 12439355 12440747    1392 1
 230 12440747 12445442    4695 1
 231 12445442 12473419   27977 1
 232 12474939 12828576  353637 2
 233 12830096 12990362  160266 1
 234 12990362 13330158  339796 1
 235 13330158 13332668    2510 1
 236 13332668 13432884  100216 1
 237 13432884 13437385    4501 1
 238 13437385 13481155   43770 1
 239 13481155 13486893    5738 1
 240 13486893 13504709   17816 1
 241 13504709 13530460   25751 1
 242 13568311 13610878   42567 1
 243 13610878 13619175    8297 1
 244 13619175 13619176       1 1
 245 13635354 13673838   38484 1
 246 13673838 13673839       1 1
 247 13673839 13676099    2260 1
 248 13704017 13718713   14696 1
 249 13718713 13725547    6834 1
 250 13725547 13729663    4116 1
 251 13729663 13758867   29204 1
 252 13760387 13889150  128763 2
 253 13890670 13912499   21829 1
 254 13914019 14863478  949459 2
 255 14864998 14890954   25956 1
 256 14890954 14917038   26084 1
 257 14920040 14925753    5713 1
 258 14925753 14950700   24947 1
 259 14952220 15320520  368300 2
 260 15322040 15354943   32903 1
 261 15354943 15376068   21125 1
 262 15439863 15486649   46786 1
 263 15486649 15486650       1 1
 264 15486650 15488592    1942 1
 265 15488592 15499676   11084 1
 266 15499676 15505792    6116 1
 267 15505792 15516584   10792 1
 268 15516584 15540309   23725 1
 269 15543732 15566609   22877 1
 270 15566609 15566609       0 1
 271 15566609 15566609       0 1
 272 15566609 15566609       0 1
 273 15566609 15566609       0 1
 274 15566609 15569786    3177 1
 275 15569786 15569786       0 1
 276 15569786 15594462   24676 1
 277 15594462 15601164    6702 1
 278 15602684 15803103  200419 2
 279 15804623 15810999    6376 1
 280 15812519 16050040  237521 2
 281 16683142 16691096    7954 2
 282 16691096 16699465    8369 2
 283 16699465 16699824     359 2
 284 16699824 16723801   23977 2
 285 16725321 16973483  248162 2
 286 16975003 17186377  211374 2
 287 17186377 17186377       0 2
 288 17186377 17186378       1 2
 289 17186378 17194524    8146 2
 290 17196044 17533580  337536 2
 291 17535100 17584715   49615 2
 292 17584715 17923469  338754 4
 293 17923469 17923470       1 2
 294 17930734 17978090   47356 2
 295 17978090 17978090       0 2
 296 17978090 18431864  453774 4
 297 18431864 18431864       0 1
 298 18431864 18431864       0 1
 299 18431864 18431864       0 1
 300 18431864 18436857    4993 1
 301 18436857 18465343   28486 1
 302 18466863 18861287  394424 2
 303 18862807 18929142   66335 1
 304 18929142 18929143       1 1
 305 18929143 19213970  284827 1
 306 19213970 19217963    3993 1
 307 19217963 19609189  391226 1
 308 19610709 19849209  238500 2
 309 19850729 19874810   24081 1
 310 19876331 20844960  968629 2
 311 20846480 20898531   52051 1
 312 20898531 20898532       1 1
 313 20898532 20912504   13972 1
 314 20914024 21299987  385963 2
 315 21301507 21337376   35869 1
 316 21337376 21371087   33711 1
 317 21372401 21401565   29164 1
 318 21401565 21469485   67920 1
 319 21469485 21475267    5782 1
 320 21475267 21508772   33505 1
 321 21568143 21592212   24069 1
 322 21593732 22092161  498429 2
 323 23520178 23654599  134421 4
 324 23654599 23654599       0 2
 325 23654599 23654599       0 2
 326 23654599 23665266   10667 2
 327 23665266 23665288      22 2
 328 23665288 23665289       1 2
 329 23665289 23670690    5401 2
 330 23670690 23676874    6184 2
 331 23676874 23678032    1158 2
 332 23678032 23683614    5582 2
 333 23683614 23683614       0 2
 334 23683614 23683614       0 2
 335 23683614 23683614       0 2
 336 23683614 23683614       0 2
 337 23683614 23683614       0 2
 338 23683614 23689418    5804 2
 339 23689418 23689418       0 2
 340 23689418 23689831     413 2
 341 23689831 23692245    2414 2
 342 23692245 23692257      12 2
 343 23692257 23692867     610 2
 344 23692867 23697115    4248 2
 345 23697115 23697115       0 2
 346 23697115 23697264     149 2
 347 23697264 23702925    5661 2
 348 23702925 23702925       0 2
 349 23702925 23702925       0 2
 350 23702925 23702925       0 2
 351 23702925 23703630     705 2
 352 23703630 23728289   24659 2
 353 23728289 23728289       0 2
 354 23728289 23728289       0 2
 355 23728289 23728289       0 2
 356 23728289 23728289       0 2
 357 23728289 23728289       0 2
 358 23728289 23728289       0 2
 359 23728289 23728289       0 2
 360 23728289 23738483   10194 2
 361 23738483 23738483       0 2
 362 23738483 23762449   23966 2
 363 23815704 24003045  187341 2
 364 24048724 24406133  357409 4
 365 24406133 24406133       0 1
 366 24406133 24406133       0 1
 367 24406133 24406133       0 1
 368 24406133 24406134       1 1
 369 24406134 24414295    8161 1
 370 24414295 24414296       1 1
 371 24414296 24415480    1184 1
 372 24415480 24421951    6471 1
 373 24421951 24422921     970 1
 374 24422921 24424461    1540 1
 375 24424461 24426643    2182 1
 376 24426643 24426643       0 1
 377 24426643 24426643       0 1
 378 24426643 24433362    6719 1
 379 24433362 24433362       0 1
 380 24433362 24433362       0 1
 381 24433362 24433362       0 1
 382 24433362 24433362       0 1
 383 24433362 24433482     120 1
 384 24433482 24437503    4021 1
 385 24437503 24437503       0 1
 386 24437503 24437503       0 1
 387 24437503 24441997    4494 1
 388 24441997 24463194   21197 1
 389 24474259 24477566    3307 1
 390 24477566 24482567    5001 1
 391 24482567 24482567       0 1
 392 24482567 24490247    7680 1
 393 24490247 24490247       0 1
 394 24490247 24490247       0 1
 395 24490247 24490247       0 1
 396 24490247 24492686    2439 1
 397 24492686 24493790    1104 1
 398 24493790 24494688     898 1
 399 24494688 24496169    1481 1
 400 24496169 24518871   22702 1
 401 24520891 24546033   25142 1
 402 24546033 24546033       0 1
 403 24546033 24546033       0 1
 404 24546033 24546033       0 1
 405 24546033 24568547   22514 1
 406 24568547 24568547       0 1
 407 24568547 24575039    6492 1
 408 24576559 24817596  241037 2
 409 24819116 25050489  231373 1
 410 25050489 25052502    2013 1
 411 25052502 25130789   78287 1
 412 25130789 25312325  181536 1
 413 25312325 25314746    2421 1
 414 25314746 25322169    7423 1
 415 25322169 25327433    5264 1
 416 25327433 25384946   57513 1
 417 25384946 25384946       0 1
 418 25384946 25465464   80518 1
 419 25475485 25516878   41393 1
 420 25550584 25562902   12318 1
 421 25562902 25584858   21956 1
 422 25593064 25633859   40795 1
 423 25635379 25961565  326186 2
 424 25963085 25984228   21143 1
 425 25987397 25990703    3306 1
 426 25990703 26218246  227543 1
 427 26219766 26560420  340654 2
 428 26561940 26585533   23593 1
 429 26587054 26968518  381464 2
 430 26970038 26984616   14578 1
 431 26984616 27009202   24586 1
 432 27010722 27272400  261678 2
 433 27273921 27324935   51014 1
 434 27324935 27350931   25996 1
 435 27350931 27379028   28097 1
 436 27380548 27516934  136386 2
 437 27518454 27544952   26498 1
 438 27546472 28134284  587812 2
 439 28623568 28641147   17579 2
 440 28641147 28664906   23759 2
 441 28666426 29532483  866057 2
 442 29534003 29750993  216990 4
 443 29750993 29750993       0 2
 444 29750993 29750993       0 2
 445 29750993 29750993       0 2
 446 29750993 29750993       0 2
 447 29750993 29750993       0 2
 448 29750993 29750993       0 2
 449 29750993 29750993       0 2
 450 29750993 29762944   11951 2
 451 29762944 29770437    7493 2
 452 29789893 29814221   24328 2
 453 29872593 29895378   22785 2
 454 29922894 29924831    1937 2
 455 29924831 29929271    4440 2
 456 29929271 29962666   33395 2
 457 30026532 30058699   32167 2
 458 30087636 30384842  297206 4
 459 30384842 30384842       0 1
 460 30384842 30384842       0 1
 461 30384842 30384842       0 1
 462 30384842 30384842       0 1
 463 30384842 30384842       0 1
 464 30384842 30384842       0 1
 465 30384842 30385556     714 1
 466 30385556 30385556       0 1
 467 30385556 30408431   22875 1
 468 30421512 30431256    9744 1
 469 30431256 30446295   15039 1
 470 30473867 30575561  101694 1
 471 30575561 30587651   12090 1
 472 30587651 30589558    1907 1
 473 30589558 30591683    2125 1
 474 30591683 30613591   21908 1
 475 30621463 30660714   39251 1
 476 30660714 30660715       1 1
 477 30660715 30661239     524 1
 478 30662759 30766102  103343 2
 479 30767622 31076091  308469 4
 480 31076091 31076092       1 1
 481 31098891 31203955  105064 1
 482 31203955 31246400   42445 1
 483 31278203 31462681  184478 1
 484 31462681 31687029  224348 1
 485 31687029 31750652   63623 1
 486 31750652 31949991  199339 1
 487 31949991 32025463   75472 1
 488 32025463 32110531   85068 1
 489 32110531 32112274    1743 1
 490 32112274 32225900  113626 1
 491 32225900 32402551  176651 1
 492 32404071 33013354  609283 2
 493 33014874 33020614    5740 1
 494 33020614 33024660    4046 1
 495 33024660 33033417    8757 1
 496 33033417 33033417       0 1
 497 33033417 33055907   22490 1
 498 33123482 33147307   23825 1
 499 33216256 33237014   20758 1
 500 33237014 33289576   52562 1
 501 33289576 33331023   41447 1
 502 33332544 33531419  198875 2
 503 33532939 33563198   30259 1
 504 33563198 33563199       1 1
 505 33563199 33563199       0 1
 506 33563199 33572274    9075 1
 507 33573794 34176407  602613 2
 508 34528523 34549799   21276 2
 509 34551320 34651182   99862 2
 510 34652702 34673584   20882 2
 511 34675104 35653171  978067 2
 512 35654691 35730160   75469 4
 513 35730160 35730160       0 2
 514 35730160 35730160       0 2
 515 35730160 35730160       0 2
 516 35730160 35740318   10158 2
 517 35741838 35861468  119630 2
 518 35862988 36055472  192484 2
 519 36055472 36055472       0 2
 520 36055472 36056025     553 2
 521 36056025 36056025       0 2
 522 36056025 36056025       0 2
 523 36056025 36078264   22239 2
 524 36104534 36172511   67977 4
 525 36172511 36172511       0 2
 526 36172511 36172511       0 2
 527 36172511 36172511       0 2
 528 36172511 36188672   16161 2
 529 36190192 36336413  146221 2
 530 36337933 36354562   16629 1
 531 36354562 36379797   25235 1
 532 36383651 36408784   25133 1
 533 36408784 36418710    9926 1
 534 36418710 36426743    8033 1
 535 36426743 36427976    1233 1
 536 36427976 36434040    6064 1
 537 36434040 36434868     828 1
 538 36434868 36435741     873 1
 539 36435741 36437302    1561 1
 540 36437302 36438135     833 1
 541 36438135 36460434   22299 1
 542 36460434 36460434       0 1
 543 36460434 36460434       0 1
 544 36460434 36460434       0 1
 545 36460434 36460434       0 1
 546 36460434 36460434       0 1
 547 36460434 36460434       0 1
 548 36460434 36460436       2 1
 549 36460436 36460436       0 1
 550 36460436 36460436       0 1
 551 36460436 36460436       0 1
 552 36460436 36460436       0 1
 553 36460436 36460436       0 1
 554 36460436 36460436       0 1
 555 36460436 36460436       0 1
 556 36460436 36460436       0 1
 557 36460436 36483179   22743 1
 558 36484699 36633412  148713 2
 559 36634932 36662302   27370 1
 560 36662302 36662303       1 1
 561 36662303 36672049    9746 1
 562 36672049 36672050       1 1
 563 36672050 36689053   17003 1
 564 36689053 36705853   16800 1
 565 36705853 36758286   52433 4
 566 36758286 36758287       1 1
 567 36758790 36772226   13436 1
 568 36772226 36795170   22944 1
 569 36814825 36819038    4213 1
 570 36819038 36819038       0 1
 571 36819038 36825292    6254 1
 572 36825292 36825292       0 1
 573 36825292 36825292       0 1
 574 36825292 36825292       0 1
 575 36825292 36841983   16691 1
 576 36841983 36842534     551 1
 577 36842534 36864656   22122 1
 578 36864656 36884388   19732 1
 579 36884388 36901672   17284 1
 580 36901672 36913378   11706 1
 581 36913378 36914882    1504 1
 582 36914882 36940112   25230 1
 583 36940112 36956362   16250 1
 584 36956362 36961436    5074 1
 585 36961436 36982987   21551 1
 586 36982987 37045301   62314 1
 587 37045301 37053844    8543 1
 588 37053844 37058660    4816 1
 589 37058660 37059476     816 1
 590 37059476 37076154   16678 1
 591 37076154 37099122   22968 1
 592 37103311 37108935    5624 1
 593 37108935 37108935       0 1
 594 37108935 37150396   41461 4
 595 37150396 37150397       1 1
 596 37150397 37155798    5401 1
 597 37155798 37216455   60657 1
 598 37218110 37325040  106930 1
 599 37325040 37520586  195546 1
 600 37520586 37520586       0 1
 601 37520586 37631175  110589 1
 602 37631175 37678463   47288 1
 603 37678463 37678463       0 1
 604 37678463 37678463       0 1
 605 37678463 37695959   17496 1
 606 37695959 37695959       0 1
 607 37695959 37783753   87794 1
 608 37785273 39205993 1420720 2
 609 39207513 39277115   69602 1
 610 39277115 39277115       0 1
 611 39277115 39312380   35265 1
 612 39312380 39527626  215246 1
 613 39527626 39528781    1155 1
 614 39528781 39530277    1496 1
 615 39530277 39531140     863 1
 616 39531140 39534263    3123 1
 617 39534263 39534263       0 1
 618 39534263 39534263       0 1
 619 39534263 39536218    1955 1
 620 39536218 39536218       0 1
 621 39536218 39536218       0 1
 622 39536218 39538671    2453 1
 623 39538671 39538671       0 1
 624 39538671 39538945     274 1
 625 39538945 39542120    3175 1
 626 39542120 39542120       0 1
 627 39542120 39567762   25642 1
 628 39567762 39567763       1 1
 629 39569283 40034964  465681 2
 630 40036484 40059581   23097 1
 631 40061101 40179160  118059 2
 632 40180680 40255630   74950 1
 633 40255630 40262647    7017 2
 634 40262647 40288708   26061 2
 635 40290228 40866928  576700 2
 636 40868448 40890088   21640 2
 637 40891608 41029387  137779 2
 638 41030907 41051874   20967 2
 639 41053394 41701048  647654 2
 640 41702568 41726088   23520 2
 641 41726088 41726088       0 2
 642 41726088 41736297   10209 2
 643 41736297 41746242    9945 2
 644 41747762 41870642  122880 2
 645 41872162 41876527    4365 2
 646 41876527 41899616   23089 2
 647 41905032 42124117  219085 4
 648 42124117 42124117       0 2
 649 42124117 42124117       0 2
 650 42124117 42162307   38190 4
 651 42162307 42162307       0 2
 652 42162307 42162307       0 2
 653 42162307 42162307       0 2
 654 42162307 42162307       0 2
 655 42162307 42162307       0 2
 656 42162307 42162307       0 2
 657 42162307 42162307       0 2
 658 42162307 42162307       0 2
 659 42162307 42162307       0 2
 660 42162307 42162307       0 2
 661 42162307 42183890   21583 2
 662 42266715 42270952    4237 1
 663 42270952 42293860   22908 1
 664 42293860 42295977    2117 1
 665 42295977 42300715    4738 1
 666 42300715 42313014   12299 1
 667 42313014 42319575    6561 1
 668 42319575 42319575       0 1
 669 42319575 42323651    4076 1
 670 42323651 42346999   23348 1
 671 42346999 42358128   11129 1
 672 42359933 42384574   24641 1
 673 42399105 42406176    7071 1
 674 42406176 42406176       0 1
 675 42406176 42412013    5837 1
 676 42412013 42412013       0 1
 677 42412013 42412013       0 1
 678 42412013 42412013       0 1
 679 42412013 42414450    2437 1
 680 42414450 42414450       0 1
 681 42414450 42414450       0 1
 682 42414450 42414971     521 1
 683 42414971 42415461     490 1
 684 42415461 42417524    2063 1
 685 42417524 42417524       0 1
 686 42417524 42417524       0 1
 687 42417524 42417524       0 1
 688 42417524 42417524       0 1
 689 42417524 42417524       0 1
 690 42417524 42417524       0 1
 691 42417524 42417524       0 1
 692 42417524 42417919     395 1
 693 42417919 42419610    1691 1
 694 42419610 42419835     225 1
 695 42419835 42423187    3352 1
 696 42423187 42423187       0 1
 697 42423187 42423187       0 1
 698 42423187 42424310    1123 1
 699 42424310 42426120    1810 1
 700 42426120 42426120       0 1
 701 42426120 42427574    1454 1
 702 42427574 42427574       0 1
 703 42427574 42427744     170 1
 704 42427744 42442171   14427 1
 705 42442171 42442171       0 1
 706 42442171 42442171       0 1
 707 42442171 42442171       0 1
 708 42442171 42442171       0 1
 709 42442171 42442171       0 1
 710 42442171 42442171       0 1
 711 42442171 42442171       0 1
 712 42442171 42442171       0 1
 713 42442171 42443122     951 1
 714 42443122 42444792    1670 1
 715 42444792 42466592   21800 1
 716 42483583 42496593   13010 1
 717 42496593 42498917    2324 1
 718 42498917 42506467    7550 1
 719 42506467 42526058   19591 1
 720 42526058 42526058       0 1
 721 42526058 42528210    2152 1
 722 42528210 42557141   28931 1
 723 42557141 42557141       0 1
 724 42557141 42567573   10432 1
 725 42569093 42772289  203196 2
 726 42773809 42858671   84862 4
 727 42858671 42858671       0 1
 728 42858671 42858671       0 1
 729 42858671 42858671       0 1
 730 42858671 42858671       0 1
 731 42858671 42858671       0 1
 732 42858671 42871437   12766 1
 733 42889769 42927862   38093 1
 734 42927862 42927862       0 1
 735 42927862 42927862       0 1
 736 42927862 42927862       0 1
 737 42927862 42927862       0 1
 738 42927862 42927862       0 1
 739 42927862 42927862       0 1
 740 42927862 42927862       0 1
 741 42927862 42927862       0 1
 742 42927862 42927862       0 1
 743 42927862 42927862       0 1
 744 42927862 42936247    8385 1
 745 42936247 42948107   11860 1
 746 42948107 42948839     732 1
 747 42948839 42974832   25993 1
 748 42974832 42999629   24797 4
 749 42999629 42999630       1 1
 750 43001150 43335560  334410 2
 751 43337080 43361143   24063 1
 752 43404324 43413521    9197 1
 753 43413521 43420801    7280 1
 754 43420801 43445116   24315 1
 755 43446636 43610865  164229 2
 756 43612385 43622188    9803 1
 757 43622188 43637975   15787 1
 758 43637975 43662070   24095 1
 759 43662070 43665806    3736 1
 760 43667326 44926195 1258869 2
 761 44927715 44951134   23419 1
 762 44951134 44951994     860 1
 763 44953514 45125468  171954 2
 764 45126988 45130909    3921 1
 765 45130909 45167572   36663 1
 766 45167572 45167573       1 1
 767 45169093 45506535  337442 2
 768 45508055 45550802   42747 1
 769 45552322 45678051  125729 2
 770 45679571 45723082   43511 1
 771 45765515 45792750   27235 1
 772 45794271 45982843  188572 2
 773 45984363 46009873   25510 1
 774 46011393 46260651  249258 2
 775 46283936 46631610  347674 2
 776 46631610 46631611       1 2
 777 46633131 46763954  130823 2
 778 46765474 46772217    6743 2
 779 46772217 46776291    4074 2
 780 46776291 46799806   23515 2
 781 46801326 47473418  672092 2
 782 47474938 47498567   23629 2
 783 47498567 47498567       0 2
 784 47498567 47498567       0 2
 785 47498567 47498567       0 2
 786 47498567 47498940     373 2
 787 47498940 47521638   22698 2
 788 47529530 47553093   23563 2
 789 47622081 47638073   15992 2
 790 47638073 47638073       0 2
 791 47638073 47643654    5581 2
 792 47643654 47666242   22588 2
 793 47722189 48082919  360730 2
 794 48082919 48267415  184496 4
 795 48267415 48267415       0 2
 796 48267415 48267415       0 2
 797 48267415 48267415       0 2
 798 48267415 48267415       0 2
 799 48267415 48267415       0 2
 800 48267415 48267415       0 2
 801 48267415 48267415       0 2
 802 48267415 48267415       0 2
 803 48267415 48267415       0 2
 804 48267415 48267415       0 2
 805 48267415 48267415       0 2
 806 48267415 48267415       0 2
 807 48267415 48267415       0 2
 808 48267415 48278038   10623 2
 809 48278038 48279720    1682 2
 810 48279720 48279720       0 2
 811 48279720 48280340     620 2
 812 48280340 48285953    5613 2
 813 48285953 48319135   33182 2
 814 48319135 48319135       0 1
 815 48319135 48319135       0 1
 816 48319135 48319135       0 1
 817 48319135 48325989    6854 1
 818 48334784 48361018   26234 1
 819 48361018 48364740    3722 1
 820 48375939 48383741    7802 1
 821 48383741 48383741       0 1
 822 48383741 48385880    2139 1
 823 48385880 48386121     241 1
 824 48386121 48386330     209 1
 825 48386330 48387072     742 1
 826 48387072 48391507    4435 1
 827 48391507 48391507       0 1
 828 48391507 48391507       0 1
 829 48391507 48391507       0 1
 830 48391507 48391507       0 1
 831 48391507 48391809     302 1
 832 48391809 48392820    1011 1
 833 48392820 48399393    6573 1
 834 48399393 48399393       0 1
 835 48399393 48399393       0 1
 836 48399393 48399393       0 1
 837 48399393 48399393       0 1
 838 48399393 48399393       0 1
 839 48399393 48399393       0 1
 840 48399393 48399393       0 1
 841 48399393 48399393       0 1
 842 48399393 48399393       0 1
 843 48399393 48399393       0 1
 844 48399393 48399393       0 1
 845 48399393 48399393       0 1
 846 48399393 48399393       0 1
 847 48399393 48403994    4601 1
 848 48403994 48403994       0 1
 849 48403994 48403994       0 1
 850 48403994 48403994       0 1
 851 48403994 48403994       0 1
 852 48403994 48403994       0 1
 853 48403994 48403994       0 1
 854 48403994 48404962     968 1
 855 48404962 48405501     539 1
 856 48405501 48413349    7848 1
 857 48413349 48413349       0 1
 858 48413349 48413791     442 1
 859 48413791 48436989   23198 1
 860 48436989 48450197   13208 1
 861 48460880 48479019   18139 1
 862 48479019 48479019       0 1
 863 48479019 48484961    5942 1
 864 48484961 48503109   18148 1
 865 48503109 48503109       0 1
 866 48503109 48503109       0 1
 867 48503109 48503109       0 1
 868 48503109 48503109       0 1
 869 48503109 48524056   20947 1
 870 48524056 48524056       0 1
 871 48524056 48524337     281 1
 872 48524337 48546391   22054 1
 873 48546391 48556765   10374 1
 874 48558285 48695580  137295 2
 875 48697100 48706678    9578 1
 876 48706678 48764519   57841 1
 877 48764519 48764520       1 1
 878 48789778 48838921   49143 1
 879 48840441 49102571  262130 2
 880 49104092 49557054  452962 4
 881 49558574 49876106  317532 2
 882 49877626 49900073   22447 1
 883 49900073 49900073       0 1
 884 49900073 49918957   18884 1
 885 49918957 49918957       0 1
 886 49918957 49923508    4551 1
 887 49923508 49924779    1271 1
 888 49924779 49927727    2948 1
 889 49927727 49931514    3787 1
 890 49931514 49931950     436 1
 891 49931950 49934742    2792 1
 892 49934742 49934742       0 1
 893 49934742 49945218   10476 1
 894 49945218 49945218       0 1
 895 49945218 49945218       0 1
 896 49945218 49945218       0 1
 897 49945218 49945218       0 1
 898 49945218 49945218       0 1
 899 49945218 49945218       0 1
 900 49945218 49950631    5413 1
 901 49950631 49950631       0 1
 902 49950631 49950631       0 1
 903 49950631 49950631       0 1
 904 49950631 49962047   11416 1
 905 49962047 49962407     360 1
 906 49962407 49966307    3900 1
 907 49966307 49989578   23271 1
 908 49991098 50308332  317234 2
 909 50309852 50406998   97146 1
 910 50406998 50406998       0 1
 911 50406998 50442036   35038 1
 912 50442036 50537250   95214 1
 913 50601812 50624888   23076 1
 914 50626408 50846073  219665 2
 915 50847593 50886330   38737 1
 916 50886330 50886330       0 1
 917 50886330 50886330       0 1
 918 50886330 50886330       0 1
 919 50886330 50886330       0 1
 920 50886330 50886330       0 1
 921 50886330 50886330       0 1
 922 50886330 50886330       0 1
 923 50886330 50886330       0 1
 924 50886330 50886330       0 1
 925 50886330 50886330       0 1
 926 50886330 50886421      91 1
 927 50886421 50909341   22920 1
 928 50910861 51126131  215270 2
 929 51127651 51153781   26130 1
 930 51174026 51187412   13386 1
 931 51187412 51233868   46456 1
 932 51233868 51233869       1 1
 933 51235389 51582176  346787 2
 934 51583696 51589893    6197 1
 935 51589893 51589893       0 1
 936 51589893 51591259    1366 1
 937 51591259 51624342   33083 1
 938 51625862 52302772  676910 2
 939 52390378 52673534  283156 2
 940 52675054 52782606  107552 2
 941 52784126 52808560   24434 2
 942 52808560 52809981    1421 2
 943 52809981 52811377    1396 2
 944 52811377 52811377       0 2
 945 52811377 52820254    8877 2
 946 52820254 52843157   22903 2
 947 52843157 52846702    3545 2
 948 52865534 52869684    4150 2
 949 52897078 52902319    5241 2
 950 52902319 52927303   24984 2
 951 52927303 52930213    2910 2
 952 52930213 53003708   73495 2
 953 53003708 53016104   12396 2
 954 53016104 53031646   15542 2
 955 53031646 53065497   33851 2
 956 53065497 53065498       1 2
 957 53124970 53145758   20788 2
 958 53147278 53240853   93575 2
 959 53242373 53248122    5749 2
 960 53248122 53256101    7979 2
 961 53256101 53262538    6437 2
 962 53295348 53321660   26312 2
 963 53321660 53342702   21042 2
 964 53342702 53346376    3674 2
 965 53346376 53346377       1 2
 966 53346377 53346635     258 2
 967 53348155 53666039  317884 2
 968 53667559 53808484  140925 2
 969 53808484 54047210  238726 2
 970 54047210 54199711  152501 4
 971 54199711 54199711       0 2
 972 54199711 54199711       0 2
 973 54199711 54199711       0 2
 974 54199711 54199711       0 2
 975 54199711 54199711       0 2
 976 54199711 54211747   12036 2
 977 54222658 54223008     350 2
 978 54223008 54232127    9119 2
 979 54232127 54232127       0 2
 980 54232127 54232127       0 2
 981 54232127 54234196    2069 2
 982 54234196 54234530     334 2
 983 54234530 54240291    5761 2
 984 54240291 54240291       0 2
 985 54240291 54243172    2881 2
 986 54243172 54251709    8537 2
 987 54251709 54251709       0 2
 988 54251709 54277586   25877 2
 989 54300310 54333216   32906 2
 990 54363175 54364123     948 1
 991 54364123 54364261     138 1
 992 54364261 54364865     604 1
 993 54364865 54368042    3177 1
 994 54368042 54371634    3592 1
 995 54371634 54371634       0 1
 996 54371634 54375235    3601 1
 997 54375235 54375235       0 1
 998 54375235 54375235       0 1
 999 54375235 54375956     721 1
1000 54375956 54376027      71 1
1001 54376027 54382215    6188 1
1002 54382215 54382215       0 1
1003 54382215 54382215       0 1
1004 54382215 54382215       0 1
1005 54382215 54382215       0 1
1006 54382215 54382215       0 1
1007 54382215 54382215       0 1
1008 54382215 54382215       0 1
1009 54382215 54382215       0 1
1010 54382215 54382215       0 1
1011 54382215 54382215       0 1
1012 54382215 54382730     515 1
1013 54382730 54387431    4701 1
1014 54387431 54387431       0 1
1015 54387431 54388525    1094 1
1016 54388525 54388525       0 1
1017 54388525 54388525       0 1
1018 54388525 54393691    5166 1
1019 54393691 54416294   22603 1
1020 54416294 54425546    9252 1
1021 54432041 54447403   15362 1
1022 54447403 54450380    2977 1
1023 54450380 54458152    7772 1
1024 54458152 54473828   15676 1
1025 54473828 54473828       0 1
1026 54473828 54473828       0 1
1027 54473828 54473828       0 1
1028 54473828 54496602   22774 1
1029 54548296 54573146   24850 1
1030 54573146 54579741    6595 1
1031 54579741 54586860    7119 1
1032 54586860 54586860       0 1
1033 54586860 54586860       0 1
1034 54586860 54586860       0 1
1035 54586860 54601947   15087 1
1036 54601947 54601947       0 1
1037 54601947 54601947       0 1
1038 54601947 54601947       0 1
1039 54601947 54601947       0 1
1040 54601947 54601947       0 1
1041 54601947 54601947       0 1
1042 54601947 54601947       0 1
1043 54601947 54601947       0 1
1044 54601947 54602557     610 1
1045 54602557 54624193   21636 1
1046 54625713 54785107  159394 2
1047 54786627 54807881   21254 1
1048 54807881 54813350    5469 1
1049 54813350 54813350       0 1
1050 54813350 54814904    1554 1
1051 54814904 54837789   22885 1
1052 54837789 54857293   19504 1
1053 54857293 54857293       0 1
1054 54857293 54869376   12083 1
1055 54869376 54869376       0 1
1056 54869376 54869805     429 1
1057 54869805 54894336   24531 1
1058 54894336 54896744    2408 1
1059 54898264 55021642  123378 2
1060 55023162 55025216    2054 1
1061 55025216 55027415    2199 1
1062 55027415 55030357    2942 1
1063 55030357 55030357       0 1
1064 55030357 55052793   22436 1
1065 55052793 55063826   11033 1
1066 55135229 55165591   30362 1
1067 55165847 55168916    3069 1
1068 55168916 55182167   13251 1
1069 55182167 55217403   35236 1
1070 55218923 55608295  389372 2
1071 55609815 55632488   22673 1
1072 55632488 55633310     822 1
1073 55640524 55648357    7833 1
1074 55648357 55648357       0 1
1075 55648357 55664378   16021 1
1076 55664378 55685791   21413 1
1077 55763784 55850583   86799 1
1078 55850583 55850584       1 1
1079 55852104 55970505  118401 2
1080 55972025 56051328   79303 1
1081 56051328 56198106  146778 1
1082 56199626 57225050 1025424 2
1083 57226570 57249724   23154 1
1084 57257443 57266729    9286 1
1085 57266729 57295590   28861 1
1086 57295590 57297401    1811 1
1087 57298921 57541596  242675 2
1088 57543116 57903291  360175 1
1089 57904811 58344871  440060 2
1090 59339635 59386786   47151 2
1091 59386786 59386787       1 2
1092 59445621 59470584   24963 2
1093 59470584 59713816  243232 2
1094 59713816 59752888   39072 2
1095 59752888 59876767  123879 2
1096 59876767 60004329  127562 2
1097 60004329 60160468  156139 4
1098 60160468 60160469       1 2
1099 60178674 60183875    5201 2
1100 60183875 60206719   22844 2
1101 60206719 60207627     908 2
1102 60207627 60225731   18104 2
1103 60225731 60249031   23300 2
1104 60249031 60295578   46547 2
1105 60295578 60317372   21794 2
1106 60406787 60412178    5391 1
1107 60412178 60412178       0 1
1108 60412178 60421907    9729 1
1109 60421907 60436566   14659 1
1110 60436566 60436566       0 1
1111 60436566 60436566       0 1
1112 60436566 60440209    3643 1
1113 60440209 60442833    2624 1
1114 60442833 60444709    1876 1
1115 60444709 60444709       0 1
1116 60444709 60446819    2110 1
1117 60446819 60469411   22592 1
1118 60513224 60564969   51745 4
1119 60564969 60564969       0 1
1120 60564969 60564969       0 1
1121 60564969 60564969       0 1
1122 60564969 60564969       0 1
1123 60564969 60564969       0 1
1124 60564969 60575352   10383 1
1125 60576872 60711120  134248 2
1126 60712640 60712642       2 1
1127 60712642 60712711      69 1
1128 60712711 60734684   21973 1
1129 60793947 60796734    2787 1
1130 60796734 60796734       0 1
1131 60796734 60796734       0 1
1132 60796734 60798190    1456 1
1133 60798190 60811341   13151 1
1134 60811341 60811341       0 1
1135 60811341 60835258   23917 1
1136 60844631 60845057     426 1
1137 60845057 60846782    1725 1
1138 60846782 60846782       0 1
1139 60846782 60851249    4467 1
1140 60851249 60878430   27181 1
1141 60878430 60892817   14387 1
1142 60923432 60944884   21452 1
1143 60944884 60944884       0 1
1144 60944884 60944884       0 1
1145 60944884 60944884       0 1
1146 60944884 60946655    1771 1
1147 60946655 60968631   21976 1
1148 60968631 60986230   17599 1
1149 60986230 60988671    2441 1
1150 60988671 60994681    6010 1
1151 60994681 61018297   23616 1
1152 61018297 61020778    2481 1
1153 61075474 61201474  126000 1
1154 61201474 61551021  349547 1
1155 61551021 61551022       1 1
1156 61552542 61656013  103471 2
1157 61657533 61773736  116203 1
1158 61775256 63299390 1524134 2
1159 63300910 63334865   33955 1
1160 63334865 63342522    7657 1
1161 63342522 63349206    6684 1
1162 63349206 63352544    3338 1
1163 63352544 63361031    8487 1
1164 63361031 63361031       0 1
1165 63361031 63366751    5720 1
1166 63366751 63366751       0 1
1167 63366751 63366751       0 1
1168 63366751 63366751       0 1
1169 63366751 63366912     161 1
1170 63366912 63367236     324 1
1171 63367236 63367804     568 1
1172 63367804 63369638    1834 1
1173 63369638 63369638       0 1
1174 63369638 63373221    3583 1
1175 63373221 63376495    3274 1
1176 63376495 63400294   23799 1
1177 63421902 63454745   32843 1
1178 63521789 63910999  389210 1
1179 63910999 63935002   24003 1
1180 63936522 64386990  450468 2
1181 65464305 65465901    1596 2
1182 65465901 65542003   76102 2
1183 65542003 65566137   24134 2
1184 65566137 65566602     465 2
1185 65568122 65675857  107735 2
1186 65677378 65743656   66278 2
1187 65743656 65743656       0 2
1188 65743656 65853723  110067 2
1189 65853723 65853724       1 2
1190 65857015 65971081  114066 4
1191 65971081 65971081       0 2
1192 65971081 66180097  209016 4
1193 66180097 66180098       1 2
1194 66182526 66205538   23012 2
1195 66244117 66266854   22737 2
1196 66268373 66366729   98356 2
1197 66368250 66384326   16076 2
1198 66384326 66390519    6193 2
1199 66390519 66411700   21181 2
1200 66411700 66411700       0 2
1201 66411700 66434039   22339 2
1202 66434039 66440070    6031 1
1203 66440070 66462443   22373 1
1204 66462443 66463118     675 1
1205 66509288 66545719   36431 4
1206 66545719 66545719       0 1
1207 66545719 66545719       0 1
1208 66545719 66545719       0 1
1209 66545719 66545719       0 1
1210 66545719 66545719       0 1
1211 66545719 66552490    6771 1
1212 66584685 66592299    7614 1
1213 66592299 66601317    9018 1
1214 66601317 66601317       0 1
1215 66601317 66625921   24604 1
1216 66641501 66667790   26289 1
1217 66667790 66667791       1 1
1218 66683850 66687672    3822 1
1219 66687672 66711882   24210 1
1220 66711882 66715634    3752 1
1221 66715634 66722781    7147 1
1222 66722781 66726839    4058 1
1223 66726839 66736696    9857 1
1224 66736696 66736696       0 1
1225 66736696 66773541   36845 1
1226 66773541 66782634    9093 1
1227 66782634 66805028   22394 1
1228 66805028 66812791    7763 1
1229 66812791 66815083    2292 1
1230 66815083 66817073    1990 1
1231 66817073 66850642   33569 1
1232 66850642 66850642       0 1
1233 66850642 66850643       1 1
1234 66850643 66857914    7271 1
1235 66857914 66863736    5822 1
1236 66863736 66863736       0 1
1237 66863736 66863736       0 1
1238 66863736 66863736       0 1
1239 66863736 66867830    4094 1
1240 66867830 66875496    7666 1
1241 66875496 66879984    4488 1
1242 66879984 66881806    1822 1
1243 66881806 66882236     430 1
1244 66882236 66894388   12152 1
1245 66894388 66894388       0 1
1246 66894388 66917361   22973 1
1247 66918882 67223283  304401 2
1248 67224803 67496522  271719 1
1249 67496522 67499459    2937 1
1250 67499459 67506833    7374 1
1251 67506833 67506833       0 1
1252 67506833 67533778   26945 1
1253 67565864 67591632   25768 1
1254 67593152 69502732 1909580 2
1255 69504252 69851973  347721 1
1256 69851973 69867680   15707 1
1257 69867680 69895347   27667 1
1258 69896867 70299545  402678 2
1259 70301065 70323850   22785 1
1260 70323850 70325582    1732 1
1261 70327102 70429109  102007 2
1262 70659947 70838925  178978 2
1263 70864945 70876511   11566 2
1264 70876511 70878101    1590 2
1265 70878101 70901678   23577 2
1266 70901678 70916713   15035 2
1267 70918233 71044958  126725 2
1268 71046478 71051300    4822 2
1269 71051300 71074449   23149 2
1270 71074449 71146373   71924 2
1271 71146373 71325721  179348 2
1272 71325721 71407147   81426 2
1273 71407147 71427424   20277 2
1274 71427424 71601553  174129 4
1275 71601553 71601553       0 2
1276 71601553 71601553       0 2
1277 71601553 71612785   11232 2
1278 71612785 71612785       0 2
1279 71612785 71638520   25735 2
1280 71638520 71638520       0 2
1281 71638520 71638520       0 2
1282 71638520 71638521       1 2
1283 71671856 71694738   22882 2
1284 71694738 71809916  115178 2
1285 71809916 71809932      16 2
1286 71825171 71851548   26377 2
1287 71851548 71851548       0 2
1288 71851548 71859128    7580 2
1289 71859128 71930535   71407 2
1290 71954410 71968016   13606 2
1291 71968016 72037545   69529 4
1292 72037545 72037546       1 2
1293 72037546 72049124   11578 2
1294 72049124 72049125       1 2
1295 72049125 72064294   15169 2
1296 72064294 72075112   10818 2
1297 72075112 72081662    6550 2
1298 72081662 72086061    4399 2
1299 72086061 72088727    2666 2
1300 72088727 72102489   13762 2
1301 72102489 72103197     708 2
1302 72103197 72106681    3484 2
1303 72106681 72106681       0 2
1304 72106681 72110812    4131 2
1305 72110812 72111739     927 2
1306 72111739 72114415    2676 2
1307 72114415 72114415       0 2
1308 72114415 72114415       0 2
1309 72114415 72139607   25192 2
1310 72139607 72139608       1 2
1311 72153556 72157273    3717 2
1312 72157273 72160107    2834 2
1313 72160107 72183522   23415 2
1314 72210032 72237595   27563 2
1315 72237595 72253831   16236 2
1316 72253831 72253831       0 2
1317 72253831 72253831       0 2
1318 72253831 72253831       0 2
1319 72253831 72255050    1219 2
1320 72255050 72255050       0 2
1321 72255050 72255063      13 2
1322 72255063 72255063       0 2
1323 72255063 72256454    1391 2
1324 72256454 72259469    3015 2
1325 72259469 72259469       0 2
1326 72259469 72259469       0 2
1327 72259469 72260617    1148 2
1328 72260617 72260806     189 2
1329 72260806 72261514     708 2
1330 72261514 72288721   27207 2
1331 72288721 72289423     702 2
1332 72290943 72470264  179321 2
1333 72471784 72481407    9623 1
1334 72481407 72481407       0 1
1335 72481407 72481407       0 1
1336 72481407 72487323    5916 1
1337 72487323 72487323       0 1
1338 72487323 72487323       0 1
1339 72487323 72487323       0 1
1340 72487323 72487323       0 1
1341 72487323 72487323       0 1
1342 72487323 72487323       0 1
1343 72487323 72489482    2159 1
1344 72489482 72498482    9000 1
1345 72498482 72507692    9210 1
1346 72507692 72600164   92472 4
1347 72600164 72600164       0 1
1348 72600164 72602389    2225 1
1349 72602389 72609590    7201 1
1350 72609590 72609591       1 1
1351 72609591 72622095   12504 1
1352 72622095 72644582   22487 1
1353 72644582 72647632    3050 1
1354 72680841 72694644   13803 1
1355 72694644 72694644       0 1
1356 72694644 72709214   14570 1
1357 72709214 72709214       0 1
1358 72709214 72718290    9076 1
1359 72718290 72718517     227 1
1360 72718517 72726956    8439 1
1361 72726956 72726956       0 1
1362 72726956 72732332    5376 1
1363 72732332 72736614    4282 1
1364 72737133 72739030    1897 1
1365 72739030 72749094   10064 1
1366 72749094 72749094       0 1
1367 72749094 72749094       0 1
1368 72749094 72749094       0 1
1369 72749094 72750988    1894 1
1370 72750988 72752365    1377 1
1371 72752365 72755919    3554 1
1372 72755919 72761873    5954 1
1373 72761873 72761873       0 1
1374 72761873 72762806     933 1
1375 72762806 72764570    1764 1
1376 72764570 72771097    6527 1
1377 72771097 72771097       0 1
1378 72771097 72771097       0 1
1379 72771097 72803137   32040 1
1380 72803137 72803138       1 1
1381 72827540 72832712    5172 1
1382 72832712 72879175   46463 1
1383 72879175 72901262   22087 1
1384 72902954 73097751  194797 1
1385 73097751 73113471   15720 1
1386 73113471 73117717    4246 1
1387 73117717 73117717       0 1
1388 73117717 73132577   14860 1
1389 73132577 73132577       0 1
1390 73132577 73132577       0 1
1391 73132577 73132577       0 1
1392 73132577 73135388    2811 1
1393 73135388 73135388       0 1
1394 73135388 73139173    3785 1
1395 73139173 73139173       0 1
1396 73139173 73142484    3311 1
1397 73142484 73142484       0 1
1398 73142484 73145659    3175 1
1399 73145659 73149535    3876 1
1400 73149535 73151366    1831 1
1401 73151366 73151366       0 1
1402 73151366 73156180    4814 1
1403 73156180 73156180       0 1
1404 73156180 73156180       0 1
1405 73156180 73157805    1625 1
1406 73157805 73158646     841 1
1407 73158646 73159599     953 1
1408 73159599 73159599       0 1
1409 73159599 73163271    3672 1
1410 73163271 73185358   22087 1
1411 73186878 75364415 2177537 2
1412 75365935 75407081   41146 1
1413 75407081 75407082       1 1
1414 75423311 75439448   16137 1
1415 75439448 75471701   32253 1
1416 75471701 75477047    5346 1
1417 75478567 76471228  992661 2
1418 76548499 76676125  127626 2
1419 76676125 76740481   64356 2
1420 76740481 76855180  114699 2
1421 76855180 76990180  135000 2
1422 76990180 77064253   74073 2
1423 77064253 77155574   91321 2
1424 77155574 77164489    8915 2
1425 77164489 77273465  108976 2
1426 77273465 77282068    8603 2
1427 77282068 77339582   57514 2
1428 77339582 77350629   11047 2
1429 77350629 77368529   17900 2
1430 77368529 77444075   75546 4
1431 77444075 77677694  233619 4
1432 77677694 77677694       0 2
1433 77677694 77677694       0 2
1434 77677694 77770069   92375 2
1435 77854461 78012353  157892 2
1436 78012353 78012353       0 2
1437 78012353 78012353       0 2
1438 78012353 78012353       0 2
1439 78012353 78012353       0 2
1440 78012353 78012353       0 2
1441 78012353 78152262  139909 4
1442 78152262 78152262       0 2
1443 78152262 78152262       0 2
1444 78152262 78152262       0 2
1445 78152262 78153280    1018 2
1446 78153280 78153280       0 2
1447 78153280 78178131   24851 2
1448 78178131 78178232     101 2
1449 78181330 78186843    5513 2
1450 78186843 78191743    4900 2
1451 78191743 78191743       0 2
1452 78191743 78192614     871 2
1453 78192614 78193137     523 2
1454 78193137 78217024   23887 2
1455 78218544 78386830  168286 2
1456 78388350 78408509   20159 2
1457 78408509 78408509       0 2
1458 78408509 78408509       0 2
1459 78408509 78408509       0 2
1460 78408509 78413678    5169 2
1461 78413678 78413678       0 2
1462 78413678 78413678       0 2
1463 78413678 78438580   24902 2
1464 78438580 78438580       0 2
1465 78438580 78438580       0 2
1466 78438580 78438580       0 2
1467 78438580 78441279    2699 2
1468 78441279 78444412    3133 2
1469 78444412 78467245   22833 2
1470 78497455 78622019  124564 4
1471 78622019 78622019       0 1
1472 78622019 78622019       0 1
1473 78622019 78625516    3497 1
1474 78657383 78664336    6953 1
1475 78664336 78686170   21834 1
1476 78686170 78689399    3229 1
1477 78689399 78714867   25468 1
1478 78714867 78734680   19813 1
1479 78734680 78762569   27889 1
1480 78764089 78928832  164743 2
1481 78930352 79192541  262189 1
1482 79192541 79192541       0 1
1483 79192541 79203051   10510 1
1484 79203051 79204725    1674 1
1485 79204725 79204798      73 1
1486 79204798 79204906     108 1
1487 79204906 79204948      42 1
1488 79204948 79211403    6455 1
1489 79211403 79211403       0 1
1490 79211403 79224485   13082 1
1491 79224485 79224485       0 1
1492 79224485 79247108   22623 1
1493 79248628 80130762  882134 2
1494 80132282 80153271   20989 1
1495 80153271 80162219    8948 1
1496 80163739 80415834  252095 2
1497 80417354 80441548   24194 1
1498 80441548 80441548       0 1
1499 80441548 80441548       0 1
1500 80441548 80444236    2688 1
1501 80444236 80466727   22491 1
1502 80466727 80466727       0 1
1503 80466727 80492286   25559 1
1504 80493806 80737365  243559 2
1505 80738885 80753701   14816 1
1506 80753701 80765020   11319 1
1507 80765020 80788028   23008 1
1508 80832377 80858115   25738 1
1509 80858115 80858116       1 1
1510 80859636 81033751  174115 2
1511 81035271 81058862   23591 1
1512 81060382 81269899  209517 2
1513 81271419 81295453   24034 1
1514 81326145 81331286    5141 1
1515 81331286 81331420     134 1
1516 81331420 81354976   23556 1
1517 81356496 81970580  614084 2
1518 81972100 81998509   26409 1
1519 82000029 82513361  513332 2
1520 82900773 82923346   22573 2
1521 82924866 83199297  274431 2
1522 83200817 83332688  131871 4
1523 83332688 83332689       1 2
1524 83332689 83361126   28437 2
1525 83361126 83368339    7213 2
1526 83368339 83378507   10168 2
1527 83378507 83473397   94890 2
1528 83473397 83576769  103372 2
1529 83576769 83636250   59481 2
1530 83638657 83645537    6880 2
1531 83645537 83645537       0 2
1532 83645537 83648357    2820 2
1533 83648357 83670999   22642 2
1534 83721688 83747004   25316 2
1535 83815138 83885039   69901 4
1536 83886559 84110317  223758 2
1537 84111837 84326209  214372 4
1538 84326209 84326209       0 2
1539 84326209 84326209       0 2
1540 84326209 84326209       0 2
1541 84326209 84327025     816 2
1542 84328545 84467706  139161 2
1543 84469226 84569312  100086 4
1544 84569312 84569313       1 1
1545 84580495 84581623    1128 1
1546 84581623 84604452   22829 1
1547 84604452 84620318   15866 1
1548 84620318 84645220   24902 1
1549 84645220 84650568    5348 1
1550 84650568 84674747   24179 1
1551 84674747 84683890    9143 1
1552 84685410 85019509  334099 2
1553 85021029 85100004   78975 1
1554 85100004 85150911   50907 1
1555 85152431 85286743  134312 2
1556 85288263 85313576   25313 1
1557 85313576 85318132    4556 1
1558 85319652 86294549  974897 2
1559 86296069 86299316    3247 1
1560 86299316 86307138    7822 1
1561 86307138 86314876    7738 1
1562 86314876 86319064    4188 1
1563 86319064 86319064       0 1
1564 86319064 86321068    2004 1
1565 86321068 86330790    9722 1
1566 86330790 86330790       0 1
1567 86330790 86353170   22380 1