   0   435508  1237281  801773 4
   1  1238801  1391339  152538 2
   2  1392859  1436420   43561 4
   3  1436420  1436420       0 1
   4  1436420  1436420       0 1
   5  1436420  1436420       0 1
   6  1436420  1436420       0 1
   7  1436420  1436420       0 1
   8  1436420  1436420       0 1
   9  1436420  1436420       0 1
  10  1436420  1436420       0 1
  11  1436420  1436420       0 1
  12  1436420  1436420       0 1
  13  1436420  1436420       0 1
  14  1436420  1436420       0 1
  15  1436420  1440088    3668 1
  16  1440088  1462674   22586 1
  17  1546946  1560823   13877 1
  18  1560823  1570120    9297 1
  19  1570120  1570120       0 1
  20  1570120  1570120       0 1
  21  1570120  1570120       0 1
  22  1570120  1570120       0 1
  23  1570120  1583733   13613 1
  24  1583733  1583733       0 1
  25  1583733  1583733       0 1
  26  1583733  1597431   13698 1
  27  1597431  1600363    2932 1
  28  1600363  1603706    3343 1
  29  1603706  1603706       0 1
  30  1603706  1610782    7076 1
  31  1610782  1610849      67 1
  32  1610849  1617440    6591 1
  33  1617440  1636504   19064 1
  34  1636504  1636504       0 1
  35  1636504  1636504       0 1
  36  1636504  1658782   22278 4
  37  1658782  1658782       0 1
  38  1658782  1658782       0 1
  39  1658782  1658782       0 1
  40  1658782  1658782       0 1
  41  1658782  1658782       0 1
  42  1658782  1658782       0 1
  43  1658782  1658782       0 1
  44  1658782  1658782       0 1
  45  1658782  1658782       0 1
  46  1658782  1658782       0 1
  47  1658782  1658782       0 1
  48  1658782  1658782       0 1
  49  1658782  1658782       0 1
  50  1658782  1670721   11939 1
  51  1670721  1670721       0 1
  52  1670721  1670721       0 1
  53  1670721  1670721       0 1
  54  1670721  1692569   21848 1
  55  1709695  1726871   17176 1
  56  1726871  1727756     885 1
  57  1727756  1732112    4356 1
  58  1732112  1754481   22369 1
  59  1754481  1754481       0 1
  60  1754481  1754481       0 1
  61  1754481  1763582    9101 1
  62  1763582  1765282    1700 1
  63  1765282  1788243   22961 1
  64  1795772  1819589   23817 1
  65  1819589  1833400   13811 1
  66  1833400  1838063    4663 1
  67  1838063  1838063       0 1
  68  1838063  1864925   26862 1
  69  1866445  2165569  299124 2
  70  2167089  2197869   30780 1
  71  2199674  2216642   16968 1
  72  2216642  2243579   26937 1
  73  2245099  2392847  147748 2
  74  2394367  2430420   36053 1
  75  2431940  2547441  115501 2
  76  2548961  2572930   23969 1
  77  2572930  2572931       1 1
  78  2572931  2585883   12952 1
  79  2585883  2599668   13785 1
  80  2599668  2602820    3152 1
  81  2604340  3152889  548549 2
  82  3154409  3157812    3403 1
  83  3157812  3181371   23559 1
  84  3188019  3206712   18693 1
  85  3208232  3457176  248944 2
  86  3458696  3584907  126211 1
  87  3584907  3584908       1 1
  88  3584908  3585377     469 1
  89  3585377  3590381    5004 1
  90  3590381  3662468   72087 1
  91  3686695  3694617    7922 1
  92  3694617  3696285    1668 1
  93  3696285  3719715   23430 1
  94  3721235  4541459  820224 2
  95  4542979  5196525  653546 1
  96  5198045  5795178  597133 2
  97  6033541  6039620    6079 2
  98  6039620  6043579    3959 2
  99  6043579  6066660   23081 2
 100  6068180  6402575  334395 2
 101  6404095  6412710    8615 2
 102  6412710  6412710       0 2
 103  6412710  6412710       0 2
 104  6412710  6435464   22754 2
 105  6435464  6435464       0 2
 106  6435464  6436492    1028 2
 107  6436492  6442881    6389 2
 108  6442881  6442881       0 2
 109  6442881  6442881       0 2
 110  6442881  6452096    9215 2
 111  6452096  6452096       0 2
 112  6452096  6460138    8042 2
 113  6460138  6460139       1 2
 114  6468539  6472610    4071 2
 115  6472610  6494871   22261 2
 116  6496391  7195687  699296 2
 117  7197207  7227137   29930 2
 118  7227137  7227137       0 2
 119  7227137  7227137       0 2
 120  7227137  7249988   22851 2
 121  7249988  7261761   11773 2
 122  7265017  7305912   40895 2
 123  7307432  7440672  133240 2
 124  7442192  7459871   17679 2
 125  7459871  7485960   26089 2
 126  7486364  7530107   43743 2
 127  7530107  7530108       1 2
 128  7530108  7537150    7042 2
 129  7537150  7537452     302 2
 130  7537452  7540899    3447 2
 131  7540899  7552947   12048 2
 132  7552947  7558452    5505 4
 133  7558452  7620133   61681 4
 134  7620133  7620133       0 2
 135  7620133  7620133       0 2
 136  7620133  7620133       0 2
 137  7620133  7620133       0 2
 138  7620133  7620133       0 2
 139  7620133  7620133       0 2
 140  7620133  7621261    1128 2
 141  7621261  7621261       0 2
 142  7621261  7633215   11954 2
 143  7633215  7633215       0 2
 144  7633215  7633215       0 2
 145  7633215  7644057   10842 2
 146  7644057  7644057       0 2
 147  7644057  7667050   22993 2
 148  7673056  7695753   22697 2
 149  7695753  7695753       0 2
 150  7695753  7699520    3767 2
 151  7699520  7711067   11547 2
 152  7711067  7711068       1 2
 153  7711068  7720577    9509 2
 154  7720577  7724024    3447 2
 155  7724024  7746524   22500 2
 156  7746524  7747370     846 2
 157  7747370  7757124    9754 2
 158  7757124  7758829    1705 2
 159  7758829  7760093    1264 2
 160  7760093  7764115    4022 2
 161  7764115  7767487    3372 2
 162  7767487  7767487       0 2
 163  7767487  7767487       0 2
 164  7767487  7768374     887 2
 165  7768374  7778464   10090 2
 166  7778464  7798327   19863 2
 167  7798327  7798327       0 2
 168  7798327  7798327       0 2
 169  7798327  7798327       0 2
 170  7798327  7798327       0 2
 171  7798327  7798328       1 2
 172  7798328  7812688   14360 2
 173  7812688  7812689       1 2
 174  7812689  7812689       0 2
 175  7812689  7812689       0 2
 176  7812689  7823702   11013 2
 177  7823702  7823702       0 2
 178  7823702  7828725    5023 2
 179  7828725  7832372    3647 2
 180  7832372  7832372       0 1
 181  7832372  7861100   28728 1
 182  7862620  8210471  347851 2
 183  8211991  8511247  299256 1
 184  8511247  8518996    7749 1
 185  8520516  8619028   98512 2
 186  8620548  8774056  153508 1
 187  8774056  8796889   22833 1
 188  8796889  8814701   17812 1
 189  8814701  8839198   24497 1
 190  8839198  8858665   19467 1
 191  8858665  8868061    9396 1
 192  8868061  8883279   15218 1
 193  8883279  8911212   27933 1
 194  8912732  9026709  113977 2
 195  9028229  9035503    7274 1
 196  9035503  9039629    4126 1
 197  9039629  9062782   23153 1
 198  9127069  9150091   23022 1
 199  9150091  9156281    6190 1
 200  9156281  9196735   40454 1
 201  9196735  9199599    2864 1
 202  9199599  9210407   10808 1
 203  9210407  9220671   10264 1
 204  9220671  9221203     532 1
 205  9221203  9224166    2963 1
 206  9224166  9235050   10884 1
 207  9235050  9246172   11122 1
 208  9246172  9251926    5754 1
 209  9251926  9251926       0 1
 210  9251926  9259625    7699 1
 211  9259625  9282619   22994 1
 212  9282619  9282619       0 1
 213  9282619  9297942   15323 1
 214  9341278  9355297   14019 1
 215  9355297  9359342    4045 1
 216  9359342  9374353   15011 1
 217  9374353  9383161    8808 1
 218  9383161  9384155     994 1
 219  9384155  9396906   12751 1
 220  9396906  9396906       0 1
 221  9396906  9396906       0 1
 222  9396906  9417742   20836 1
 223  9417742  9417743       1 1
 224  9492774  9508907   16133 1
 225  9508907  9511038    2131 1
 226  9511038  9536186   25148 1
 227  9570027  9585834   15807 1
 228  9585834  9589894    4060 1
 229  9589894  9590334     440 1
 230  9590334  9599491    9157 1
 231  9599491  9599491       0 1
 232  9599491  9622410   22919 1
 233  9623930  9815701  191771 2
 234  9817221  9880409   63188 1
 235  9880409  9911489   31080 1
 236  9913009 10575965  662956 2
 237 10577485 10601810   24325 1
 238 10601810 10604822    3012 1
 239 10604822 11157748  552926 1
 240 11159268 11397223  237955 2
 241 11398743 11421154   22411 1
 242 11421154 11421154       0 1
 243 11421154 11428202    7048 1
 244 11429494 11432235    2741 1
 245 11432235 11457473   25238 1
 246 11458993 11584464  125471 2
 247 11585984 11620391   34407 1
 248 11620391 11620391       0 1
 249 11620391 11620392       1 1
 250 11620392 11626006    5614 1
 251 11626006 11626975     969 1
 252 11628495 11742971  114476 2
 253 11744491 12004155  259664 1
 254 12004155 12199837  195682 2
 255 12199837 12207845    8008 2
 256 12207845 12306085   98240 2
 257 12306085 12414992  108907 2
 258 12432238 12457806   25568 2
 259 12457806 12504426   46620 2
 260 12505946 12606823  100877 2
 261 12608343 12655200   46857 2
 262 12656720 12770869  114149 2
 263 12772389 12808202   35813 2
 264 12808202 12849709   41507 2
 265 12849709 12852366    2657 2
 266 12852366 12857839    5473 2
 267 12857839 12882404   24565 2
 268 12898936 12925396   26460 2
 269 12925396 12934418    9022 2
 270 12934418 12952849   18431 2
 271 12952849 12979275   26426 2
 272 12980795 13267110  286315 2
 273 13268630 13453562  184932 2
 274 13453562 13549148   95586 4
 275 13549148 13549149       1 2
 276 13628001 13645660   17659 2
 277 13645660 13651346    5686 2
 278 13651346 13652257     911 2
 279 13652257 13652669     412 2
 280 13652669 13654064    1395 2
 281 13654064 13657107    3043 2
 282 13657107 13681984   24877 2
 283 13681984 13683045    1061 2
 284 13683045 13683046       1 2
 285 13683046 13687801    4755 2
 286 13687801 13699449   11648 2
 287 13699449 13761890   62441 4
 288 13761890 13761890       0 2
 289 13761890 13761890       0 2
 290 13761890 13761890       0 2
 291 13761890 13801625   39735 2
 292 13801625 13801625       0 2
 293 13801625 13801625       0 2
 294 13801625 13804878    3253 2
 295 13804878 13804878       0 2
 296 13804878 13809787    4909 2
 297 13809787 13832279   22492 2
 298 13833799 14153641  319842 2
 299 14155161 14163042    7881 1
 300 14163042 14163042       0 1
 301 14163042 14184788   21746 1
 302 14184788 14196079   11291 1
 303 14196079 14218832   22753 1
 304 14225884 14227085    1201 1
 305 14227085 14227085       0 1
 306 14227085 14228942    1857 1
 307 14228942 14229126     184 1
 308 14229126 14229553     427 1
 309 14229553 14230927    1374 1
 310 14230927 14237317    6390 1
 311 14237317 14237317       0 1
 312 14237317 14237317       0 1
 313 14237317 14237317       0 1
 314 14237317 14243172    5855 1
 315 14243172 14268712   25540 1
 316 14268712 14268712       0 1
 317 14268712 14268712       0 1
 318 14268712 14268713       1 1
 319 14268713 14271798    3085 1
 320 14273318 14638813  365495 2
 321 14640333 14806841  166508 1
 322 14806841 15021078  214237 1
 323 15021078 15155897  134819 1
 324 15155897 15213185   57288 1
 325 15213185 15238237   25052 1
 326 15239757 15356537  116780 2
 327 15358057 15361821    3764 1
 328 15361821 15384844   23023 1
 329 15384844 15384844       0 1
 330 15384844 15391588    6744 1
 331 15391588 15414237   22649 1
 332 15414237 15425902   11665 1
 333 15427422 16648146 1220724 2
 334 16649666 17111895  462229 1
 335 17111895 17112117     222 1
 336 17112117 17146105   33988 1
 337 17215887 17295418   79531 1
 338 17295418 17295418       0 1
 339 17295418 17295419       1 1
 340 17308840 17321817   12977 1
 341 17321817 17322234     417 1
 342 17322234 17348386   26152 1
 343 17349906 17879487  529581 2
 344 18818661 19079052  260391 2
 345 19079052 19344971  265919 2
 346 19344971 19356629   11658 2
 347 19356629 19750195  393566 4
 348 19750195 19750196       1 2
 349 19800877 20223975  423098 4
 350 20223975 20223975       0 1
 351 20223975 20223975       0 1
 352 20223975 20223975       0 1
 353 20223975 20226425    2450 1
 354 20228886 20244158   15272 1
 355 20245678 20665215  419537 2
 356 20666735 20837855  171120 1
 357 20837855 20877470   39615 1
 358 20877470 20877471       1 1
 359 20914517 20974457   59940 1
 360 20974457 20980247    5790 1
 361 20980247 21067609   87362 1
 362 21069129 21865731  796602 2
 363 21867251 21889845   22594 1
 364 21891365 22687540  796175 2
 365 22689060 23124882  435822 1
 366 23124882 23130707    5825 1
 367 23130707 23164135   33428 1
 368 23164135 23177265   13130 1
 369 23177265 23295849  118584 1
 370 23295849 23307556   11707 1
 371 23307556 23307556       0 1
 372 23307556 23310487    2931 1
 373 23310487 23314067    3580 1
 374 23314067 23337888   23821 1
 375 23337888 23352841   14953 1
 376 23354361 23921545  567184 2
 377 25312374 25604480  292106 4
 378 25604480 25604480       0 2
 379 25604480 25604480       0 2
 380 25604480 25604480       0 2
 381 25604480 25604480       0 2
 382 25604480 25604480       0 2
 383 25604480 25618023   13543 2
 384 25619543 25859349  239806 2
 385 25860869 26199387  338518 4
 386 26199387 26199387       0 1
 387 26199387 26199387       0 1
 388 26199387 26199387       0 1
 389 26199387 26199387       0 1
 390 26199387 26199387       0 1
 391 26199387 26199387       0 1
 392 26199387 26199387       0 1
 393 26199387 26219697   20310 1
 394 26219697 26219697       0 1
 395 26219697 26219697       0 1
 396 26219697 26225553    5856 1
 397 26225553 26225553       0 1
 398 26225553 26225553       0 1
 399 26225553 26225553       0 1
 400 26225553 26247792   22239 1
 401 26247792 26253207    5415 1
 402 26253207 26256159    2952 1
 403 26256159 26262328    6169 1
 404 26262328 26265370    3042 1
 405 26265370 26265755     385 1
 406 26265755 26268546    2791 1
 407 26268546 26270920    2374 1
 408 26270920 26288346   17426 1
 409 26288346 26288346       0 1
 410 26288346 26288346       0 1
 411 26288346 26288346       0 1
 412 26288346 26288346       0 1
 413 26288346 26288346       0 1
 414 26288346 26288346       0 1
 415 26288346 26288346       0 1
 416 26288346 26289661    1315 1
 417 26289661 26302390   12729 1
 418 26302390 26311875    9485 1
 419 26311875 26312672     797 1
 420 26312672 26322562    9890 1
 421 26322562 26322562       0 1
 422 26322562 26322562       0 1
 423 26322562 26322562       0 1
 424 26322562 26347469   24907 1
 425 26392300 26415854   23554 1
 426 26415854 26417351    1497 1
 427 26417351 26425169    7818 1
 428 26430127 26455051   24924 1
 429 26456571 26704702  248131 2
 430 26706222 26819891  113669 1
 431 26819891 26819892       1 1
 432 26819892 26840572   20680 1
 433 26859431 26905455   46024 1
 434 26905455 26932161   26706 4
 435 26949414 27096156  146742 1
 436 27096156 27096157       1 1
 437 27096157 27102166    6009 1
 438 27102166 27120593   18427 1
 439 27120593 27282595  162002 1
 440 27282595 27389728  107133 1
 441 27392611 27453206   60595 1
 442 27453206 27490446   37240 1
 443 27490446 27597277  106831 1
 444 27597277 27614831   17554 1
 445 27614831 27638490   23659 1
 446 27709226 27736385   27159 1
 447 27736385 27754019   17634 1
 448 27754019 27850071   96052 1
 449 27850071 27873341   23270 1
 450 27874861 28771982  897121 2
 451 28773502 28801012   27510 1
 452 28801012 28801013       1 1
 453 28801013 28808470    7457 1
 454 28809990 29059341  249351 2
 455 29060861 29114906   54045 1
 456 29114906 29149602   34696 1
 457 29151122 29323137  172015 2
 458 29324657 29347154   22497 1
 459 29347154 29350775    3621 1
 460 29350775 29359370    8595 1
 461 29360890 29963911  603021 2
 462 30925928 30955046   29118 2
 463 30955046 30981028   25982 2
 464 30982548 31354074  371526 2
 465 31355594 31539072  183478 4
 466 31539072 31539072       0 2
 467 31539072 31539072       0 2
 468 31539072 31539072       0 2
 469 31539072 31539072       0 2
 470 31539072 31539072       0 2
 471 31539072 31539072       0 2
 472 31539072 31539073       1 2
 473 31570969 31593465   22496 2
 474 31616226 31637700   21474 2
 475 31637700 31660544   22844 2
 476 31672808 31701834   29026 2
 477 31701834 31705912    4078 2
 478 31705912 31707306    1394 2
 479 31707306 31730455   23149 2
 480 31772007 31817787   45780 2
 481 31817787 31821220    3433 2
 482 31821220 31851055   29835 2
 483 31892520 31987569   95049 4
 484 31987569 31987570       1 2
 485 31989090 32150095  161005 2
 486 32151615 32188693   37078 1
 487 32188693 32188693       0 1
 488 32188693 32188694       1 1
 489 32188694 32191966    3272 1
 490 32191966 32197194    5228 1
 491 32197194 32197852     658 1
 492 32197852 32214050   16198 1
 493 32214050 32238112   24062 1
 494 32265046 32318917   53871 1
 495 32318917 32318918       1 1
 496 32318918 32324527    5609 1
 497 32345584 32381220   35636 1
 498 32381220 32406542   25322 1
 499 32418244 32452460   34216 1
 500 32452460 32476709   24249 1
 501 32476709 32499075   22366 1
 502 32513707 32531338   17631 1
 503 32531338 32773944  242606 4
 504 32773944 32773945       1 1
 505 32773945 32807757   33812 1
 506 32807757 32873572   65815 1
 507 32873572 32876349    2777 1
 508 32876349 32909407   33058 1
 509 32909407 32917894    8487 1
 510 32917894 32918494     600 1
 511 32918494 32932022   13528 1
 512 32932022 32954295   22273 1
 513 32954295 32956107    1812 1
 514 32956107 32969462   13355 1
 515 32969462 32980424   10962 1
 516 32980424 32986720    6296 1
 517 32986720 32986720       0 1
 518 32986720 32992189    5469 1
 519 32992189 32995017    2828 1
 520 32995017 32995017       0 1
 521 32995017 32995017       0 1
 522 32995017 33000644    5627 1
 523 33000644 33000644       0 1
 524 33000644 33007565    6921 1
 525 33007565 33007565       0 1
 526 33007565 33007566       1 1
 527 33011578 33039439   27861 1
 528 33039439 33052735   13296 1
 529 33079623 33187876  108253 1
 530 33187876 33187877       1 1
 531 33266563 33509566  243003 1
 532 33509566 33530413   20847 1
 533 33530413 33557853   27440 1
 534 33557853 33721100  163247 1
 535 33721100 33906726  185626 1
 536 33906726 34001395   94669 1
 537 34002915 34539202  536287 2
 538 34540722 34563504   22782 1
 539 34565024 34831529  266505 2
 540 34833049 34937769  104720 1
 541 34937769 34937770       1 1
 542 35006661 35039331   32670 1
 543 35039331 35077095   37764 1
 544 35077095 35120143   43048 1
 545 35120143 35335049  214906 1
 546 35335049 35340182    5133 1
 547 35340182 35363318   23136 1
 548 35364838 36005975  641137 2
 549 36319578 36343368   23790 2
 550 36399556 36406528    6972 2
 551 36406528 36412540    6012 2
 552 36412540 36439493   26953 2
 553 36486479 36502276   15797 2
 554 36503797 36650355  146558 2
 555 36651875 36672693   20818 2
 556 36672693 36682714   10021 2
 557 36684234 37511467  827233 2
 558 37512987 37601269   88282 4
 559 37601269 37601269       0 2
 560 37601269 37613265   11996 2
 561 37650452 37678397   27945 2
 562 37678397 37903687  225290 2
 563 37903687 37953563   49876 4
 564 37953563 37953563       0 2
 565 37953563 37953564       1 2
 566 37953564 37965057   11493 2
 567 37965057 37969806    4749 2
 568 37969806 37991756   21950 2
 569 37993276 38120789  127513 2
 570 38122309 38154342   32033 1
 571 38154342 38166209   11867 1
 572 38166209 38170837    4628 1
 573 38174580 38199592   25012 1
 574 38211447 38215654    4207 1
 575 38215654 38215654       0 1
 576 38215654 38219961    4307 1
 577 38219961 38220250     289 1
 578 38220250 38223610    3360 1
 579 38223610 38223610       0 1
 580 38223610 38223610       0 1
 581 38223610 38223610       0 1
 582 38223610 38224687    1077 1
 583 38224687 38224687       0 1
 584 38224687 38226893    2206 1
 585 38226893 38227261     368 1
 586 38227261 38227638     377 1
 587 38227638 38227638       0 1
 588 38227638 38229500    1862 1
 589 38229500 38229500       0 1
 590 38229500 38231799    2299 1
 591 38231799 38231799       0 1
 592 38231799 38231799       0 1
 593 38231799 38231826      27 1
 594 38231826 38232448     622 1
 595 38232448 38232551     103 1
 596 38232551 38234491    1940 1
 597 38234491 38234618     127 1
 598 38234618 38240396    5778 1
 599 38240396 38240396       0 1
 600 38240396 38240396       0 1
 601 38240396 38240396       0 1
 602 38240396 38240396       0 1
 603 38240396 38240396       0 1
 604 38240396 38241121     725 1
 605 38241121 38264024   22903 1
 606 38264024 38264025       1 1
 607 38264025 38264783     758 1
 608 38264783 38264783       0 1
 609 38264783 38266286    1503 1
 610 38266286 38266286       0 1
 611 38266286 38266286       0 1
 612 38266286 38266286       0 1
 613 38266286 38266286       0 1
 614 38266286 38277691   11405 1
 615 38277691 38279194    1503 1
 616 38280714 38425532  144818 2
 617 38427052 38431476    4424 1
 618 38431476 38434933    3457 1
 619 38434933 38442677    7744 1
 620 38442677 38442677       0 1
 621 38442677 38442677       0 1
 622 38442677 38460477   17800 1
 623 38460477 38460477       0 1
 624 38460477 38460477       0 1
 625 38460477 38460477       0 1
 626 38460477 38460477       0 1
 627 38460477 38460477       0 1
 628 38460477 38461067     590 1
 629 38461067 38463810    2743 1
 630 38463810 38463810       0 1
 631 38463810 38463810       0 1
 632 38463810 38463810       0 1
 633 38463810 38463810       0 1
 634 38463810 38467736    3926 1
 635 38467736 38469880    2144 1
 636 38469880 38485940   16060 1
 637 38485940 38485940       0 1
 638 38485940 38485940       0 1
 639 38485940 38485940       0 1
 640 38485940 38487630    1690 1
 641 38487630 38487630       0 1
 642 38487630 38503252   15622 1
 643 38503252 38503252       0 1
 644 38503252 38503252       0 1
 645 38503252 38505829    2577 1
 646 38505829 38508248    2419 1
 647 38508248 38543823   35575 4
 648 38543823 38543824       1 1
 649 38545344 38664945  119601 2
 650 38666465 38670278    3813 1
 651 38670278 38683090   12812 1
 652 38683090 38683090       0 1
 653 38683090 38690265    7175 1
 654 38690265 38694758    4493 1
 655 38694758 38704026    9268 1
 656 38704026 38705884    1858 1
 657 38705884 38711880    5996 1
 658 38711880 38718122    6242 1
 659 38718122 38720860    2738 1
 660 38720860 38722566    1706 1
 661 38722566 38730943    8377 1
 662 38730943 38730943       0 1
 663 38730943 38730943       0 1
 664 38730943 38753032   22089 1
 665 38756061 38781812   25751 1
 666 38781812 38781813       1 1
 667 38781813 38798118   16305 1
 668 38798118 38799397    1279 1
 669 38799397 38810853   11456 1
 670 38810853 38813030    2177 1
 671 38813030 38832132   19102 1
 672 38832132 38896818   64686 4
 673 38896818 38896819       1 1
 674 38943201 38943590     389 1
 675 38943590 38968089   24499 1
 676 38979609 39003177   23568 1
 677 39003177 39003177       0 1
 678 39003177 39027132   23955 1
 679 39027132 39027132       0 1
 680 39027132 39033236    6104 1
 681 39035309 39110706   75397 1
 682 39110706 39143999   33293 1
 683 39145519 39254490  108971 2
 684 39256010 39388524  132514 1
 685 39388524 39424644   36120 1
 686 39432204 39517040   84836 1
 687 39517040 39564675   47635 1
 688 39564675 39611311   46636 1
 689 39612831 40656579 1043748 2
 690 40658099 40681066   22967 1
 691 40682586 41052750  370164 2
 692 41054270 41097528   43258 1
 693 41097528 41102526    4998 1
 694 41102526 41318900  216374 1
 695 41318900 41319618     718 1
 696 41319618 41320348     730 1
 697 41320348 41322256    1908 1
 698 41322256 41322710     454 1
 699 41322710 41325978    3268 1
 700 41325978 41325978       0 1
 701 41325978 41326128     150 1
 702 41326128 41326280     152 1
 703 41326280 41350434   24154 1
 704 41350434 41352257    1823 1
 705 41352257 41352258       1 1
 706 41352258 41356707    4449 1
 707 41358227 41904090  545863 2
 708 41905610 41999268   93658 1
 709 42191644 42212266   20622 2
 710 42213786 42311569   97783 2
 711 42313089 42369343   56254 2
 712 42370863 42502139  131276 2
 713 42503659 42522534   18875 2
 714 42522534 42522588      54 2
 715 42522588 42535396   12808 2
 716 42535396 42535396       0 2
 717 42535396 42540052    4656 2
 718 42540052 42559635   19583 2
 719 42561155 42799749  238594 2
 720 42801269 42825315   24046 2
 721 42826835 43429870  603035 2
 722 43431390 43441773   10383 2
 723 43441773 43441974     201 2
 724 43441974 43454828   12854 2
 725 43454828 43476114   21286 2
 726 43516187 43635074  118887 2
 727 43669298 43806627  137329 2
 728 43806627 43896536   89909 4
 729 43896536 43948731   52195 4
 730 43948731 43948731       0 2
 731 43948731 43948731       0 2
 732 43948731 43948731       0 2
 733 43948731 43948731       0 2
 734 43948731 43948731       0 2
 735 43948731 43948731       0 2
 736 43948731 43948731       0 2
 737 43948731 43948731       0 2
 738 43948731 43948731       0 2
 739 43948731 43948731       0 2
 740 43948731 43948731       0 2
 741 43948731 43970522   21791 2
 742 43970522 43970522       0 2
 743 43970522 43974899    4377 2
 744 43974899 43974899       0 2
 745 43974899 43982492    7593 2
 746 43988082 44010367   22285 2
 747 44010367 44021661   11294 2
 748 44021661 44044035   22374 2
 749 44044035 44047642    3607 2
 750 44047642 44051555    3913 2
 751 44051555 44057064    5509 2
 752 44057064 44081803   24739 2
 753 44081803 44084113    2310 2
 754 44084113 44106838   22725 2
 755 44106838 44106838       0 1
 756 44106838 44106838       0 1
 757 44106838 44110021    3183 1
 758 44110021 44110021       0 1
 759 44110021 44110045      24 1
 760 44110045 44125549   15504 1
 761 44125549 44125549       0 1
 762 44125549 44125549       0 1
 763 44125549 44150684   25135 1
 764 44150936 44175442   24506 1
 765 44189826 44194298    4472 1
 766 44194298 44199765    5467 1
 767 44199765 44199765       0 1
 768 44199765 44199765       0 1
 769 44199765 44202265    2500 1
 770 44202265 44204087    1822 1
 771 44204087 44206677    2590 1
 772 44206677 44206677       0 1
 773 44206677 44206677       0 1
 774 44206677 44206677       0 1
 775 44206677 44207468     791 1
 776 44207468 44207468       0 1
 777 44207468 44207468       0 1
 778 44207468 44207468       0 1
 779 44207468 44207488      20 1
 780 44207488 44207564      76 1
 781 44207564 44208725    1161 1
 782 44208725 44208811      86 1
 783 44208811 44209812    1001 1
 784 44209812 44209812       0 1
 785 44209812 44210395     583 1
 786 44210395 44212794    2399 1
 787 44212794 44212794       0 1
 788 44212794 44217251    4457 1
 789 44217251 44217251       0 1
 790 44217251 44217251       0 1
 791 44217251 44217842     591 1
 792 44217842 44217842       0 1
 793 44217842 44239429   21587 1
 794 44239429 44239430       1 1
 795 44239430 44241195    1765 1
 796 44241195 44241195       0 1
 797 44241195 44241195       0 1
 798 44241195 44244060    2865 1
 799 44244060 44244061       1 1
 800 44244061 44249841    5780 1
 801 44249841 44249842       1 1
 802 44249842 44254619    4777 1
 803 44254619 44254619       0 1
 804 44254619 44256290    1671 1
 805 44256290 44256291       1 1
 806 44276027 44290093   14066 1
 807 44290093 44292538    2445 1
 808 44292538 44295730    3192 1
 809 44295730 44297444    1714 1
 810 44297444 44316368   18924 1
 811 44316368 44316368       0 1
 812 44316368 44320702    4334 1
 813 44320702 44320702       0 1
 814 44320702 44320702       0 1
 815 44320702 44321391     689 1
 816 44321391 44345680   24289 1
 817 44345680 44369781   24101 1
 818 44371301 44668785  297484 2
 819 44670305 44915722  245417 4
 820 44915722 45091019  175297 4
 821 45091019 45091019       0 1
 822 45091019 45103129   12110 1
 823 45104649 45793753  689104 2
 824 45795273 45907693  112420 1
 825 45909213 46748080  838867 2
 826 46749600 46751254    1654 1
 827 46751254 46777178   25924 1
 828 46784931 46809584   24653 1
 829 46809584 46809584       0 1
 830 46809584 46809584       0 1
 831 46809584 46824166   14582 1
 832 46824166 46824167       1 1
 833 46824167 46824167       0 1
 834 46824167 46824167       0 1
 835 46824167 46827099    2932 1
 836 46827099 46850685   23586 1
 837 46884812 46907669   22857 1
 838 46907669 46907669       0 1
 839 46907669 46925463   17794 1
 840 46925463 46928341    2878 1
 841 46928341 46937079    8738 1
 842 46937079 46937721     642 1
 843 46937721 46959914   22193 1
 844 46959914 46983671   23757 1
 845 46984835 46991193    6358 1
 846 46991193 47015530   24337 1
 847 47017050 47298149  281099 2
 848 47299669 47341398   41729 1
 849 47342918 47454160  111242 2
 850 47455680 47456306     626 1
 851 47456306 47566260  109954 1
 852 47574355 47580740    6385 1
 853 47580740 47606835   26095 1
 854 47608355 47984517  376162 2
 855 47986037 47986962     925 1
 856 47986962 47990822    3860 1
 857 47990822 48014889   24067 1
 858 48038493 48061314   22821 1
 859 48061314 48067506    6192 1
 860 48067506 48072428    4922 1
 861 48072428 48074681    2253 1
 862 48074681 48098066   23385 1
 863 48437001 48460078   23077 2
 864 48460078 48464359    4281 2
 865 48464359 48489179   24820 2
 866 48489179 48489826     647 2
 867 48489826 48498616    8790 2
 868 48498616 48522636   24020 2
 869 48522636 48534129   11493 2
 870 48534129 48537167    3038 2
 871 48537167 48564446   27279 2
 872 48583619 48594428   10809 2
 873 48618106 48641858   23752 2
 874 48641858 48641858       0 2
 875 48641858 48647400    5542 2
 876 48647400 48647400       0 2
 877 48647400 48647400       0 2
 878 48647400 48694287   46887 2
 879 48694287 48705684   11397 2
 880 48705684 48733558   27874 2
 881 48733558 48733559       1 2
 882 48735079 49169638  434559 2
 883 49171158 49194103   22945 2
 884 49194103 49200282    6179 2
 885 49200282 49224713   24431 2
 886 49290360 49307733   17373 2
 887 49307733 49309577    1844 2
 888 49309577 49333740   24163 2
 889 49342363 49366410   24047 2
 890 49366410 49386309   19899 2
 891 49386309 49403164   16855 2
 892 49403164 49580973  177809 2
 893 49580973 49871519  290546 2
 894 49871519 50059669  188150 4
 895 50059669 50059669       0 2
 896 50059669 50059669       0 2
 897 50059669 50059669       0 2
 898 50059669 50059669       0 2
 899 50059669 50059669       0 2
 900 50059669 50059669       0 2
 901 50059669 50059669       0 2
 902 50059669 50059669       0 2
 903 50059669 50059669       0 2
 904 50059669 50070371   10702 2
 905 50070371 50070622     251 2
 906 50070622 50070888     266 2
 907 50070888 50091732   20844 2
 908 50091732 50114365   22633 2
 909 50126387 50152580   26193 1
 910 50168096 50175914    7818 1
 911 50175914 50175914       0 1
 912 50175914 50177100    1186 1
 913 50177100 50177100       0 1
 914 50177100 50177796     696 1
 915 50177796 50178052     256 1
 916 50178052 50179549    1497 1
 917 50179549 50181844    2295 1
 918 50181844 50181844       0 1
 919 50181844 50182226     382 1
 920 50182226 50183969    1743 1
 921 50183969 50183969       0 1
 922 50183969 50183969       0 1
 923 50183969 50184353     384 1
 924 50184353 50187648    3295 1
 925 50187648 50187648       0 1
 926 50187648 50187648       0 1
 927 50187648 50187648       0 1
 928 50187648 50187648       0 1
 929 50187648 50187648       0 1
 930 50187648 50187648       0 1
 931 50187648 50187648       0 1
 932 50187648 50187648       0 1
 933 50187648 50187708      60 1
 934 50187708 50188241     533 1
 935 50188241 50196751    8510 1
 936 50196751 50196751       0 1
 937 50196751 50196751       0 1
 938 50196751 50196751       0 1
 939 50196751 50196751       0 1
 940 50196751 50196751       0 1
 941 50196751 50196751       0 1
 942 50196751 50196751       0 1
 943 50196751 50196751       0 1
 944 50196751 50196751       0 1
 945 50196751 50196751       0 1
 946 50196751 50218806   22055 1
 947 50218806 50218806       0 1
 948 50218806 50218806       0 1
 949 50218806 50218806       0 1
 950 50218806 50218806       0 1
 951 50218806 50218806       0 1
 952 50218806 50240170   21364 1
 953 50250176 50266020   15844 1
 954 50266020 50268521    2501 1
 955 50268521 50275360    6839 1
 956 50275360 50282115    6755 1
 957 50282115 50286176    4061 1
 958 50286176 50286176       0 1
 959 50286176 50290872    4696 1
 960 50290872 50313616   22744 1
 961 50313616 50315141    1525 1
 962 50315141 50336996   21855 1
 963 50336996 50337351     355 1
 964 50413461 50422939    9478 1
 965 50422939 50422939       0 1
 966 50422939 50424360    1421 1
 967 50424360 50429651    5291 1
 968 50429651 50429805     154 1
 969 50429805 50449240   19435 1
 970 50449240 50449240       0 1
 971 50449240 50449240       0 1
 972 50449240 50449240       0 1
 973 50449240 50449240       0 1
 974 50449240 50449240       0 1
 975 50449240 50450984    1744 1
 976 50450984 50474461   23477 1
 977 50474461 50481791    7330 1
 978 50481791 50483240    1449 1
 979 50483240 50487640    4400 1
 980 50487640 50513972   26332 1
 981 50513972 50513973       1 1
 982 50518614 50519555     941 1
 983 50519555 50550718   31163 1
 984 50550718 50550719       1 1
 985 50572563 50595156   22593 1
 986 50595156 50599786    4630 1
 987 50623912 50623973      61 1
 988 50623973 50628245    4272 1
 989 50628245 50628245       0 1
 990 50628245 50651886   23641 1
 991 50651886 50651887       1 1
 992 50653407 51633779  980372 2
 993 51635299 51641833    6534 1
 994 51641833 51730754   88921 1
 995 51730754 51970005  239251 1
 996 51970005 52072058  102053 1
 997 52072058 52151660   79602 1
 998 52151660 52503059  351399 1
 999 52503059 52610291  107232 1
1000 52610291 52620226    9935 1
1001 52620226 52620226       0 1
1002 52620226 52620226       0 1
1003 52620226 52620226       0 1
1004 52620226 52620364     138 1
1005 52620364 52627081    6717 1
1006 52627081 52627081       0 1
1007 52627081 52627081       0 1
1008 52627081 52627081       0 1
1009 52627081 52628070     989 1
1010 52628070 52628983     913 1
1011 52628983 52633018    4035 1
1012 52633018 52633018       0 1
1013 52633018 52633018       0 1
1014 52633018 52633018       0 1
1015 52633018 52633018       0 1
1016 52633018 52646148   13130 1
1017 52646148 52646148       0 1
1018 52646148 52646148       0 1
1019 52646148 52646148       0 1
1020 52646148 52646148       0 1
1021 52646148 52646148       0 1
1022 52646148 52646148       0 1
1023 52646148 52646148       0 1
1024 52646148 52652781    6633 1
1025 52652781 52652959     178 1
1026 52652959 52653832     873 1
1027 52653832 52657679    3847 1
1028 52657679 52657679       0 1
1029 52657679 52658118     439 1
1030 52658118 52662061    3943 1
1031 52662061 52663707    1646 1
1032 52663707 52666118    2411 1
1033 52666118 52689559   23441 1
1034 52689559 52689560       1 1
1035 52691080 52992360  301280 2
1036 52993880 52997122    3242 1
1037 52997122 53003816    6694 1
1038 53003816 53003816       0 1
1039 53003816 53003816       0 1
1040 53003816 53006590    2774 1
1041 53006590 53008217    1627 1
1042 53008217 53031264   23047 1
1043 53032784 53373902  341118 2
1044 53375422 53381060    5638 1
1045 53381060 53381060       0 1
1046 53381060 53384754    3694 1
1047 53384754 53411295   26541 1
1048 53412815 54132232  719417 2
1049 54176284 54426583  250299 2
1050 54426583 54438177   11594 2
1051 54439697 54624797  185100 2
1052 54626317 54683300   56983 2
1053 54716478 54744976   28498 2
1054 54744976 54749438    4462 2
1055 54749438 54775353   25915 2
1056 54783606 54818694   35088 2
1057 54818694 54841877   23183 2
1058 54841877 54863009   21132 2
1059 54930705 54946868   16163 2
1060 54946868 54971923   25055 2
1061 54971923 55006330   34407 2
1062 55006330 55013473    7143 2
1063 55013473 55105319   91846 2
1064 55105319 55151258   45939 2
1065 55151258 55488560  337302 2
1066 55488560 55610441  121881 2
1067 55610441 55832387  221946 2
1068 55832387 55991280  158893 4
1069 55991280 55991280       0 2
1070 55991280 55991280       0 2
1071 55991280 55991280       0 2
1072 55991280 55991280       0 2
1073 55991280 56003738   12458 2
1074 56012756 56034224   21468 2
1075 56034224 56034224       0 2
1076 56034224 56034224       0 2
1077 56034224 56034224       0 2
1078 56034224 56034224       0 2
1079 56034224 56040679    6455 2
1080 56040679 56043358    2679 2
1081 56043358 56066014   22656 2
1082 56091618 56110091   18473 2
1083 56110091 56132245   22154 2
1084 56164230 56169692    5462 1
1085 56169692 56171513    1821 1
1086 56171513 56171513       0 1
1087 56171513 56172730    1217 1
1088 56172730 56173843    1113 1
1089 56173843 56173843       0 1
1090 56173843 56174930    1087 1
1091 56174930 56176393    1463 1
1092 56176393 56182098    5705 1
1093 56182098 56182098       0 1
1094 56182098 56182098       0 1
1095 56182098 56210904   28806 1
1096 56210904 56217845    6941 1
1097 56222041 56236773   14732 1
1098 56236773 56238081    1308 1
1099 56238081 56247839    9758 1
1100 56247839 56256805    8966 1
1101 56256805 56257816    1011 1
1102 56257816 56280190   22374 1
1103 56280190 56281473    1283 1
1104 56281473 56285882    4409 1
1105 56338723 56353592   14869 1
1106 56353592 56390234   36642 4
1107 56390234 56390234       0 1
1108 56390234 56390234       0 1
1109 56390234 56390234       0 1
1110 56390234 56390234       0 1
1111 56390234 56390234       0 1
1112 56390234 56400928   10694 1
1113 56402448 56556113  153665 2
1114 56557633 56561384    3751 1
1115 56561384 56561384       0 1
1116 56561384 56564719    3335 1
1117 56564719 56564767      48 1
1118 56564767 56565907    1140 1
1119 56565907 56570669    4762 1
1120 56570669 56570669       0 1
1121 56570669 56578753    8084 1
1122 56578753 56580634    1881 1
1123 56580634 56580634       0 1
1124 56580634 56600016   19382 1
1125 56600016 56600016       0 1
1126 56600016 56605348    5332 1
1127 56605348 56611987    6639 1
1128 56611987 56634517   22530 1
1129 56634517 56640358    5841 1
1130 56651499 56669375   17876 1
1131 56669375 56683993   14618 1
1132 56683993 56693497    9504 1
1133 56705992 56707375    1383 1
1134 56707375 56708105     730 1
1135 56708105 56713351    5246 1
1136 56713351 56713351       0 1
1137 56713351 56726176   12825 1
1138 56726176 56726211      35 1
1139 56726211 56740934   14723 1
1140 56740934 56740934       0 1
1141 56740934 56759488   18554 1
1142 56759488 56782864   23376 1
1143 56782864 56782864       0 1
1144 56782864 56791714    8850 1
1145 56793234 56978215  184981 2
1146 56979735 56991084   11349 1
1147 56991084 57015425   24341 1
1148 57079079 57089775   10696 1
1149 57089775 57124223   34448 1
1150 57124223 57125849    1626 1
1151 57185324 57215368   30044 1
1152 57216888 57333326  116438 2
1153 57334846 57354797   19951 1
1154 57354797 57354797       0 1
1155 57354797 57364147    9350 1
1156 57364147 57386707   22560 1
1157 57386707 57399592   12885 1
1158 57399592 57407457    7865 1
1159 57407457 57407823     366 1
1160 57407823 57409305    1482 1
1161 57409305 57410301     996 1
1162 57410301 57411301    1000 1
1163 57411301 57434763   23462 1
1164 57434763 57437362    2599 1
1165 57472181 57501179   28998 1
1166 57578428 57600802   22374 1
1167 57626112 57651687   25575 1
1168 57651687 57651688       1 1
1169 57658834 57661787    2953 1
1170 57661787 57684955   23168 1
1171 57686475 59054420 1367945 2
1172 59055940 59058586    2646 1
1173 59058586 59087208   28622 1
1174 59087208 59089216    2008 1
1175 59089216 59089217       1 1
1176 59089217 59105748   16531 1
1177 59105748 59118741   12993 1
1178 59120261 59236602  116341 2
1179 59238122 59269876   31754 1
1180 59332345 59708119  375774 1
1181 59709639 60174296  464657 2
1182 60921834 60997112   75278 2
1183 61023579 61391689  368110 2
1184 61391689 61391690       1 2
1185 61396013 61410076   14063 2
1186 61410076 61471231   61155 2
1187 61471231 61471232       1 2
1188 61471232 61481540   10308 2
1189 61481540 61500233   18693 2
1190 61500233 61541861   41628 2
1191 61541861 61744800  202939 2
1192 61744800 61790354   45554 2
1193 61790354 62011205  220851 4
1194 62011205 62011206       1 2
1195 62011206 62016762    5556 2
1196 62016762 62017826    1064 2
1197 62017826 62017826       0 2
1198 62017826 62062486   44660 2
1199 62062486 62062487       1 2
1200 62064007 62196457  132450 2
1201 62197977 62222956   24979 2
1202 62222956 62222956       0 1
1203 62222956 62222956       0 1
1204 62222956 62222956       0 1
1205 62222956 62222956       0 1
1206 62222956 62222956       0 1
1207 62222956 62222956       0 1
1208 62222956 62226520    3564 1
1209 62226520 62226520       0 1
1210 62226520 62226520       0 1
1211 62226520 62236505    9985 1
1212 62236505 62236505       0 1
1213 62236505 62258518   22013 1
1214 62258518 62258518       0 1
1215 62258518 62258518       0 1
1216 62258518 62258518       0 1
1217 62258518 62276315   17797 1
1218 62308507 62358607   50100 4
1219 62358607 62358607       0 1
1220 62358607 62358607       0 1
1221 62358607 62358607       0 1
1222 62358607 62358607       0 1
1223 62358607 62358607       0 1
1224 62358607 62364618    6011 1
1225 62366138 62488182  122044 2
1226 62489702 62509190   19488 1
1227 62509190 62509190       0 1
1228 62509190 62531950   22760 1
1229 62531950 62534237    2287 1
1230 62570204 62586294   16090 1
1231 62586294 62586294       0 1
1232 62586294 62586294       0 1
1233 62586294 62590165    3871 1
1234 62590165 62590165       0 1
1235 62590165 62590165       0 1
1236 62590165 62591329    1164 1
1237 62591329 62594309    2980 1
1238 62594309 62613926   19617 1
1239 62628569 62631119    2550 1
1240 62631119 62631119       0 1
1241 62631119 62637414    6295 1
1242 62637414 62637414       0 1
1243 62637414 62640207    2793 1
1244 62640207 62640207       0 1
1245 62640207 62640592     385 1
1246 62640592 62651690   11098 1
1247 62651690 62651690       0 1
1248 62651690 62675559   23869 1
1249 62675559 62681187    5628 1
1250 62693295 62699404    6109 1
1251 62699404 62702616    3212 1
1252 62702616 62702616       0 1
1253 62702616 62730297   27681 1
1254 62730297 62769970   39673 1
1255 62844952 62992666  147714 1
1256 62992666 63365583  372917 1
1257 63365583 63540284  174701 1
1258 63541804 65126149 1584345 2
1259 65127669 65129710    2041 1
1260 65129710 65134396    4686 1
1261 65134396 65140872    6476 1
1262 65140872 65144584    3712 1
1263 65144584 65153413    8829 1
1264 65153413 65153413       0 1
1265 65153413 65156756    3343 1
1266 65156756 65156756       0 1
1267 65156756 65156756       0 1
1268 65156756 65165969    9213 1
1269 65165969 65165969       0 1
1270 65165969 65165969       0 1
1271 65165969 65165969       0 1
1272 65165969 65165969       0 1
1273 65165969 65165969       0 1
1274 65165969 65165969       0 1
1275 65165969 65188934   22965 1
1276 65188934 65192435    3501 1
1277 65213358 65247028   33670 1
1278 65318251 65702865  384614 1
1279 65702865 65702865       0 1
1280 65702865 65708281    5416 1
1281 65708281 65731602   23321 1
1282 65733122 65949905  216783 2
1283 65951425 65977013   25588 1
1284 66019558 66047541   27983 1
1285 66049061 66216360  167299 2
1286 66521475 66543638   22163 2
1287 66545159 67140207  595048 2
1288 67141727 67185770   44043 2
1289 67185770 67233684   47914 2
1290 67233684 67284119   50435 2
1291 67284119 67284120       1 2
1292 67291546 67302205   10659 2
1293 67302205 67453635  151430 2
1294 67453635 67589602  135967 4
1295 67589602 67589602       0 2
1296 67589602 67589602       0 2
1297 67589602 67590715    1113 2
1298 67624857 67649240   24383 2
1299 67660141 67718261   58120 2
1300 67764125 67989598  225473 4
1301 67989598 67989599       1 2
1302 68016605 68036127   19522 2
1303 68036127 68044184    8057 2
1304 68044184 68076316   32132 2
1305 68076316 68076317       1 2
1306 68080726 68085202    4476 2
1307 68085202 68085202       0 2
1308 68085202 68086299    1097 2
1309 68086299 68104156   17857 2
1310 68146625 68170407   23782 2
1311 68182071 68247210   65139 2
1312 68247210 68247211       1 2
1313 68303708 68307263    3555 1
1314 68307263 68335496   28233 4
1315 68335496 68335496       0 1
1316 68335496 68335496       0 1
1317 68335496 68335496       0 1
1318 68335496 68335496       0 1
1319 68335496 68345420    9924 1
1320 68378940 68386591    7651 1
1321 68386591 68395225    8634 1
1322 68395225 68417668   22443 1
1323 68417668 68417669       1 1
1324 68417946 68431192   13246 1
1325 68431192 68439426    8234 1
1326 68439426 68461101   21675 1
1327 68475549 68493489   17940 1
1328 68493489 68512240   18751 1
1329 68512240 68512240       0 1
1330 68512240 68512240       0 1
1331 68512240 68526272   14032 1
1332 68526272 68526272       0 1
1333 68526272 68536653   10381 1
1334 68536653 68536653       0 1
1335 68536653 68536653       0 1
1336 68536653 68537354     701 1
1337 68537354 68558070   20716 1
1338 68558070 68558070       0 1
1339 68558070 68563875    5805 1
1340 68563875 68563875       0 1
1341 68563875 68564432     557 1
1342 68564432 68566011    1579 1
1343 68566011 68568130    2119 1
1344 68568130 68591897   23767 1
1345 68591897 68591897       0 1
1346 68591897 68591897       0 1
1347 68591897 68591897       0 1
1348 68591897 68593031    1134 1
1349 68593031 68595511    2480 1
1350 68595511 68603815    8304 1
1351 68603815 68628945   25130 1
1352 68628945 68631563    2618 1
1353 68635549 68649540   13991 1
1354 68649540 68673110   23570 1
1355 68673110 68673754     644 1
1356 68673754 68680609    6855 1
1357 68680609 68690002    9393 1
1358 68690002 68691778    1776 1
1359 68691778 68696513    4735 1
1360 68696513 68708616   12103 1
1361 68708616 68710911    2295 1
1362 68710911 68710911       0 1
1363 68710911 68710911       0 1
1364 68710911 68716456    5545 1
1365 68716456 68716456       0 1
1366 68716456 68716456       0 1
1367 68716456 68716456       0 1
1368 68716456 68716456       0 1
1369 68716456 68716456       0 1
1370 68716456 68716456       0 1
1371 68716456 68720041    3585 1
1372 68720041 68742761   22720 1
1373 68742761 68747273    4512 1
1374 68748793 69033951  285158 2
1375 69035471 69084254   48783 1
1376 69084254 69084254       0 1
1377 69084254 69093849    9595 1
1378 69095369 71250065 2154696 2
1379 71251585 71262392   10807 1
1380 71262392 71287831   25439 1
1381 71287831 71290474    2643 1
1382 71290474 71644111  353637 1
1383 71644111 71667428   23317 1
1384 71667428 71667429       1 1
1385 71668949 72258516  589567 2
1386 72587911 72683011   95100 2
1387 72683011 72683012       1 2
1388 72696655 72729897   33242 2
1389 72729897 72729898       1 2
1390 72731418 72861264  129846 2
1391 72862784 72880388   17604 2
1392 72880388 72957265   76877 2
1393 72957265 72987112   29847 2
1394 72987112 73056182   69070 2
1395 73056182 73056183       1 2
1396 73057703 73176893  119190 2
1397 73178413 73455080  276667 4
1398 73455080 73455080       0 2
1399 73455080 73462518    7438 2
1400 73486454 73510587   24133 2
1401 73510587 73515161    4574 2
1402 73515161 73519383    4222 2
1403 73519383 73519383       0 2
1404 73519383 73519383       0 2
1405 73519383 73538534   19151 2
1406 73538534 73538534       0 2
1407 73538534 73538534       0 2
1408 73538534 73538534       0 2
1409 73538534 73538534       0 2
1410 73538534 73538534       0 2
1411 73538534 73538534       0 2
1412 73538534 73538534       0 2
1413 73538534 73539950    1416 2
1414 73539950 73551375   11425 2
1415 73551375 73575984   24609 2
1416 73575984 73581863    5879 2
1417 73581863 73591242    9379 2
1418 73591242 73592712    1470 2
1419 73592712 73593519     807 2
1420 73593519 73614791   21272 2
1421 73614791 73632485   17694 2
1422 73632485 73713721   81236 2
1423 73713721 73713721       0 2
1424 73713721 73713721       0 2
1425 73713721 73725191   11470 2
1426 73725191 73738005   12814 2
1427 73738005 73773812   35807 2
1428 73773812 73840652   66840 4
1429 73840652 73840652       0 2
1430 73840652 73840652       0 2
1431 73840652 73853300   12648 2
1432 73853300 73853722     422 2
1433 73853722 73891479   37757 2
1434 73891479 73894869    3390 2
1435 73902499 73921961   19462 2
1436 73921961 73988286   66325 2
1437 73988286 73991832    3546 2
1438 73991832 74003402   11570 2
1439 74003402 74003402       0 2
1440 74003402 74013421   10019 2
1441 74013421 74013421       0 2
1442 74013421 74013421       0 2
1443 74013421 74013421       0 2
1444 74013421 74016624    3203 2
1445 74016624 74039659   23035 2
1446 74039659 74042945    3286 2
1447 74044465 74249939  205474 2
1448 74251459 74256288    4829 2
1449 74256288 74256288       0 2
1450 74256288 74261368    5080 2
1451 74261368 74266500    5132 2
1452 74266500 74266500       0 2
1453 74266500 74266500       0 2
1454 74266500 74268978    2478 2
1455 74268978 74273457    4479 2
1456 74273457 74273457       0 2
1457 74273457 74273457       0 2
1458 74273457 74273457       0 2
1459 74273457 74273457       0 2
1460 74273457 74273688     231 2
1461 74273688 74274620     932 2
1462 74274620 74276998    2378 2
1463 74276998 74276998       0 2
1464 74276998 74281538    4540 2
1465 74281538 74303725   22187 2
1466 74303725 74303993     268 1
1467 74303993 74393837   89844 4
1468 74393837 74393837       0 1
1469 74393837 74396963    3126 1
1470 74396963 74403443    6480 1
1471 74403443 74403444       1 1
1472 74403444 74414501   11057 1
1473 74414501 74437006   22505 1
1474 74437006 74438048    1042 1
1475 74472969 74473440     471 1
1476 74473440 74495256   21816 1
1477 74495256 74503143    7887 1
1478 74503143 74508469    5326 1
1479 74508469 74519096   10627 1
1480 74519096 74528675    9579 1
1481 74528675 74531403    2728 1
1482 74531403 74546498   15095 1
1483 74546498 74546498       0 1
1484 74546498 74546498       0 1
1485 74546498 74546498       0 1
1486 74546498 74550514    4016 1
1487 74550514 74561423   10909 1
1488 74561423 74562840    1417 1
1489 74562840 74572791    9951 1
1490 74572791 74572791       0 1
1491 74572791 74575359    2568 1
1492 74575359 74594706   19347 1
1493 74594706 74604712   10006 1
1494 74604712 74608248    3536 1
1495 74608248 74630225   21977 1
1496 74630225 74667384   37159 1
1497 74667384 74667385       1 1
1498 74698313 74721353   23040 1
1499 74721353 74721354       1 1
1500 74727762 74763556   35794 1
1501 74765076 74862215   97139 2
1502 74863735 74928099   64364 1
1503 74929619 75575495  645876 2
1504 75577015 75617970   40955 1
1505 75619490 75875776  256286 2
1506 75877296 75902716   25420 1
1507 75922809 75943931   21122 1
1508 75945451 76217626  272175 2
1509 76219146 76240491   21345 1
1510 76242011 77139229  897218 2
1511 77140749 77199316   58567 1
1512 77199316 77199317       1 1
1513 77200837 78300582 1099745 2
1514 78353605 78402036   48431 2
1515 78419860 78452370   32510 2
1516 78452370 78575362  122992 2
1517 78575362 78575363       1 2
1518 78642169 78734799   92630 2
1519 78736319 78876864  140545 2
1520 78878384 78948958   70574 2
1521 78948958 78948959       1 2
1522 78954142 78981181   27039 2
1523 78981181 78990445    9264 2
1524 78991004 79004312   13308 2
1525 79004312 79036847   32535 2
1526 79036847 79036848       1 2
1527 79036848 79119200   82352 2
1528 79119200 79208804   89604 4
1529 79208804 79208804       0 2
1530 79208804 79208804       0 2
1531 79208804 79573389  364585 4
1532 79573389 79573389       0 2
1533 79573389 79699507  126118 2
1534 79699507 79710268   10761 2
1535 79724495 79760872   36377 2
1536 79760872 79760873       1 2
1537 79763754 79784718   20964 2
1538 79786271 79834469   48198 2
1539 79834469 79834469       0 2
1540 79834469 79858700   24231 4
1541 79858700 79858701       1 2
1542 79858701 79873709   15008 2
1543 79873709 79879541    5832 2
1544 79879541 79882344    2803 2
1545 79882344 79890599    8255 2
1546 79890599 79906123   15524 2
1547 79906123 79906123       0 2
1548 79906123 79906123       0 2
1549 79906123 79906123       0 2
1550 79906123 79906123       0 2
1551 79906123 79906255     132 2
1552 79906255 79911241    4986 2
1553 79911241 79912770    1529 2
1554 79912770 79936719   23949 2
1555 79936719 79945137    8418 2
1556 80036974 80099974   63000 2
1557 80141994 80142518     524 2
1558 80142518 80165335   22817 2
1559 80165335 80168015    2680 2
1560 80168015 80176469    8454 2
1561 80176469 80184031    7562 2
1562 80184031 80192481    8450 2
1563 80192481 80215536   23055 2
1564 80215536 80223371    7835 2
1565 80289445 80413189  123744 4
1566 80413189 80413189       0 1
1567 80413189 80413189       0 1
1568 80413189 80418551    5362 1
1569 80446856 80456738    9882 1
1570 80456738 80478604   21866 1
1571 80478604 80490981   12377 1
1572 80490981 80504224   13243 1
1573 80505744 80730682  224938 2
1574 80732202 80893324  161122 1
1575 80893324 80893325       1 1
1576 80930175 80961950   31775 1
1577 81028787 81033469    4682 1
1578 81033469 81058605   25136 1
1579 81058605 81058606       1 1
1580 81058606 81059949    1343 1
1581 81059949 81082887   22938 1
1582 81082887 81088908    6021 1
1583 81090428 81477704  387276 2
1584 81479224 81500573   21349 1
1585 81502093 82447460  945367 2
1586 82448980 82471162   22182 1
1587 82472682 82883996  411314 2
1588 82885516 82911513   25997 1
1589 82913033 83122941  209908 2
1590 83124461 83764242  639781 1
1591 83764242 83771986    7744 1
1592 83771986 83796575   24589 1
1593 83798095 84342647  544552 2
1594 85000332 85626236  625904 4
1595 85626236 85626237       1 2
1596 85626237 85636592   10355 2
1597 85636592 85659671   23079 2
1598 85659671 85659672       1 2
1599 85661192 85948303  287111 2
1600 85949823 86087248  137425 4
1601 86087248 86087248       0 2
1602 86087248 86087248       0 2
1603 86087248 86087248       0 2
1604 86087248 86087248       0 2
1605 86087248 86094911    7663 2
1606 86094911 86094911       0 2
1607 86094911 86094911       0 2
1608 86094911 86095543     632 2
1609 86095543 86095543       0 2
1610 86095543 86099656    4113 2
1611 86101176 86209055  107879 2
1612 86210575 86218800    8225 2
1613 86218800 86229418   10618 2
1614 86229418 86229419       1 2
1615 86229419 86241743   12324 2
1616 86241743 86249115    7372 2
1617 86249115 86249115       0 2
1618 86249115 86249115       0 2
1619 86249115 86249115       0 2
1620 86249115 86249115       0 2
1621 86249115 86249115       0 2
1622 86249115 86249715     600 2
1623 86249715 86253686    3971 2
1624 86253686 86277297   23611 4
1625 86277297 86277297       0 2
1626 86277297 86277297       0 2
1627 86277297 86277297       0 2
1628 86277297 86277297       0 2
1629 86277297 86277297       0 2
1630 86277297 86277297       0 2
1631 86277297 86277297       0 2
1632 86277297 86277297       0 2
1633 86277297 86277297       0 2
1634 86277297 86277297       0 2
1635 86277297 86298405   21108 2
1636 86317237 86338076   20839 2
1637 86338076 86347057    8981 2
1638 86347057 86350201    3144 2
1639 86350201 86375181   24980 2
1640 86375181 86375181       0 1
1641 86375181 86394776   19595 1