   0   194910   241990   47080 1
   1   241990   241991       1 1
   2   241991   246395    4404 1
   3   246395   270588   24193 1
   4   272108   459352  187244 2
   5   460872   469393    8521 1
   6   469393   493696   24303 1
   7   493696   507140   13444 1
   8   507140   516914    9774 1
   9   516914   520112    3198 1
  10   520112   545432   25320 1
  11   546952   898780  351828 2
  12   900300  1594436  694136 1
  13  1594436  1594436       0 1
  14  1594436  1594436       0 1
  15  1594436  1619009   24573 1
  16  1619009  1624897    5888 1
  17  1624897  1624983      86 1
  18  1626503  2155479  528976 2
  19  2968823  3518477  549654 4
  20  3519997  3856346  336349 2
  21  3857866  3975966  118100 4
  22  3975966  3975966       0 2
  23  3975966  3975966       0 2
  24  3975966  3975966       0 2
  25  3975966  3975966       0 2
  26  3975966  3977765    1799 2
  27  3977765  4001348   23583 2
  28  4011933  4062399   50466 4
  29  4062399  4062400       1 2
  30  4125160  4161094   35934 2
  31  4161094  4161094       0 2
  32  4161094  4179374   18280 2
  33  4179374  4179375       1 2
  34  4179375  4180573    1198 2
  35  4180573  4182691    2118 2
  36  4182691  4211197   28506 2
  37  4211197  4211197       0 1
  38  4211197  4211197       0 1
  39  4211197  4211197       0 1
  40  4211197  4211197       0 1
  41  4211197  4230297   19100 1
  42  4230297  4230297       0 1
  43  4230297  4230297       0 1
  44  4230297  4257963   27666 1
  45  4259483  4614745  355262 2
  46  4616265  4617078     813 1
  47  4617078  4621753    4675 1
  48  4621753  4633509   11756 1
  49  4633509  4636233    2724 1
  50  4636233  4636233       0 1
  51  4636233  4666979   30746 1
  52  4668499  4823111  154612 2
  53  4824631  4848336   23705 1
  54  4849856  5002013  152157 2
  55  5003533  5029052   25519 1
  56  5047409  5074630   27221 1
  57  5074630  5076492    1862 1
  58  5076492  5141693   65201 1
  59  5148482  5261891  113409 1
  60  5263411  5697784  434373 2
  61  5699304  5726322   27018 1
  62  5727842  5834566  106724 2
  63  5836086  5917303   81217 1
  64  5917303  5918420    1117 1
  65  5918420  5921435    3015 1
  66  5921435  5947822   26387 1
  67  5947947  5971013   23066 1
  68  5971013  5971013       0 1
  69  5971013  5977455    6442 1
  70  5977455  5991935   14480 1
  71  6013437  6049960   36523 1
  72  6049960  6049960       0 1
  73  6049960  6050373     413 1
  74  6051893  6948063  896170 2
  75  6949583  7553320  603737 1
  76  7553320  7585775   32455 1
  77  7587295  8197596  610301 2
  78  8292289  8327717   35428 2
  79  8327717  8327718       1 2
  80  8393343  8410189   16846 2
  81  8410189  8501697   91508 2
  82  8503217  8870647  367430 2
  83  8872167  8928895   56728 2
  84  8928895  8997197   68302 2
  85  8997197  8997197       0 2
  86  8997197  9000341    3144 2
  87  9000341  9000341       0 2
  88  9000341  9000341       0 2
  89  9000341  9022980   22639 2
  90  9022980  9025903    2923 2
  91  9025903  9026829     926 2
  92  9026829  9039459   12630 2
  93  9039459  9062527   23068 2
  94  9062527  9072848   10321 2
  95  9072848  9097654   24806 2
  96  9111798  9115486    3688 2
  97  9120045  9147565   27520 2
  98  9147565  9154646    7081 2
  99  9154646  9154647       1 2
 100  9154647  9156159    1512 2
 101  9156159  9159782    3623 2
 102  9159782  9167307    7525 2
 103  9167307  9167307       0 2
 104  9167307  9189110   21803 2
 105  9190630  9551018  360388 2
 106  9552538  9555443    2905 2
 107  9555443  9559260    3817 2
 108  9559260  9559260       0 2
 109  9559260  9582938   23678 2
 110  9617422  9646132   28710 2
 111  9646132  9669252   23120 2
 112  9670772  9813860  143088 2
 113  9815380  9829635   14255 2
 114  9829635  9841139   11504 2
 115  9851229  9862053   10824 2
 116  9874213  9896636   22423 2
 117  9896636  9898577    1941 2
 118  9898577  9903760    5183 2
 119  9903760  9914673   10913 2
 120  9914673  9920567    5894 2
 121  9920567  9951718   31151 4
 122  9951718  9951718       0 2
 123  9951718  9951719       1 2
 124  9951719  9976072   24353 2
 125  9976072  9978417    2345 2
 126  9978417  9979164     747 2
 127  9979164 10001295   22131 2
 128 10001295 10008017    6722 2
 129 10008017 10016600    8583 2
 130 10016600 10018015    1415 2
 131 10018015 10063292   45277 4
 132 10063292 10063292       0 2
 133 10063292 10063292       0 2
 134 10063292 10063292       0 2
 135 10063292 10063292       0 2
 136 10063292 10073050    9758 2
 137 10073050 10073050       0 2
 138 10073050 10082589    9539 2
 139 10098964 10103684    4720 2
 140 10103684 10103684       0 2
 141 10103684 10116758   13074 2
 142 10116758 10119683    2925 2
 143 10119683 10136421   16738 2
 144 10136421 10143168    6747 2
 145 10143168 10143168       0 2
 146 10143168 10143168       0 2
 147 10143168 10143406     238 2
 148 10143406 10151740    8334 2
 149 10151740 10153678    1938 2
 150 10153678 10154148     470 2
 151 10154148 10158476    4328 2
 152 10158476 10164783    6307 2
 153 10164783 10167575    2792 2
 154 10167575 10177998   10423 2
 155 10177998 10177998       0 2
 156 10177998 10177998       0 2
 157 10177998 10177998       0 2
 158 10177998 10177998       0 2
 159 10177998 10182455    4457 2
 160 10182455 10182455       0 2
 161 10182455 10182455       0 2
 162 10182455 10210212   27757 2
 163 10210212 10216406    6194 2
 164 10216406 10216406       0 2
 165 10216406 10221818    5412 2
 166 10221818 10221818       0 2
 167 10221818 10221818       0 2
 168 10221818 10221818       0 2
 169 10221818 10221818       0 2
 170 10221818 10226562    4744 2
 171 10226562 10226562       0 2
 172 10226562 10253347   26785 2
 173 10254867 10518731  263864 2
 174 10520251 10542036   21785 1
 175 10542036 10542893     857 1
 176 10542893 10567722   24829 1
 177 10567722 10593035   25313 1
 178 10593035 10596855    3820 1
 179 10596855 10599403    2548 1
 180 10599403 10633894   34491 1
 181 10633894 10639830    5936 1
 182 10639830 10643561    3731 1
 183 10643561 10668007   24446 1
 184 10669527 10959686  290159 2
 185 10961206 11066381  105175 1
 186 11066381 11105112   38731 1
 187 11106632 11482396  375764 2
 188 11483916 11491672    7756 1
 189 11491672 11494970    3298 1
 190 11494970 11507872   12902 1
 191 11507872 11507872       0 1
 192 11507872 11530581   22709 1
 193 11583756 11587371    3615 1
 194 11587371 11593319    5948 1
 195 11593319 11614163   20844 1
 196 11691402 11694441    3039 1
 197 11695961 11800472  104511 2
 198 11801992 11831630   29638 1
 199 11831630 11832978    1348 1
 200 11832978 11859636   26658 1
 201 11859636 11897838   38202 1
 202 11897838 11912336   14498 1
 203 11912336 11912653     317 1
 204 11912653 11943903   31250 1
 205 11943903 11943904       1 1
 206 11943904 11969719   25815 1
 207 11969719 11985431   15712 1
 208 11985431 12007635   22204 1
 209 12045878 12068779   22901 1
 210 12070299 13004024  933725 2
 211 13005544 13029216   23672 1
 212 13029216 13029549     333 1
 213 13029549 13033938    4389 1
 214 13033938 13526963  493025 1
 215 13526963 13558092   31129 1
 216 13559612 13720896  161284 2
 217 13722416 13746080   23664 1
 218 13758352 13798867   40515 1
 219 13798867 13798867       0 1
 220 13798867 13798867       0 1
 221 13798867 13798867       0 1
 222 13798867 13798867       0 1
 223 13798867 13798902      35 1
 224 13798902 13823716   24814 1
 225 13823716 13823716       0 1
 226 13823716 13823716       0 1
 227 13823716 13839802   16086 1
 228 13839802 13839803       1 1
 229 13839803 13840100     297 1
 230 13841620 13940743   99123 2
 231 13942263 13943103     840 1
 232 13943103 13953630   10527 1
 233 13953630 13953630       0 1
 234 13953630 13953630       0 1
 235 13953630 13953630       0 1
 236 13953630 13953630       0 1
 237 13953630 13953630       0 1
 238 13953630 13953630       0 1
 239 13953630 13963567    9937 1
 240 13963567 13963567       0 1
 241 13963567 13963567       0 1
 242 13963567 13963567       0 1
 243 13963567 13963567       0 1
 244 13963567 13986024   22457 1
 245 13986024 13988688    2664 1
 246 13988688 13999631   10943 1
 247 13999631 14001038    1407 1
 248 14001038 14001038       0 1
 249 14001038 14001039       1 1
 250 14001039 14001941     902 1
 251 14001941 14063175   61234 1
 252 14063175 14103953   40778 1
 253 14103953 14115118   11165 1
 254 14115118 14120476    5358 1
 255 14120476 14120476       0 1
 256 14120476 14120476       0 1
 257 14120476 14125855    5379 1
 258 14125855 14125855       0 1
 259 14125855 14125855       0 1
 260 14125855 14125855       0 1
 261 14125855 14129283    3428 1
 262 14129283 14129283       0 1
 263 14129283 14129576     293 1
 264 14129576 14130183     607 1
 265 14130183 14131149     966 1
 266 14131149 14134619    3470 1
 267 14134619 14135572     953 1
 268 14135572 14135572       0 1
 269 14135572 14137187    1615 1
 270 14137187 14139191    2004 1
 271 14139191 14139191       0 1
 272 14139191 14139191       0 1
 273 14139191 14139191       0 1
 274 14139191 14140488    1297 1
 275 14140488 14141418     930 1
 276 14141418 14144297    2879 1
 277 14144297 14144297       0 1
 278 14144297 14144297       0 1
 279 14144297 14144297       0 1
 280 14144297 14144297       0 1
 281 14144297 14149297    5000 1
 282 14149297 14149297       0 1
 283 14149297 14149297       0 1
 284 14149297 14149297       0 1
 285 14149297 14149297       0 1
 286 14149297 14172873   23576 1
 287 14172873 14173889    1016 1
 288 14173889 14173889       0 1
 289 14173889 14173889       0 1
 290 14173889 14198508   24619 1
 291 15058844 15098517   39673 2
 292 15098517 15114087   15570 2
 293 15114087 15119090    5003 2
 294 15119090 15162855   43765 2
 295 15162855 15166132    3277 2
 296 15166132 15186209   20077 2
 297 15186209 15196493   10284 2
 298 15196493 15198084    1591 2
 299 15198084 15278225   80141 2
 300 15279745 15382896  103151 2
 301 15384416 15394755   10339 2
 302 15394755 15418341   23586 2
 303 15419861 15720619  300758 2
 304 15722139 15813521   91382 2
 305 15813521 16058913  245392 4
 306 16058913 16058913       0 2
 307 16058913 16058913       0 2
 308 16058913 16058913       0 2
 309 16058913 16058913       0 2
 310 16058913 16058913       0 2
 311 16058913 16058913       0 2
 312 16058913 16058913       0 2
 313 16058913 16058913       0 2
 314 16058913 16058913       0 2
 315 16058913 16058913       0 2
 316 16058913 16059448     535 2
 317 16059448 16067560    8112 2
 318 16067560 16067560       0 2
 319 16067560 16067560       0 2
 320 16067560 16067560       0 2
 321 16067560 16089726   22166 2
 322 16097729 16111910   14181 2
 323 16111910 16114037    2127 2
 324 16114037 16136545   22508 2
 325 16137778 16148159   10381 2
 326 16148159 16198742   50583 4
 327 16198742 16198742       0 2
 328 16198742 16203500    4758 2
 329 16203500 16203500       0 2
 330 16203500 16203500       0 2
 331 16203500 16225953   22453 2
 332 16227473 16619774  392301 2
 333 16621294 16623771    2477 1
 334 16623771 16636560   12789 1
 335 16636560 16641359    4799 1
 336 16641359 16641359       0 1
 337 16641359 16644297    2938 1
 338 16644297 16644297       0 1
 339 16644297 16667623   23326 1
 340 16669143 17022859  353716 2
 341 17024379 17193603  169224 1
 342 17193603 17433224  239621 1
 343 17433224 17440042    6818 1
 344 17440042 17491206   51164 1
 345 17491206 17491207       1 1
 346 17491207 17543033   51826 1
 347 17543033 17567849   24816 1
 348 17569369 18738774 1169405 2
 349 18740294 18743260    2966 1
 350 18743260 18768291   25031 1
 351 18769811 19049651  279840 2
 352 19051171 19514840  463669 1
 353 19514840 19550711   35871 1
 354 19550711 19574473   23762 1
 355 19610553 19690718   80165 1
 356 19690718 19690718       0 1
 357 19690718 19690719       1 1
 358 19690719 19700619    9900 1
 359 19700619 19700620       1 1
 360 19700620 19701349     729 1
 361 19701349 19729653   28304 1
 362 19731173 20281827  550654 2
 363 21398612 21408519    9907 2
 364 21408519 21435026   26507 2
 365 21485468 21519396   33928 2
 366 21519396 21519396       0 2
 367 21519396 21526617    7221 2
 368 21526617 21538541   11924 2
 369 21540061 21730995  190934 2
 370 21732515 21763993   31478 4
 371 21763993 21763993       0 2
 372 21763993 21763993       0 2
 373 21763993 21763993       0 2
 374 21763993 21765051    1058 2
 375 21765051 21765051       0 2
 376 21765051 21765051       0 2
 377 21765051 21765051       0 2
 378 21765051 21767130    2079 2
 379 21767130 21768311    1181 2
 380 21768311 21776451    8140 2
 381 21776451 21779281    2830 2
 382 21779281 21791102   11821 2
 383 21791102 21791102       0 2
 384 21791102 21791102       0 2
 385 21791102 21791102       0 2
 386 21791102 21814751   23649 2
 387 21814751 21814751       0 2
 388 21814751 21814751       0 2
 389 21814751 21818980    4229 2
 390 21820500 22107496  286996 2
 391 22109016 22143751   34735 2
 392 22143751 22143751       0 2
 393 22143751 22156034   12283 2
 394 22156034 22156035       1 2
 395 22231177 22612863  381686 4
 396 22612863 22612863       0 1
 397 22612863 22612863       0 1
 398 22612863 22612863       0 1
 399 22612863 22612863       0 1
 400 22612863 22612863       0 1
 401 22612863 22621630    8767 1
 402 22628131 22630868    2737 1
 403 22630868 22630868       0 1
 404 22630868 22630868       0 1
 405 22630868 22634720    3852 1
 406 22634720 22634720       0 1
 407 22634720 22636887    2167 1
 408 22636887 22636887       0 1
 409 22636887 22638868    1981 1
 410 22638868 22642275    3407 1
 411 22642275 22642275       0 1
 412 22642275 22642275       0 1
 413 22642275 22665621   23346 1
 414 22751412 22774023   22611 1
 415 22774023 22774023       0 1
 416 22774023 22775229    1206 1
 417 22775229 22775230       1 1
 418 22776750 23027001  250251 2
 419 23028521 23287225  258704 1
 420 23287225 23287225       0 1
 421 23287225 23299476   12251 1
 422 23299476 23299477       1 1
 423 23310390 23349845   39455 1
 424 23349845 23426951   77106 1
 425 23426951 23482085   55134 1
 426 23482085 23534216   52131 1
 427 23535736 24032884  497148 2
 428 24034404 24058842   24438 1
 429 24060362 25120820 1060458 2
 430 25122340 25532097  409757 1
 431 25532097 25532098       1 1
 432 25532098 25558513   26415 1
 433 25558513 25587181   28668 1
 434 25588701 25710894  122193 2
 435 25712414 25737790   25376 1
 436 25737790 25737790       0 1
 437 25737790 25737790       0 1
 438 25737790 25750344   12554 1
 439 25751864 26323943  572079 2
 440 26558561 26565085    6524 2
 441 26565085 26587463   22378 2
 442 26588983 27717931 1128948 2
 443 27719451 27967554  248103 4
 444 27967554 27967554       0 2
 445 27967554 27967554       0 2
 446 27967554 27967554       0 2
 447 27967554 27967554       0 2
 448 27967554 27967554       0 2
 449 27967554 27967554       0 2
 450 27967554 27967554       0 2
 451 27967554 27973420    5866 2
 452 27973420 27973420       0 2
 453 27973420 27996638   23218 2
 454 27996638 28011556   14918 2
 455 28013076 28276709  263633 2
 456 28278229 28592630  314401 4
 457 28592630 28592630       0 1
 458 28592630 28592630       0 1
 459 28592630 28592630       0 1
 460 28592630 28592630       0 1
 461 28592630 28592630       0 1
 462 28592630 28592630       0 1
 463 28592630 28592630       0 1
 464 28592630 28613684   21054 1
 465 28613684 28615047    1363 1
 466 28615047 28622341    7294 1
 467 28638336 28659038   20702 1
 468 28659038 28680563   21525 1
 469 28719887 28743469   23582 1
 470 28743469 28743470       1 1
 471 28743470 28793545   50075 1
 472 28793545 28811562   18017 1
 473 28811562 28821708   10146 1
 474 28821708 28845624   23916 1
 475 28847144 29025422  178278 2
 476 29026942 29203285  176343 4
 477 29203285 29203286       1 1
 478 29267541 29320348   52807 1
 479 29320348 29320348       0 1
 480 29320348 29336931   16583 1
 481 29336931 29340192    3261 1
 482 29361015 29456833   95818 1
 483 29456833 29456833       0 1
 484 29456833 29456833       0 1
 485 29456833 29618616  161783 1
 486 29618616 29649800   31184 1
 487 29649800 29699352   49552 1
 488 29699352 29774705   75353 1
 489 29774705 29915504  140799 1
 490 29915504 29924063    8559 1
 491 29924063 30010132   86069 1
 492 30010132 30029186   19054 1
 493 30029186 30048671   19485 1
 494 30048671 30086267   37596 1
 495 30111572 30162961   51389 1
 496 30162961 30200440   37479 1
 497 30200440 30244725   44285 1
 498 30244725 30256890   12165 1
 499 30256890 30335207   78317 1
 500 30335207 30456207  121000 1
 501 30456207 30492824   36617 1
 502 30492824 30492825       1 1
 503 30492825 30514784   21959 1
 504 30516304 31200304  684000 2
 505 31201824 31233091   31267 1
 506 31233091 31233091       0 1
 507 31233091 31233091       0 1
 508 31233091 31246344   13253 1
 509 31246344 31254221    7877 1
 510 31255741 31446513  190772 2
 511 31448033 31498597   50564 1
 512 31498597 31539650   41053 1
 513 31541170 31716524  175354 2
 514 31718044 31719192    1148 1
 515 31719192 31738251   19059 1
 516 31738251 31738251       0 1
 517 31738251 31740210    1959 1
 518 31740210 31768256   28046 1
 519 31769776 32366057  596281 2
 520 33015320 33036391   21071 2
 521 33037911 33803936  766025 2
 522 33805456 33925569  120113 4
 523 33925569 33925569       0 2
 524 33925569 33925569       0 2
 525 33925569 33925569       0 2
 526 33925569 33925569       0 2
 527 33925569 33925569       0 2
 528 33925569 33930368    4799 2
 529 33931888 34082316  150428 2
 530 34083836 34221236  137400 2
 531 34221236 34251288   30052 2
 532 34301130 34378409   77279 4
 533 34378409 34378409       0 2
 534 34378409 34378409       0 2
 535 34378409 34395260   16851 2
 536 34396780 34543775  146995 2
 537 34545295 34575939   30644 1
 538 34575939 34575939       0 1
 539 34575939 34585990   10051 1
 540 34585990 34585991       1 1
 541 34589479 34614676   25197 1
 542 34614676 34623619    8943 1
 543 34623619 34642454   18835 1
 544 34642454 34648314    5860 1
 545 34648314 34648314       0 1
 546 34648314 34670505   22191 1
 547 34672025 34846353  174328 2
 548 34847873 34851092    3219 1
 549 34851092 34873267   22175 1
 550 34886485 34910366   23881 1
 551 34910366 35061884  151518 4
 552 35061884 35061884       0 1
 553 35061884 35061885       1 1
 554 35061885 35068786    6901 1
 555 35068786 35074011    5225 1
 556 35074011 35077352    3341 1
 557 35077352 35098321   20969 1
 558 35098321 35141469   43148 1
 559 35141469 35141470       1 1
 560 35141470 35156314   14844 1
 561 35156314 35198348   42034 1
 562 35198348 35224628   26280 1
 563 35224628 35224629       1 1
 564 35224629 35254973   30344 1
 565 35254973 35254973       0 1
 566 35254973 35262288    7315 1
 567 35262288 35276194   13906 1
 568 35276194 35308536   32342 1
 569 35308536 35308536       0 1
 570 35308536 35312710    4174 1
 571 35312710 35312710       0 1
 572 35312710 35336680   23970 1
 573 35336680 35336680       0 1
 574 35336680 35336681       1 1
 575 35336681 35336874     193 1
 576 35336874 35393948   57074 1
 577 35393948 35434789   40841 1
 578 35434789 35457824   23035 1
 579 35481913 35670000  188087 4
 580 35670000 35670001       1 1
 581 35670001 35674603    4602 1
 582 35674603 35810180  135577 1
 583 35810180 35916987  106807 1
 584 35916987 35965037   48050 1
 585 35965037 35973428    8391 1
 586 35973428 36003713   30285 1
 587 36010594 36033500   22906 1
 588 36033500 36060905   27405 1
 589 36062425 37372137 1309712 2
 590 37373657 37414848   41191 1
 591 37414848 37432812   17964 1
 592 37432812 37467956   35144 1
 593 37467956 37492448   24492 1
 594 37492448 37734882  242434 1
 595 37734882 37746335   11453 1
 596 37746335 37746335       0 1
 597 37746335 37746335       0 1
 598 37746335 37746335       0 1
 599 37746335 37748848    2513 1
 600 37748848 37751038    2190 1
 601 37751038 37773691   22653 1
 602 37775211 38408145  632934 2
 603 38742738 38756675   13937 2
 604 38756675 38757478     803 2
 605 38757478 38773375   15897 2
 606 38773375 38773375       0 2
 607 38773375 38776300    2925 2
 608 38776300 38807578   31278 2
 609 38809098 38955879  146781 2
 610 38957399 38957759     360 2
 611 38957759 38978945   21186 2
 612 38980465 39945295  964830 2
 613 39946815 40014746   67931 2
 614 40014746 40304852  290106 4
 615 40304852 40304852       0 2
 616 40304852 40330028   25176 4
 617 40330028 40330029       1 2
 618 40330029 40335286    5257 2
 619 40335286 40345620   10334 2
 620 40345620 40348092    2472 2
 621 40348092 40367126   19034 2
 622 40367126 40394877   27751 2
 623 40396397 40496404  100007 2
 624 40497924 40523639   25715 1
 625 40523639 40523639       0 1
 626 40523639 40523639       0 1
 627 40523639 40548641   25002 1
 628 40548641 40548641       0 1
 629 40548641 40548641       0 1
 630 40548641 40563866   15225 1
 631 40566806 40591589   24783 1
 632 40605554 40607121    1567 1
 633 40607121 40611285    4164 1
 634 40611285 40614725    3440 1
 635 40614725 40614725       0 1
 636 40614725 40616384    1659 1
 637 40616384 40616400      16 1
 638 40616400 40618810    2410 1
 639 40618810 40622863    4053 1
 640 40622863 40622863       0 1
 641 40622863 40622863       0 1
 642 40622863 40622863       0 1
 643 40622863 40622863       0 1
 644 40622863 40622863       0 1
 645 40622863 40622863       0 1
 646 40622863 40622874      11 1
 647 40622874 40624724    1850 1
 648 40624724 40624724       0 1
 649 40624724 40624724       0 1
 650 40624724 40624724       0 1
 651 40624724 40624724       0 1
 652 40624724 40626327    1603 1
 653 40626327 40626327       0 1
 654 40626327 40628717    2390 1
 655 40628717 40628717       0 1
 656 40628717 40630417    1700 1
 657 40630417 40630487      70 1
 658 40630487 40631047     560 1
 659 40631047 40634322    3275 1
 660 40634322 40634322       0 1
 661 40634322 40639280    4958 1
 662 40639280 40639280       0 1
 663 40639280 40639280       0 1
 664 40639280 40639280       0 1
 665 40639280 40639280       0 1
 666 40639280 40639280       0 1
 667 40639280 40639280       0 1
 668 40639280 40640184     904 1
 669 40640184 40641409    1225 1
 670 40641409 40648414    7005 1
 671 40648414 40648414       0 1
 672 40648414 40648842     428 1
 673 40648842 40672170   23328 1
 674 40672170 40673468    1298 1
 675 40710993 40736643   25650 1
 676 40736643 40741913    5270 1
 677 40741913 40748321    6408 1
 678 40748321 40774285   25964 1
 679 40793410 40817076   23666 1
 680 40818596 40932340  113744 2
 681 40933860 41029426   95566 4
 682 41029426 41029426       0 1
 683 41029426 41029427       1 1
 684 41029427 41032565    3138 1
 685 41032565 41034160    1595 1
 686 41034160 41042309    8149 1
 687 41042309 41050256    7947 1
 688 41050256 41059120    8864 1
 689 41059120 41069257   10137 1
 690 41069257 41077195    7938 1
 691 41103443 41186188   82745 1
 692 41186188 41186188       0 1
 693 41186188 41186188       0 1
 694 41186188 41258862   72674 4
 695 41258862 41258862       0 1
 696 41258862 41258862       0 1
 697 41258862 41271321   12459 1
 698 41272360 41294371   22011 1
 699 41339712 41369153   29441 1
 700 41369153 41475826  106673 1
 701 41511947 41637886  125939 1
 702 41637886 41744749  106863 1
 703 41744749 41800477   55728 1
 704 41800477 41848132   47655 1
 705 41848132 41863265   15133 1
 706 41863265 41863452     187 1
 707 41863452 41881677   18225 1
 708 41881677 41886707    5030 1
 709 41886707 41893344    6637 1
 710 41893344 41893344       0 1
 711 41893344 41893344       0 1
 712 41893344 41917142   23798 1
 713 41918662 43011678 1093016 2
 714 43013198 43041406   28208 1
 715 43042926 43380700  337774 2
 716 43382220 43452090   69870 1
 717 43452090 43496623   44533 1
 718 43498143 43710672  212529 2
 719 43712192 43755753   43561 1
 720 43757273 44232865  475592 2
 721 44234385 44235439    1054 1
 722 44235439 44250241   14802 1
 723 44251761 44450258  198497 2
 724 44906821 44923039   16218 2
 725 44923039 44928673    5634 2
 726 44928673 44929963    1290 2
 727 44929963 44935215    5252 2
 728 44935215 44957803   22588 2
 729 44957803 44957803       0 2
 730 44957803 44957803       0 2
 731 44957803 44957803       0 2
 732 44957803 44985306   27503 2
 733 45001043 45053410   52367 2
 734 45053410 45053581     171 2
 735 45053581 45075783   22202 2
 736 45075783 45079242    3459 2
 737 45079242 45104349   25107 2
 738 45105869 45357172  251303 2
 739 45358692 45361337    2645 2
 740 45361337 45384789   23452 2
 741 45386309 45696996  310687 2
 742 45698516 45751248   52732 2
 743 45751248 45778559   27311 2
 744 45803513 45815855   12342 2
 745 45815855 45839479   23624 2
 746 45863586 45919004   55418 2
 747 45919004 45952160   33156 2
 748 45953680 46288850  335170 2
 749 46290370 46377442   87072 4
 750 46377442 46377442       0 2
 751 46377442 46403564   26122 4
 752 46403564 46403564       0 2
 753 46403564 46415093   11529 2
 754 46419532 46444434   24902 2
 755 46444434 46445243     809 2
 756 46445243 46453155    7912 2
 757 46453155 46456848    3693 2
 758 46456848 46459867    3019 2
 759 46459867 46459867       0 2
 760 46459867 46460345     478 2
 761 46460345 46461757    1412 2
 762 46461757 46467077    5320 2
 763 46467077 46467077       0 2
 764 46467077 46479713   12636 2
 765 46479713 46507567   27854 2
 766 46507567 46507567       0 1
 767 46507567 46507567       0 1
 768 46507567 46507567       0 1
 769 46507567 46507567       0 1
 770 46507567 46507567       0 1
 771 46507567 46507567       0 1
 772 46507567 46507567       0 1
 773 46507567 46526429   18862 1
 774 46526429 46530071    3642 1
 775 46542188 46568413   26225 1
 776 46568413 46569121     708 1
 777 46582123 46589944    7821 1
 778 46589944 46589944       0 1
 779 46589944 46595374    5430 1
 780 46595374 46595374       0 1
 781 46595374 46595374       0 1
 782 46595374 46595374       0 1
 783 46595374 46597184    1810 1
 784 46597184 46598851    1667 1
 785 46598851 46598851       0 1
 786 46598851 46598851       0 1
 787 46598851 46598851       0 1
 788 46598851 46599875    1024 1
 789 46599875 46599875       0 1
 790 46599875 46600167     292 1
 791 46600167 46601029     862 1
 792 46601029 46601029       0 1
 793 46601029 46601029       0 1
 794 46601029 46601029       0 1
 795 46601029 46602112    1083 1
 796 46602112 46602112       0 1
 797 46602112 46602282     170 1
 798 46602282 46603069     787 1
 799 46603069 46604058     989 1
 800 46604058 46610645    6587 1
 801 46610645 46610645       0 1
 802 46610645 46610645       0 1
 803 46610645 46610645       0 1
 804 46610645 46610645       0 1
 805 46610645 46610645       0 1
 806 46610645 46610645       0 1
 807 46610645 46610675      30 1
 808 46610675 46611056     381 1
 809 46611056 46612267    1211 1
 810 46612267 46613215     948 1
 811 46613215 46618067    4852 1
 812 46618067 46619871    1804 1
 813 46619871 46622307    2436 1
 814 46622307 46626158    3851 1
 815 46626158 46657712   31554 1
 816 46668552 46683670   15118 1
 817 46683670 46691005    7335 1
 818 46691005 46691005       0 1
 819 46691005 46696521    5516 1
 820 46696521 46696521       0 1
 821 46696521 46705378    8857 1
 822 46705378 46705378       0 1
 823 46705378 46710582    5204 1
 824 46710582 46711329     747 1
 825 46711329 46711371      42 1
 826 46711371 46712610    1239 1
 827 46712610 46728835   16225 1
 828 46728835 46729242     407 1
 829 46729242 46738793    9551 1
 830 46738793 46764146   25353 1
 831 46765666 46886241  120575 2
 832 46887761 46917031   29270 1
 833 46977389 47058371   80982 1
 834 47059891 47220766  160875 2
 835 47222286 47912786  690500 4
 836 47914306 48150800  236494 2
 837 48152320 48155564    3244 1
 838 48155564 48196936   41372 1
 839 48196936 48196937       1 1
 840 48198457 48561526  363069 2
 841 48563046 48588277   25231 1
 842 48588277 48611073   22796 1
 843 48612593 48995204  382611 2
 844 48996724 48999067    2343 1
 845 48999067 49000026     959 1
 846 49000026 49033159   33133 1
 847 49034679 49183091  148412 2
 848 49184611 49187008    2397 1
 849 49187008 49192139    5131 1
 850 49192139 49197116    4977 1
 851 49197116 49210494   13378 1
 852 49210494 49223495   13001 1
 853 49223495 49223495       0 1
 854 49223495 49224069     574 1
 855 49224069 49241686   17617 1
 856 49241686 49252902   11216 1
 857 49252902 49272812   19910 1
 858 49272812 49272812       0 1
 859 49272812 49272812       0 1
 860 49272812 49295873   23061 1
 861 49295873 49299264    3391 1
 862 49299264 49303720    4456 1
 863 49303720 49303887     167 1
 864 49303887 49319931   16044 1
 865 49319931 49345586   25655 1
 866 49345586 49359253   13667 1
 867 49359253 49375518   16265 1
 868 49375518 49377175    1657 1
 869 49377175 49377292     117 1
 870 49377292 49382822    5530 1
 871 49382822 49414018   31196 1
 872 49414018 49414019       1 1
 873 49415539 49689391  273852 2
 874 49690911 49730484   39573 1
 875 49792242 49796982    4740 1
 876 49796982 49814917   17935 1
 877 49814917 49839037   24120 1
 878 49839037 49839038       1 1
 879 49840558 49947611  107053 2
 880 49949131 49973789   24658 1
 881 49973789 49976109    2320 1
 882 49977629 50492370  514741 2
 883 50599215 50938122  338907 2
 884 50991825 51009076   17251 2
 885 51009076 51009471     395 2
 886 51009471 51034095   24624 2
 887 51034095 51034095       0 2
 888 51034095 51034634     539 2
 889 51080521 51103104   22583 2
 890 51103104 51112552    9448 2
 891 51112552 51114505    1953 2
 892 51114505 51125295   10790 2
 893 51125295 51150971   25676 2
 894 51150971 51194645   43674 2
 895 51247249 51258149   10900 2
 896 51258149 51270264   12115 2
 897 51270264 51293503   23239 2
 898 51297990 51298398     408 2
 899 51298398 51334984   36586 2
 900 51334984 51334985       1 2
 901 51334985 51347984   12999 2
 902 51347984 51350864    2880 2
 903 51350864 51352117    1253 2
 904 51352117 51355058    2941 2
 905 51355058 51360065    5007 2
 906 51360065 51366871    6806 2
 907 51366871 51368860    1989 2
 908 51368860 51380858   11998 2
 909 51380858 51405161   24303 2
 910 51405161 51405161       0 2
 911 51405161 51405161       0 2
 912 51405161 51416086   10925 2
 913 51469425 51485162   15737 2
 914 51514199 51551891   37692 2
 915 51551891 51553646    1755 2
 916 51553646 51560318    6672 2
 917 51560318 51583027   22709 2
 918 51583027 51583027       0 2
 919 51583027 51598386   15359 2
 920 51599906 51886262  286356 2
 921 51887782 51981458   93676 2
 922 51981458 52258888  277430 2
 923 52258888 52445356  186468 4
 924 52445356 52445356       0 2
 925 52445356 52445356       0 2
 926 52445356 52445356       0 2
 927 52445356 52445356       0 2
 928 52445356 52445356       0 2
 929 52445356 52445356       0 2
 930 52445356 52445356       0 2
 931 52445356 52445356       0 2
 932 52445356 52445356       0 2
 933 52445356 52445356       0 2
 934 52445356 52445356       0 2
 935 52445356 52456893   11537 2
 936 52456893 52465402    8509 2
 937 52465402 52465402       0 2
 938 52465402 52488925   23523 2
 939 52488925 52508478   19553 2
 940 52563878 52568548    4670 1
 941 52568548 52568548       0 1
 942 52568548 52568819     271 1
 943 52568819 52569731     912 1
 944 52569731 52572657    2926 1
 945 52572657 52573418     761 1
 946 52573418 52577816    4398 1
 947 52577816 52577816       0 1
 948 52577816 52577816       0 1
 949 52577816 52577816       0 1
 950 52577816 52577816       0 1
 951 52577816 52578547     731 1
 952 52578547 52579901    1354 1
 953 52579901 52579901       0 1
 954 52579901 52582712    2811 1
 955 52582712 52582712       0 1
 956 52582712 52582712       0 1
 957 52582712 52582712       0 1
 958 52582712 52582712       0 1
 959 52582712 52582712       0 1
 960 52582712 52582712       0 1
 961 52582712 52582857     145 1
 962 52582857 52583249     392 1
 963 52583249 52586334    3085 1
 964 52586334 52586334       0 1
 965 52586334 52586334       0 1
 966 52586334 52586334       0 1
 967 52586334 52586334       0 1
 968 52586334 52586334       0 1
 969 52586334 52586334       0 1
 970 52586334 52586334       0 1
 971 52586334 52586334       0 1
 972 52586334 52588192    1858 1
 973 52588192 52594150    5958 1
 974 52594150 52594150       0 1
 975 52594150 52594150       0 1
 976 52594150 52594150       0 1
 977 52594150 52595043     893 1
 978 52595043 52598300    3257 1
 979 52598300 52600900    2600 1
 980 52600900 52631894   30994 1
 981 52640216 52659798   19582 1
 982 52659798 52666217    6419 1
 983 52666217 52674033    7816 1
 984 52674033 52674951     918 1
 985 52674951 52697113   22162 1
 986 52697113 52699459    2346 1
 987 52699459 52704779    5320 1
 988 52704779 52726217   21438 1
 989 52726217 52727853    1636 1
 990 52784565 52786350    1785 1
 991 52786350 52788002    1652 1
 992 52788002 52789845    1843 1
 993 52789845 52792438    2593 1
 994 52792438 52792438       0 1
 995 52792438 52798233    5795 1
 996 52798233 52798233       0 1
 997 52798233 52798912     679 1
 998 52798912 52799524     612 1
 999 52799524 52799898     374 1
1000 52799898 52804227    4329 1
1001 52804227 52804227       0 1
1002 52804227 52806930    2703 1
1003 52806930 52823708   16778 1
1004 52823708 52823708       0 1
1005 52823708 52823708       0 1
1006 52823708 52823708       0 1
1007 52823708 52823708       0 1
1008 52823708 52823708       0 1
1009 52823708 52824432     724 1
1010 52824432 52824432       0 1
1011 52824432 52824985     553 1
1012 52824985 52826647    1662 1
1013 52826647 52828826    2179 1
1014 52828826 52851443   22617 1
1015 52852963 53111196  258233 2
1016 53112716 53119690    6974 1
1017 53119690 53123210    3520 1
1018 53123210 53123210       0 1
1019 53123210 53123210       0 1
1020 53123210 53123381     171 1
1021 53123381 53145743   22362 1
1022 53145743 53145743       0 1
1023 53145743 53150036    4293 1
1024 53151556 53291395  139839 2
1025 53292915 53305754   12839 1
1026 53305754 53328593   22839 1
1027 53328593 53343728   15135 1
1028 53343728 53346534    2806 1
1029 53346534 53353202    6668 1
1030 53353202 53357454    4252 1
1031 53357454 53379656   22202 1
1032 53379656 53393928   14272 1
1033 53395448 53851517  456069 2
1034 53853037 53854387    1350 1
1035 53854387 53854387       0 1
1036 53854387 53861125    6738 1
1037 53861125 53865759    4634 1
1038 53865759 53888577   22818 1
1039 53974455 53978189    3734 1
1040 53978189 53985947    7758 1
1041 53985947 54060424   74477 1
1042 54060424 54127472   67048 1
1043 54127472 54260672  133200 1
1044 54260672 54260673       1 1
1045 54323856 54371384   47528 1
1046 54371384 54371385       1 1
1047 54372905 55394006 1021101 2
1048 55395526 55409888   14362 1
1049 55409888 55415901    6013 1
1050 55415901 55415901       0 1
1051 55415901 55456995   41094 1
1052 55456995 55456996       1 1
1053 55458516 55755015  296499 2
1054 55756535 56074054  317519 1
1055 56075574 56534481  458907 2
1056 57132207 57141296    9089 2
1057 57141296 57167849   26553 2
1058 57167849 57176500    8651 2
1059 57176500 57176501       1 2
1060 57176501 57182430    5929 2
1061 57182430 57185027    2597 2
1062 57185027 57212580   27553 2
1063 57212580 57214835    2255 2
1064 57214835 57238415   23580 2
1065 57238415 57240033    1618 2
1066 57318442 57320043    1601 2
1067 57320043 57344513   24470 2
1068 57344513 57352837    8324 2
1069 57352837 57376807   23970 2
1070 57376807 57389285   12478 2
1071 57455364 57486568   31204 2
1072 57486568 57486569       1 2
1073 57507783 57517254    9471 2
1074 57517254 57517254       0 2
1075 57517254 57525791    8537 2
1076 57525791 57550147   24356 2
1077 57564098 57601527   37429 2
1078 57601527 57639157   37630 2
1079 57645252 57659668   14416 2
1080 57659668 57988058  328390 2
1081 57988058 58007645   19587 2
1082 58007645 58035681   28036 2
1083 58035681 58216735  181054 2
1084 58216735 58412353  195618 4
1085 58412353 58412353       0 2
1086 58412353 58413500    1147 2
1087 58476338 58503214   26876 2
1088 58503214 58524935   21721 2
1089 58524935 58524936       1 2
1090 58614696 58628245   13549 1
1091 58628245 58648853   20608 1
1092 58648853 58648853       0 1
1093 58648853 58648853       0 1
1094 58648853 58649879    1026 1
1095 58649879 58651209    1330 1
1096 58651209 58672880   21671 1
1097 58672880 58672880       0 1
1098 58672880 58681228    8348 1
1099 58719416 58768643   49227 4
1100 58768643 58768643       0 1
1101 58768643 58768643       0 1
1102 58768643 58768643       0 1
1103 58768643 58768643       0 1
1104 58768643 58768643       0 1
1105 58768643 58782985   14342 1
1106 58784505 58917714  133209 2
1107 58919234 58937454   18220 1
1108 58937454 58937454       0 1
1109 58937454 58937454       0 1
1110 58937454 58937454       0 1
1111 58937454 58937454       0 1
1112 58937454 58937454       0 1
1113 58937454 58937454       0 1
1114 58937454 58937454       0 1
1115 58937454 58937454       0 1
1116 58937454 58937454       0 1
1117 58937454 58937454       0 1
1118 58937454 58939345    1891 1
1119 58939345 58939810     465 1
1120 58939810 58939875      65 1
1121 58939875 58941216    1341 1
1122 58941216 58942646    1430 1
1123 58942646 58942646       0 1
1124 58942646 58945485    2839 1
1125 58945485 58971076   25591 1
1126 59008474 59035474   27000 1
1127 59035474 59035474       0 1
1128 59035474 59035474       0 1
1129 59035474 59035474       0 1
1130 59035474 59035913     439 1
1131 59035913 59038826    2913 1
1132 59038826 59062109   23283 1
1133 59065611 59087854   22243 1
1134 59110266 59113258    2992 1
1135 59113258 59131109   17851 1
1136 59131109 59131109       0 1
1137 59131109 59141417   10308 1
1138 59141417 59143817    2400 1
1139 59143817 59251936  108119 1
1140 59251936 59278699   26763 1
1141 59278699 59278699       0 1
1142 59278699 59301419   22720 1
1143 59304523 59307538    3015 1
1144 59307538 59329966   22428 1
1145 59329966 59348136   18170 1
1146 59437127 59717511  280384 1
1147 59717511 59717512       1 1
1148 59719032 59836782  117750 2
1149 59838302 59892298   53996 1
1150 59892298 59920970   28672 1
1151 59920970 59920971       1 1
1152 59920971 59941541   20570 1
1153 59941541 59984499   42958 1
1154 59984499 59997949   13450 1
1155 59999469 61466109 1466640 2
1156 61467629 61499410   31781 1
1157 61499410 61499410       0 1
1158 61499410 61499410       0 1
1159 61499410 61499410       0 1
1160 61499410 61522081   22671 1
1161 61568203 61573790    5587 1
1162 61573790 61574021     231 1
1163 61574021 61596298   22277 1
1164 61596298 61596298       0 1
1165 61596298 61603535    7237 1
1166 61628683 61662160   33477 1
1167 61724723 62085872  361149 1
1168 62085872 62109407   23535 1
1169 62109407 62109407       0 1
1170 62109407 62109407       0 1
1171 62109407 62109407       0 1
1172 62109407 62109407       0 1
1173 62109407 62124140   14733 1
1174 62124140 62124141       1 1
1175 62125661 62576581  450920 2
1176 63223403 63228089    4686 2
1177 63228089 63237396    9307 2
1178 63237396 63258352   20956 2
1179 63258352 63259966    1614 2
1180 63263689 63272167    8478 2
1181 63272167 63280887    8720 2
1182 63280887 63282753    1866 2
1183 63282753 63287649    4896 2
1184 63287649 63287649       0 2
1185 63287649 63300869   13220 2
1186 63300869 63320497   19628 2
1187 63320497 63320497       0 2
1188 63320497 63320497       0 2
1189 63320497 63326363    5866 2
1190 63326363 63331516    5153 2
1191 63331516 63352418   20902 2
1192 63352418 63359844    7426 2
1193 63359844 63365073    5229 2
1194 63365073 63369535    4462 2
1195 63369535 63390212   20677 2
1196 63407202 63412580    5378 2
1197 63412580 63434130   21550 2
1198 63434130 63438927    4797 2
1199 63440447 63576087  135640 2
1200 63577607 63632419   54812 2
1201 63632419 63736466  104047 2
1202 63736466 63843518  107052 2
1203 63843518 63954183  110665 2
1204 63954183 63964844   10661 2
1205 63964844 64088955  124111 2
1206 64088955 64178463   89508 2
1207 64178463 64405476  227013 4
1208 64405476 64405476       0 2
1209 64405476 64437341   31865 2
1210 64438861 64572954  134093 2
1211 64574474 64589816   15342 2
1212 64589816 64596136    6320 2
1213 64596136 64608530   12394 2
1214 64608530 64608530       0 2
1215 64608530 64608530       0 2
1216 64608530 64608530       0 2
1217 64608530 64638761   30231 2
1218 64638761 64638761       0 1
1219 64638761 64638761       0 1
1220 64638761 64638761       0 1
1221 64638761 64645380    6619 1
1222 64645380 64667705   22325 1
1223 64667705 64668297     592 1
1224 64709092 64753549   44457 4
1225 64753549 64753549       0 1
1226 64753549 64753549       0 1
1227 64753549 64753549       0 1
1228 64753549 64753549       0 1
1229 64753549 64753549       0 1
1230 64753549 64757637    4088 1
1231 64790061 64812198   22137 1
1232 64883719 64894278   10559 1
1233 64894278 64894852     574 1
1234 64894852 64898295    3443 1
1235 64898295 64906054    7759 1
1236 64906054 64906054       0 1
1237 64906054 64928041   21987 1
1238 64932780 64942750    9970 1
1239 64942750 64963645   20895 1
1240 64963645 64972462    8817 1
1241 64972462 64985064   12602 1
1242 64985064 65007213   22149 1
1243 65007213 65025725   18512 1
1244 65037458 65056658   19200 1
1245 65056658 65056658       0 1
1246 65056658 65056658       0 1
1247 65056658 65058748    2090 1
1248 65058748 65062496    3748 1
1249 65062496 65064842    2346 1
1250 65064842 65088743   23901 1
1251 65102341 65124389   22048 1
1252 65125909 65410351  284442 2
1253 65411871 65714645  302774 1
1254 65714645 65756035   41390 1
1255 65756035 65782333   26298 1
1256 65782333 65782334       1 1
1257 65804549 65820127   15578 1
1258 65820127 65852994   32867 1
1259 65852994 65855219    2225 1
1260 65856739 67576739 1720000 2
1261 67578259 67602221   23962 1
1262 67603741 67714521  110780 2
1263 67716041 68115428  399387 1
1264 68116948 68618691  501743 2
1265 69331433 69440817  109384 2
1266 69440817 69440818       1 2
1267 69491002 69534511   43509 2
1268 69534511 69701390  166879 2
1269 69701390 69908232  206842 4
1270 69908232 69908232       0 2
1271 69908232 69908232       0 2
1272 69908232 69998539   90307 2
1273 70011806 70037840   26034 2
1274 70037840 70121276   83436 2
1275 70121276 70164256   42980 2
1276 70164256 70249493   85237 4
1277 70249493 70249494       1 2
1278 70283865 70308205   24340 2
1279 70308205 70385309   77104 2
1280 70385309 70408273   22964 2
1281 70408273 70441366   33093 2
1282 70441366 70463709   22343 2
1283 70463709 70466239    2530 2
1284 70466239 70469986    3747 2
1285 70469986 70469986       0 2
1286 70469986 70471368    1382 2
1287 70471368 70471368       0 2
1288 70471368 70473365    1997 2
1289 70473365 70473365       0 2
1290 70473365 70473365       0 2
1291 70473365 70473365       0 2
1292 70473365 70473498     133 2
1293 70473498 70474364     866 2
1294 70474364 70475429    1065 2
1295 70475429 70476054     625 2
1296 70476054 70477028     974 2
1297 70477028 70478357    1329 2
1298 70478357 70478357       0 2
1299 70478357 70501273   22916 2
1300 70502793 70689190  186397 2
1301 70690710 70691661     951 1
1302 70691661 70694756    3095 1
1303 70694756 70696572    1816 1
1304 70696572 70696865     293 1
1305 70696865 70708340   11475 1
1306 70708340 70708340       0 1
1307 70708340 70738099   29759 4
1308 70738099 70738099       0 1
1309 70738099 70738099       0 1
1310 70738099 70741553    3454 1
1311 70775005 70783006    8001 1
1312 70783006 70783006       0 1
1313 70783006 70805806   22800 1
1314 70805806 70813611    7805 1
1315 70813611 70813612       1 1
1316 70813612 70826982   13370 1
1317 70826982 70849442   22460 1
1318 70849442 70854439    4997 1
1319 70884960 70893268    8308 1
1320 70893268 70918934   25666 1
1321 70918934 70921431    2497 1
1322 70921431 70923929    2498 1
1323 70923929 70924532     603 1
1324 70924532 70927122    2590 1
1325 70927122 70932714    5592 1
1326 70932714 70932714       0 1
1327 70932714 70932714       0 1
1328 70932714 70934372    1658 1
1329 70934372 70939121    4749 1
1330 70939121 70945253    6132 1
1331 70945253 70946189     936 1
1332 70946189 70951055    4866 1
1333 70951055 70951947     892 1
1334 70951947 70971938   19991 1
1335 70971938 70971938       0 1
1336 70971938 70971938       0 1
1337 70971938 70971938       0 1
1338 70971938 70971938       0 1
1339 70971938 70971938       0 1
1340 70971938 70971938       0 1
1341 70971938 70971938       0 1
1342 70971938 70971938       0 1
1343 70971938 70971938       0 1
1344 70971938 70971938       0 1
1345 70971938 70971938       0 1
1346 70971938 70976219    4281 1
1347 70976219 70998785   22566 1
1348 70998785 71011527   12742 1
1349 71011527 71011528       1 1
1350 71011528 71018055    6527 1
1351 71018055 71040914   22859 1
1352 71040914 71076206   35292 1
1353 71076206 71083738    7532 1
1354 71083738 71105879   22141 1
1355 71105879 71106249     370 1
1356 71106249 71377767  271518 1
1357 71377767 71379278    1511 1
1358 71379278 71379468     190 1
1359 71379468 71384391    4923 1
1360 71384391 71384391       0 1
1361 71384391 71384391       0 1
1362 71384391 71386605    2214 1
1363 71386605 71386605       0 1
1364 71386605 71392222    5617 1
1365 71392222 71392222       0 1
1366 71392222 71392222       0 1
1367 71392222 71393142     920 1
1368 71393142 71394803    1661 1
1369 71394803 71395931    1128 1
1370 71395931 71408141   12210 1
1371 71408141 71408141       0 1
1372 71408141 71408141       0 1
1373 71408141 71408141       0 1
1374 71408141 71408141       0 1
1375 71408141 71408141       0 1
1376 71408141 71408141       0 1
1377 71408141 71408141       0 1
1378 71408141 71408141       0 1
1379 71408141 71409454    1313 1
1380 71409454 71422849   13395 1
1381 71422849 71422849       0 1
1382 71422849 71455904   33055 1
1383 71457424 72603637 1146213 2
1384 72605157 72616091   10934 1
1385 72617611 73628026 1010415 2
1386 73629546 73643246   13700 1
1387 73643246 73654466   11220 1
1388 73654466 73654466       0 1
1389 73654466 73680176   25710 1
1390 73680176 73682641    2465 1
1391 73684161 74157024  472863 2
1392 74158544 74182650   24106 1
1393 74182650 74192342    9692 1
1394 74193862 74512273  318411 2
1395 74513793 74537717   23924 1
1396 74539237 74660800  121563 2
1397 74784991 74816760   31769 2
1398 74816760 74816760       0 2
1399 74816760 74849906   33146 2
1400 74849906 74893920   44014 2
1401 74925956 74934776    8820 2
1402 74934776 75053455  118679 2
1403 75053455 75104547   51092 2
1404 75104547 75386052  281505 2
1405 75386052 75472267   86215 2
1406 75472267 75554658   82391 2
1407 75554658 75554659       1 2
1408 75556087 75892725  336638 4
1409 75892725 75892726       1 2
1410 75913236 75945877   32641 4
1411 75945877 75945877       0 2
1412 75945877 75980248   34371 2
1413 75980248 75980249       1 2
1414 75987786 76058288   70502 2
1415 76058288 76080452   22164 2
1416 76080452 76080453       1 2
1417 76080453 76094431   13978 2
1418 76094431 76094432       1 2
1419 76099717 76115519   15802 2
1420 76115519 76115519       0 2
1421 76115519 76116820    1301 2
1422 76116820 76141177   24357 2
1423 76163763 76172116    8353 2
1424 76193019 76249041   56022 4
1425 76249041 76249041       0 2
1426 76249041 76249041       0 2
1427 76249041 76249041       0 2
1428 76249041 76266899   17858 2
1429 76272903 76274098    1195 2
1430 76274098 76298512   24414 2
1431 76298512 76321708   23196 2
1432 76321708 76328875    7167 2
1433 76328875 76330967    2092 2
1434 76330967 76338587    7620 2
1435 76338587 76338587       0 2
1436 76338587 76341461    2874 2
1437 76341461 76341898     437 2
1438 76341898 76353012   11114 2
1439 76353012 76353012       0 2
1440 76353012 76353012       0 2
1441 76353012 76375962   22950 2
1442 76375962 76375962       0 2
1443 76375962 76392107   16145 2
1444 76393627 76536670  143043 2
1445 76538190 76562225   24035 2
1446 76614548 76616683    2135 2
1447 76616683 76616683       0 2
1448 76616683 76622236    5553 2
1449 76622236 76622236       0 2
1450 76622236 76633955   11719 2
1451 76633955 76638419    4464 2
1452 76638419 76643084    4665 2
1453 76643084 76655880   12796 2
1454 76655880 76655880       0 2
1455 76655880 76655880       0 2
1456 76655880 76655880       0 2
1457 76655880 76655880       0 2
1458 76655880 76655880       0 2
1459 76655880 76655880       0 2
1460 76655880 76657981    2101 2
1461 76657981 76680206   22225 2
1462 76680206 76680206       0 2
1463 76680206 76680206       0 2
1464 76680206 76680206       0 2
1465 76680206 76680206       0 2
1466 76680206 76680206       0 2
1467 76680206 76689665    9459 2
1468 76689665 76690004     339 2
1469 76701597 76799968   98371 4
1470 76799968 76799968       0 1
1471 76799968 76799969       1 1
1472 76799969 76807175    7206 1
1473 76807175 76829200   22025 1
1474 76829200 76830767    1567 1
1475 76865044 76869220    4176 1
1476 76869220 76891022   21802 1
1477 76891022 76896576    5554 1
1478 76896576 76910845   14269 1
1479 76910845 76937431   26586 1
1480 76937431 76942691    5260 1
1481 76942691 76955435   12744 1
1482 76955435 76980370   24935 1
1483 76980370 76985547    5177 1
1484 76985547 76997777   12230 1
1485 76997777 77022130   24353 1
1486 77022130 77024121    1991 1
1487 77025641 77132299  106658 2
1488 77133819 77135973    2154 1
1489 77135973 77213643   77670 1
1490 77213643 77291340   77697 1
1491 77291340 77294328    2988 1
1492 77294328 77294329       1 1
1493 77294329 77297462    3133 1
1494 77297462 77297462       0 1
1495 77297462 77299776    2314 1
1496 77299776 77302980    3204 1
1497 77302980 77304198    1218 1
1498 77304198 77304198       0 1
1499 77304198 77327689   23491 1
1500 77327689 77338314   10625 1
1501 77338314 77341428    3114 1
1502 77341428 77348249    6821 1
1503 77348249 77371140   22891 1
1504 77371140 77374454    3314 1
1505 77374454 77374455       1 1
1506 77374455 77374778     323 1
1507 77374778 77397500   22722 1
1508 77397500 77397501       1 1
1509 77399021 78487465 1088444 2
1510 78488985 78510515   21530 1
1511 78560219 78564562    4343 1
1512 78564562 78569110    4548 1
1513 78569110 78591714   22604 1
1514 78647524 78670356   22832 1
1515 78692086 78715493   23407 1
1516 78717013 79169993  452980 2
1517 79171513 79194635   23122 1
1518 79196155 79480220  284065 2
1519 79481740 79487864    6124 1
1520 79487864 79499571   11707 1
1521 79499571 79502456    2885 1
1522 79536012 80174676  638664 1
1523 80176196 80702923  526727 2
1524 81429693 81465723   36030 4
1525 81465723 81465723       0 2
1526 81465723 81465723       0 2
1527 81465723 81465723       0 2
1528 81465723 81470523    4800 2
1529 81513825 81548677   34852 2
1530 81548677 81620099   71422 2
1531 81620099 81735997  115898 2
1532 81735997 81849154  113157 4
1533 81849154 81849154       0 2
1534 81849154 81849154       0 2
1535 81849154 81939949   90795 2
1536 81979246 82000531   21285 2
1537 82007490 82029847   22357 2
1538 82031367 82274420  243053 2
1539 82275940 82507689  231749 4
1540 82507689 82507690       1 2
1541 82528654 82534406    5752 2
1542 82534406 82534406       0 2
1543 82534406 82556800   22394 2
1544 82558528 82583906   25378 2
1545 82583906 82586664    2758 2
1546 82679872 82806930  127058 4
1547 82806930 82806930       0 1
1548 82806930 82806930       0 1
1549 82806930 82814638    7708 1
1550 82835026 82850463   15437 1
1551 82850463 82857965    7502 1
1552 82857965 82882127   24162 1
1553 82883647 83142538  258891 2
1554 83144058 83232358   88300 1
1555 83232358 83256391   24033 1
1556 83256391 83269271   12880 1
1557 83269271 83272757    3486 1
1558 83272757 83294594   21837 1
1559 83294594 83313179   18585 1
1560 83337650 83362032   24382 1
1561 83363552 83485080  121528 2
1562 83486600 83493346    6746 1
1563 83493346 83493346       0 1
1564 83493346 83496526    3180 1
1565 83496526 83501549    5023 1
1566 83501549 83526115   24566 1
1567 83527635 84126912  599277 2
1568 84128432 84149358   20926 1
1569 84226912 84247926   21014 1
1570 84247926 84268764   20838 1
1571 84276605 84297938   21333 1
1572 84379566 84401259   21693 1
1573 84402779 84555251  152472 2
1574 84556771 84580882   24111 1
1575 84582402 85512646  930244 2
1576 85514166 86202067  687901 1
1577 86202067 86205379    3312 1
1578 86205379 86207668    2289 1
1579 86207668 86207669       1 1