   0  1058654  1818000  759346 4
   1  1819520  2008374  188854 2
   2  2009894  2036580   26686 4
   3  2036580  2036580       0 2
   4  2036580  2036580       0 2
   5  2036580  2036580       0 2
   6  2036580  2036580       0 2
   7  2036580  2036580       0 2
   8  2036580  2036580       0 2
   9  2036580  2036580       0 2
  10  2036580  2036580       0 2
  11  2036580  2036580       0 2
  12  2036580  2036580       0 2
  13  2036580  2055016   18436 2
  14  2055016  2057474    2458 2
  15  2057474  2060261    2787 2
  16  2060261  2065181    4920 2
  17  2065181  2070458    5277 2
  18  2070458  2081757   11299 2
  19  2081902  2104147   22245 2
  20  2104147  2104147       0 2
  21  2104147  2104147       0 2
  22  2104147  2124340   20193 2
  23  2124340  2125875    1535 2
  24  2125875  2125875       0 2
  25  2125875  2148509   22634 2
  26  2148509  2156928    8419 2
  27  2156928  2160108    3180 2
  28  2160108  2160928     820 2
  29  2160928  2162834    1906 2
  30  2162834  2168876    6042 2
  31  2168876  2168876       0 2
  32  2168876  2170003    1127 2
  33  2170003  2171538    1535 2
  34  2171538  2194381   22843 2
  35  2194381  2201510    7129 2
  36  2201510  2203566    2056 2
  37  2203566  2227038   23472 2
  38  2227038  2227487     449 2
  39  2227487  2232003    4516 2
  40  2232003  2246785   14782 4
  41  2246785  2246785       0 2
  42  2246785  2246785       0 2
  43  2246785  2246785       0 2
  44  2246785  2263474   16689 2
  45  2309028  2331837   22809 2
  46  2331837  2331837       0 2
  47  2331837  2331837       0 2
  48  2331837  2349993   18156 2
  49  2349993  2349993       0 2
  50  2349993  2349993       0 2
  51  2349993  2363042   13049 2
  52  2363042  2385184   22142 2
  53  2385184  2388519    3335 2
  54  2395213  2418771   23558 1
  55  2418771  2418772       1 1
  56  2418772  2433981   15209 1
  57  2433981  2434082     101 1
  58  2434082  2437065    2983 1
  59  2437065  2464130   27065 1
  60  2465650  2802386  336736 2
  61  2803906  2816798   12892 1
  62  2816798  2843724   26926 1
  63  2845244  3147106  301862 2
  64  3148626  3172853   24227 1
  65  3172853  3172853       0 1
  66  3172853  3172853       0 1
  67  3172853  3199863   27010 1
  68  3199863  3199863       0 1
  69  3199863  3210340   10477 1
  70  3218919  3247280   28361 1
  71  3248801  3781215  532414 2
  72  3782735  3810644   27909 1
  73  3812164  4050771  238607 2
  74  4052291  4111019   58728 1
  75  4111019  4111020       1 1
  76  4130558  4140745   10187 1
  77  4140745  4153439   12694 1
  78  4153439  4178395   24956 1
  79  4224017  4263352   39335 1
  80  4263352  4265138    1786 1
  81  4265138  4273573    8435 1
  82  4276689  4302112   25423 1
  83  4302112  4302113       1 1
  84  4302113  4303791    1678 1
  85  4305311  5148711  843400 2
  86  5150231  5768230  617999 1
  87  5768230  5790293   22063 1
  88  5791813  6105594  313781 2
  89  6107114  6147298   40184 1
  90  6148818  6405414  256596 2
  91  6626450  6658339   31889 2
  92  6658339  6658340       1 2
  93  6659860  7004293  344433 2
  94  7005813  7030171   24358 2
  95  7030171  7030171       0 2
  96  7030171  7030171       0 2
  97  7030171  7030171       0 2
  98  7030171  7030171       0 2
  99  7030171  7030171       0 2
 100  7030171  7030171       0 2
 101  7030171  7030171       0 2
 102  7030171  7030171       0 2
 103  7030171  7030171       0 2
 104  7030171  7031922    1751 2
 105  7031922  7031922       0 2
 106  7031922  7032537     615 2
 107  7032537  7055257   22720 2
 108  7055257  7058758    3501 2
 109  7058758  7060204    1446 2
 110  7060204  7060205       1 2
 111  7079222  7114967   35745 2
 112  7114967  7165295   50328 2
 113  7166815  7784470  617655 2
 114  7785990  7857848   71858 2
 115  7857848  7857849       1 2
 116  7857849  7872264   14415 2
 117  7872264  7905574   33310 2
 118  7907094  8040199  133105 2
 119  8041719  8065848   24129 2
 120  8101461  8129954   28493 2
 121  8129954  8129954       0 2
 122  8129954  8129954       0 2
 123  8129954  8136615    6661 2
 124  8136615  8136615       0 2
 125  8136615  8150341   13726 2
 126  8150341  8150341       0 2
 127  8150341  8150341       0 2
 128  8150341  8163947   13606 4
 129  8163947  8163948       1 2
 130  8170640  8219135   48495 4
 131  8219135  8219135       0 2
 132  8219135  8219136       1 2
 133  8219136  8219136       0 2
 134  8219136  8219136       0 2
 135  8219136  8219136       0 2
 136  8219136  8219136       0 2
 137  8219136  8220125     989 2
 138  8220125  8242790   22665 2
 139  8242790  8242790       0 2
 140  8242790  8245462    2672 2
 141  8245462  8245462       0 2
 142  8245462  8245462       0 2
 143  8245462  8245462       0 2
 144  8245462  8245462       0 2
 145  8245462  8268441   22979 2
 146  8287678  8310236   22558 2
 147  8313816  8345687   31871 2
 148  8345687  8345687       0 2
 149  8345687  8345688       1 2
 150  8345688  8345688       0 2
 151  8345688  8358135   12447 2
 152  8358135  8358135       0 2
 153  8358135  8358135       0 2
 154  8358135  8382941   24806 2
 155  8382941  8382941       0 2
 156  8382941  8382941       0 2
 157  8382941  8382941       0 2
 158  8382941  8382941       0 2
 159  8382941  8391889    8948 2
 160  8391889  8394765    2876 2
 161  8394765  8394765       0 2
 162  8394765  8394765       0 2
 163  8394765  8394765       0 2
 164  8394765  8394765       0 2
 165  8394765  8394765       0 2
 166  8394765  8394765       0 2
 167  8394765  8394765       0 2
 168  8394765  8394766       1 2
 169  8396691  8399473    2782 2
 170  8399473  8401812    2339 2
 171  8401812  8401812       0 2
 172  8401812  8406159    4347 2
 173  8406159  8409318    3159 2
 174  8409318  8427717   18399 2
 175  8427717  8427717       0 2
 176  8427717  8459909   32192 2
 177  8461429  8723523  262094 2
 178  8725043  8746832   21789 1
 179  8746832  8765441   18609 1
 180  8765441  8797258   31817 1
 181  8811720  9209696  397976 1
 182  9209696  9341795  132099 1
 183  9341795  9414210   72415 1
 184  9414210  9414666     456 1
 185  9414666  9454222   39556 1
 186  9519914  9550072   30158 1
 187  9550072  9550073       1 1
 188  9550073  9550188     115 1
 189  9550188  9555790    5602 1
 190  9555790  9578536   22746 1
 191  9583761  9607192   23431 1
 192  9630564  9707998   77434 1
 193  9726960  9731266    4306 1
 194  9740010  9826518   86508 1
 195  9861598  9934159   72561 1
 196  9934159  9934159       0 1
 197  9934159  9934159       0 1
 198  9934159  9934159       0 1
 199  9934159  9939538    5379 1
 200  9939538  9942649    3111 1
 201  9942649  9965655   23006 1
 202  9982393 10005063   22670 1
 203 10005063 10005063       0 1
 204 10005063 10005063       0 1
 205 10005063 10005063       0 1
 206 10005063 10005063       0 1
 207 10005063 10005063       0 1
 208 10005063 10019411   14348 1
 209 10109107 10138200   29093 1
 210 10169606 10173620    4014 1
 211 10173620 10175783    2163 1
 212 10175783 10190093   14310 1
 213 10190093 10190093       0 1
 214 10190093 10218633   28540 1
 215 10220153 11178951  958798 2
 216 11180471 11204285   23814 1
 217 11204285 11216281   11996 1
 218 11216281 11234036   17755 1
 219 11235556 11982943  747387 2
 220 11984463 12008642   24179 1
 221 12008642 12008642       0 1
 222 12008642 12008642       0 1
 223 12008642 12008642       0 1
 224 12008642 12008642       0 1
 225 12008642 12008642       0 1
 226 12008642 12024342   15700 1
 227 12024342 12024342       0 1
 228 12024342 12050357   26015 1
 229 12050357 12052592    2235 1
 230 12052592 12056916    4324 1
 231 12058436 12188579  130143 2
 232 12190099 12195603    5504 1
 233 12195603 12219886   24283 1
 234 12270551 12499609  229058 1
 235 12499609 12711935  212326 2
 236 12788886 13079434  290548 2
 237 13079434 13080334     900 2
 238 13080334 13126477   46143 2
 239 13126477 13149647   23170 2
 240 13152732 13175348   22616 2
 241 13203043 13222581   19538 2
 242 13222581 13246294   23713 2
 243 13247814 13406112  158298 2
 244 13407632 13429714   22082 2
 245 13447039 13451474    4435 2
 246 13451474 13494608   43134 2
 247 13516498 13928847  412349 2
 248 13928847 14044353  115506 2
 249 14044353 14274056  229703 4
 250 14274056 14274056       0 2
 251 14274056 14274056       0 2
 252 14274056 14274056       0 2
 253 14274056 14274056       0 2
 254 14274056 14283206    9150 2
 255 14313511 14364046   50535 4
 256 14364046 14364046       0 2
 257 14364046 14364046       0 2
 258 14364046 14403775   39729 2
 259 14403775 14403775       0 2
 260 14403775 14403775       0 2
 261 14403775 14427074   23299 2
 262 14427074 14431285    4211 2
 263 14432805 14759086  326281 2
 264 14760606 14773705   13099 1
 265 14773705 14801424   27719 1
 266 14825396 14825807     411 1
 267 14825807 14827362    1555 1
 268 14827362 14828962    1600 1
 269 14828962 14828962       0 1
 270 14828962 14829299     337 1
 271 14829299 14851638   22339 1
 272 14851638 14852323     685 1
 273 14852323 14852323       0 1
 274 14852323 14852323       0 1
 275 14852323 14852323       0 1
 276 14852323 14852323       0 1
 277 14852323 14852323       0 1
 278 14852323 14852323       0 1
 279 14852323 14852323       0 1
 280 14852323 14869056   16733 1
 281 14869056 14869056       0 1
 282 14869056 14872320    3264 1
 283 14873840 15238414  364574 2
 284 15239934 15404120  164186 1
 285 15404120 15605070  200950 1
 286 15605070 15707369  102299 1
 287 15707369 15768561   61192 1
 288 15768561 15774922    6361 1
 289 15774922 15774922       0 1
 290 15774922 15783552    8630 1
 291 15783552 15807711   24159 1
 292 15824178 15851552   27374 1
 293 15871759 15903957   32198 1
 294 15903957 15903957       0 1
 295 15903957 15917569   13612 1
 296 15917569 15927110    9541 1
 297 15927110 15929584    2474 1
 298 15929584 15942705   13121 1
 299 15942705 15957684   14979 1
 300 15957684 15961419    3735 1
 301 15961419 15984470   23051 1
 302 15985990 17003766 1017776 2
 303 17005286 17029751   24465 1
 304 17031271 17253611  222340 2
 305 17255131 17710900  455769 1
 306 17710900 17712193    1293 1
 307 17712193 17767794   55601 1
 308 17815258 17895188   79930 1
 309 17895188 17895188       0 1
 310 17895188 17895189       1 1
 311 17907363 17921420   14057 1
 312 17921420 17921441      21 1
 313 17921441 17947877   26436 1
 314 17949397 18489568  540171 2
 315 19452424 19486444   34020 2
 316 19486444 19486444       0 2
 317 19486444 19510618   24174 2
 318 19510618 19680321  169703 2
 319 19680321 19950784  270463 2
 320 19950784 20348667  397883 4
 321 20348667 20348667       0 2
 322 20348667 20348667       0 2
 323 20348667 20350519    1852 2
 324 20410221 20815514  405293 4
 325 20815514 20815514       0 1
 326 20815514 20815514       0 1
 327 20815514 20815514       0 1
 328 20815514 20815514       0 1
 329 20815514 20815514       0 1
 330 20815514 20826835   11321 1
 331 20828355 21246087  417732 2
 332 21247607 21439307  191700 1
 333 21439307 21442811    3504 1
 334 21442811 21477514   34703 1
 335 21477514 21540674   63160 1
 336 21540674 21544358    3684 1
 337 21544358 21551953    7595 1
 338 21551953 21605315   53362 1
 339 21621684 21810902  189218 1
 340 21812422 22928581 1116159 2
 341 22930101 22930635     534 1
 342 22930635 22953868   23233 1
 343 22955388 23305681  350293 2
 344 23307201 23726744  419543 1
 345 23726744 23730751    4007 1
 346 23730751 23764148   33397 1
 347 23764148 23774661   10513 1
 348 23774661 23895189  120528 1
 349 23895189 23897948    2759 1
 350 23897948 23907564    9616 1
 351 23907564 23910319    2755 1
 352 23910319 23914147    3828 1
 353 23914147 23920137    5990 1
 354 23920137 23920137       0 1
 355 23920137 23942941   22804 1
 356 23944461 24531644  587183 2
 357 25913672 26204265  290593 4
 358 26204265 26204265       0 2
 359 26204265 26204265       0 2
 360 26204265 26204265       0 2
 361 26204265 26204265       0 2
 362 26204265 26204265       0 2
 363 26204265 26204265       0 2
 364 26204265 26204265       0 2
 365 26204265 26204265       0 2
 366 26204265 26204265       0 2
 367 26204265 26204790     525 2
 368 26204790 26204790       0 2
 369 26204790 26204790       0 2
 370 26204790 26227934   23144 2
 371 26229454 26465036  235582 2
 372 26466556 26798909  332353 4
 373 26798909 26798909       0 1
 374 26798909 26798909       0 1
 375 26798909 26798909       0 1
 376 26798909 26798909       0 1
 377 26798909 26798909       0 1
 378 26798909 26798909       0 1
 379 26798909 26798909       0 1
 380 26798909 26798909       0 1
 381 26798909 26807847    8938 1
 382 26807847 26829592   21745 1
 383 26829592 26840318   10726 1
 384 26840318 26852466   12148 1
 385 26852466 26855390    2924 1
 386 26855390 26861762    6372 1
 387 26861762 26865305    3543 1
 388 26865305 26870323    5018 1
 389 26870323 26872009    1686 1
 390 26872009 26875816    3807 1
 391 26885429 26887102    1673 1
 392 26887102 26901240   14138 1
 393 26901240 26901240       0 1
 394 26901240 26901240       0 1
 395 26901240 26910731    9491 1
 396 26910731 26912137    1406 1
 397 26912137 26934017   21880 1
 398 26934017 26934017       0 1
 399 26934017 26934017       0 1
 400 26934017 26934017       0 1
 401 26934017 26934017       0 1
 402 26934017 26934017       0 1
 403 26934017 26948927   14910 1
 404 26992304 27015823   23519 1
 405 27015823 27017275    1452 1
 406 27017275 27025106    7831 1
 407 27026626 27309660  283034 2
 408 27311180 27354428   43248 1
 409 27354428 27419439   65011 4
 410 27419439 27419440       1 1
 411 27424199 27449316   25117 1
 412 27471349 27486470   15121 1
 413 27486470 27557325   70855 1
 414 27557325 27630629   73304 1
 415 27630629 27674130   43501 1
 416 27674130 27701560   27430 1
 417 27701560 27701561       1 1
 418 27701561 27888720  187159 1
 419 27888720 27925066   36346 1
 420 27925066 27948913   23847 1
 421 27948913 27952702    3789 1
 422 27952702 27962613    9911 1
 423 27962613 27968745    6132 1
 424 27968745 27988613   19868 1
 425 27988613 28041860   53247 1
 426 28109348 28217942  108594 1
 427 28217942 28250042   32100 1
 428 28250042 28264108   14066 1
 429 28264108 28278766   14658 1
 430 28278766 28311219   32453 1
 431 28313243 28331145   17902 1
 432 28368386 28427195   58809 1
 433 28427195 28496123   68928 1
 434 28546069 28571297   25228 1
 435 28639386 28700310   60924 1
 436 28701831 29381160  679329 2
 437 29382680 29383524     844 1
 438 29383524 29408035   24511 1
 439 29409555 29657111  247556 2
 440 29658631 29707021   48390 1
 441 29707021 29748108   41087 1
 442 29749628 29923048  173420 2
 443 29924568 29946974   22406 1
 444 29946974 29950387    3413 1
 445 29950387 29967993   17606 1
 446 29969513 30573719  604206 2
 447 30908901 30915348    6447 2
 448 30915348 30937951   22603 2
 449 30939471 31523797  584326 2
 450 31525317 31568534   43217 2
 451 31568534 31568534       0 2
 452 31568534 31581885   13351 2
 453 31581885 31581885       0 2
 454 31581885 31596866   14981 2
 455 31598386 31965761  367375 2
 456 31967281 32133037  165756 4
 457 32133037 32133037       0 2
 458 32133037 32133037       0 2
 459 32133037 32133037       0 2
 460 32133037 32133037       0 2
 461 32133037 32144487   11450 2
 462 32170020 32180863   10843 2
 463 32180863 32203538   22675 2
 464 32236708 32264024   27316 2
 465 32282707 32301491   18784 2
 466 32301491 32305755    4264 2
 467 32305755 32307195    1440 2
 468 32307195 32330330   23135 2
 469 32340623 32418820   78197 2
 470 32418820 32420953    2133 2
 471 32420953 32451080   30127 2
 472 32495953 32586352   90399 4
 473 32586352 32586353       1 2
 474 32587873 32749347  161474 2
 475 32750867 32787380   36513 1
 476 32787380 32787380       0 1
 477 32787380 32787380       0 1
 478 32787380 32787380       0 1
 479 32787380 32787380       0 1
 480 32787380 32796485    9105 1
 481 32796485 32813354   16869 1
 482 32813354 32837536   24182 1
 483 32863713 32918196   54483 1
 484 32918196 32918197       1 1
 485 32918197 32923866    5669 1
 486 32944894 33001307   56413 1
 487 33041290 33098155   56865 1
 488 33098155 33098156       1 1
 489 33112845 33125036   12191 1
 490 33125036 33125036       0 1
 491 33125036 33376759  251723 4
 492 33376759 33376759       0 1
 493 33376759 33404791   28032 1
 494 33404791 33472926   68135 1
 495 33472926 33475902    2976 1
 496 33475902 33508696   32794 1
 497 33508696 33517337    8641 1
 498 33517337 33537489   20152 1
 499 33537489 33537489       0 1
 500 33537489 33561523   24034 1
 501 33561523 33561524       1 1
 502 33561524 33566062    4538 1
 503 33566062 33566062       0 1
 504 33566062 33566062       0 1
 505 33566062 33566587     525 1
 506 33566587 33568389    1802 1
 507 33568389 33568777     388 1
 508 33568777 33584872   16095 1
 509 33584872 33584872       0 1
 510 33584872 33586289    1417 1
 511 33586289 33609056   22767 1
 512 33609056 33609056       0 1
 513 33609056 33609056       0 1
 514 33609056 33609056       0 1
 515 33609056 33618048    8992 1
 516 33618048 33622939    4891 1
 517 33622939 33625520    2581 1
 518 33625520 33637075   11555 1
 519 33637075 33652088   15013 1
 520 33671101 33887846  216745 1
 521 33887846 34087186  199340 1
 522 34087186 34091644    4458 1
 523 34091644 34136082   44438 1
 524 34144151 34162161   18010 1
 525 34162161 34204448   42287 1
 526 34204448 34289535   85087 1
 527 34294547 34346974   52427 1
 528 34346974 34346975       1 1
 529 34346975 34512042  165067 1
 530 34512042 34555308   43266 1
 531 34556828 35442427  885599 2
 532 35443947 35517390   73443 1
 533 35517390 35532364   14974 1
 534 35532364 35606075   73711 1
 535 35606075 35638334   32259 1
 536 35638334 35675606   37272 1
 537 35675606 35692241   16635 1
 538 35692241 35951018  258777 1
 539 35951018 35973826   22808 1
 540 35975346 36615784  640438 2
 541 36936706 36959382   22676 2
 542 37032919 37052138   19219 2
 543 37053658 37249788  196130 2
 544 37251308 37261124    9816 2
 545 37261124 37282160   21036 2
 546 37283680 38135909  852229 2
 547 38137429 38200770   63341 4
 548 38200770 38200770       0 2
 549 38200770 38209603    8833 2
 550 38209603 38247274   37671 2
 551 38247274 38277800   30526 2
 552 38279320 38503756  224436 2
 553 38505276 38560572   55296 4
 554 38560572 38560572       0 2
 555 38560572 38560572       0 2
 556 38560572 38560572       0 2
 557 38560572 38564307    3735 2
 558 38564307 38573690    9383 2
 559 38573690 38573690       0 2
 560 38573690 38600898   27208 2
 561 38602418 38717551  115133 2
 562 38719071 38727097    8026 1
 563 38727097 38764836   37739 1
 564 38764836 38770071    5235 1
 565 38773679 38798644   24965 1
 566 38811349 38820041    8692 1
 567 38820041 38820041       0 1
 568 38820041 38820041       0 1
 569 38820041 38820041       0 1
 570 38820041 38844305   24264 1
 571 38844305 38844305       0 1
 572 38844305 38844306       1 1
 573 38844306 38845454    1148 1
 574 38845454 38846502    1048 1
 575 38846502 38846503       1 1
 576 38846503 38846503       0 1
 577 38846503 38846503       0 1
 578 38846503 38846503       0 1
 579 38846503 38846503       0 1
 580 38846503 38846503       0 1
 581 38846503 38846503       0 1
 582 38846503 38846503       0 1
 583 38846503 38846503       0 1
 584 38846503 38846503       0 1
 585 38846503 38846503       0 1
 586 38846503 38846503       0 1
 587 38846503 38846503       0 1
 588 38846503 38846503       0 1
 589 38846503 38846503       0 1
 590 38846503 38846503       0 1
 591 38846503 38846503       0 1
 592 38846503 38846503       0 1
 593 38846503 38846503       0 1
 594 38846503 38846503       0 1
 595 38846503 38846503       0 1
 596 38846503 38846503       0 1
 597 38846503 38846503       0 1
 598 38846503 38846503       0 1
 599 38846503 38846503       0 1
 600 38846503 38846503       0 1
 601 38846503 38846503       0 1
 602 38846503 38846503       0 1
 603 38846503 38853531    7028 1
 604 38853531 38853531       0 1
 605 38853531 38853531       0 1
 606 38853531 38854208     677 1
 607 38854208 38877547   23339 1
 608 38877547 38879037    1490 1
 609 38880557 39030855  150298 2
 610 39032375 39047922   15547 1
 611 39047922 39047922       0 1
 612 39047922 39047922       0 1
 613 39047922 39047922       0 1
 614 39047922 39047922       0 1
 615 39047922 39047922       0 1
 616 39047922 39052493    4571 1
 617 39052493 39052493       0 1
 618 39052493 39075262   22769 1
 619 39075262 39075262       0 1
 620 39075262 39075262       0 1
 621 39075262 39075262       0 1
 622 39075262 39075262       0 1
 623 39075262 39075262       0 1
 624 39075262 39075262       0 1
 625 39075262 39075262       0 1
 626 39075262 39075262       0 1
 627 39075262 39075262       0 1
 628 39075262 39075262       0 1
 629 39075262 39098226   22964 1
 630 39098226 39098226       0 1
 631 39098226 39105498    7272 1
 632 39105498 39105498       0 1
 633 39105498 39105498       0 1
 634 39105498 39105498       0 1
 635 39105498 39105498       0 1
 636 39105498 39105498       0 1
 637 39105498 39105498       0 1
 638 39105498 39105498       0 1
 639 39105498 39105498       0 1
 640 39105498 39105498       0 1
 641 39105498 39105498       0 1
 642 39105498 39105498       0 1
 643 39105498 39105873     375 1
 644 39105873 39113540    7667 1
 645 39113540 39113540       0 1
 646 39113540 39113540       0 1
 647 39113540 39143777   30237 4
 648 39143777 39143778       1 1
 649 39143778 39163549   19771 1
 650 39163549 39163549       0 1
 651 39163549 39171170    7621 1
 652 39171170 39176646    5476 1
 653 39176646 39178990    2344 1
 654 39178990 39185242    6252 1
 655 39185242 39185243       1 1
 656 39185243 39185818     575 1
 657 39185818 39187320    1502 1
 658 39187320 39192460    5140 1
 659 39192460 39194458    1998 1
 660 39194458 39217452   22994 1
 661 39280898 39319993   39095 1
 662 39319993 39319993       0 1
 663 39319993 39319994       1 1
 664 39349631 39382108   32477 1
 665 39382108 39382108       0 1
 666 39382108 39382108       0 1
 667 39382108 39382108       0 1
 668 39382108 39382108       0 1
 669 39382108 39391621    9513 1
 670 39391621 39404059   12438 1
 671 39404059 39404059       0 1
 672 39404059 39417414   13355 1
 673 39417414 39567617  150203 4
 674 39567617 39567617       0 1
 675 39567617 39567618       1 1
 676 39653085 39695171   42086 1
 677 39695171 39695171       0 1
 678 39695171 39695172       1 1
 679 39696692 39837033  140341 2
 680 39838553 39870019   31466 1
 681 39870019 39877615    7596 1
 682 39877615 40030330  152715 1
 683 40065647 40167933  102286 1
 684 40167933 40185161   17228 1
 685 40185161 40208794   23633 1
 686 40210314 41256274 1045960 2
 687 41257794 41280865   23071 1
 688 41282385 41652932  370547 2
 689 41654452 41697653   43201 1
 690 41697653 41701780    4127 1
 691 41701780 41917661  215881 1
 692 41917661 41918230     569 1
 693 41918230 41921553    3323 1
 694 41921553 41923897    2344 1
 695 41923897 41931250    7353 1
 696 41931250 41931250       0 1
 697 41931250 41931250       0 1
 698 41931250 41955414   24164 1
 699 41956934 42494335  537401 2
 700 42495855 42525511   29656 1
 701 42525511 42544957   19446 1
 702 42544957 42552441    7484 1
 703 42553961 42657859  103898 2
 704 43091191 43119336   28145 2
 705 43122046 43156180   34134 2
 706 43156180 43156180       0 2
 707 43156180 43156180       0 2
 708 43156180 43156180       0 2
 709 43156180 43156180       0 2
 710 43156180 43169683   13503 2
 711 43169683 43169683       0 2
 712 43169683 43169683       0 2
 713 43169683 43169683       0 2
 714 43169683 43169684       1 2
 715 43170731 43194464   23733 2
 716 43195984 44021568  825584 2
 717 44023088 44030688    7600 2
 718 44030688 44032539    1851 2
 719 44032539 44065811   33272 2
 720 44065811 44068577    2766 2
 721 44076315 44234624  158309 2
 722 44234624 44446354  211730 2
 723 44446354 44496265   49911 4
 724 44496265 44548398   52133 4
 725 44548398 44548398       0 2
 726 44548398 44548398       0 2
 727 44548398 44548398       0 2
 728 44548398 44548398       0 2
 729 44548398 44548398       0 2
 730 44548398 44548398       0 2
 731 44548398 44548398       0 2
 732 44548398 44570598   22200 2
 733 44570598 44570598       0 2
 734 44570598 44570598       0 2
 735 44570598 44570598       0 2
 736 44570598 44570598       0 2
 737 44570598 44582368   11770 2
 738 44586769 44609087   22318 2
 739 44609087 44619394   10307 2
 740 44619394 44620919    1525 2
 741 44620919 44643313   22394 2
 742 44643313 44646674    3361 2
 743 44646674 44650581    3907 2
 744 44650581 44656488    5907 2
 745 44656488 44660833    4345 2
 746 44660833 44683499   22666 2
 747 44683499 44706417   22918 2
 748 44706417 44706417       0 1
 749 44706417 44713739    7322 1
 750 44713739 44713739       0 1
 751 44713739 44713739       0 1
 752 44713739 44713739       0 1
 753 44713739 44713739       0 1
 754 44713739 44713739       0 1
 755 44713739 44725511   11772 1
 756 44725511 44750598   25087 1
 757 44750598 44774701   24103 1
 758 44788863 44817543   28680 1
 759 44817543 44817543       0 1
 760 44817543 44820005    2462 1
 761 44820005 44820005       0 1
 762 44820005 44820005       0 1
 763 44820005 44820005       0 1
 764 44820005 44820005       0 1
 765 44820005 44826638    6633 1
 766 44826638 44826638       0 1
 767 44826638 44826638       0 1
 768 44826638 44826638       0 1
 769 44826638 44826638       0 1
 770 44826638 44826638       0 1
 771 44826638 44826638       0 1
 772 44826638 44826638       0 1
 773 44826638 44826638       0 1
 774 44826638 44826638       0 1
 775 44826638 44826638       0 1
 776 44826638 44826638       0 1
 777 44826638 44826638       0 1
 778 44826638 44826638       0 1
 779 44826638 44826638       0 1
 780 44826638 44826638       0 1
 781 44826638 44826638       0 1
 782 44826638 44826638       0 1
 783 44826638 44826638       0 1
 784 44826638 44826638       0 1
 785 44826638 44826638       0 1
 786 44826638 44826638       0 1
 787 44826638 44826638       0 1
 788 44826638 44839905   13267 1
 789 44839905 44839905       0 1
 790 44839905 44840833     928 1
 791 44840833 44840833       0 1
 792 44840833 44842929    2096 1
 793 44842929 44849065    6136 1
 794 44849065 44849065       0 1
 795 44849065 44851274    2209 1
 796 44851274 44851274       0 1
 797 44851274 44854867    3593 1
 798 44854867 44864888   10021 1
 799 44875362 44896208   20846 1
 800 44896208 44896208       0 1
 801 44896208 44896208       0 1
 802 44896208 44896208       0 1
 803 44896208 44899621    3413 1
 804 44899621 44900232     611 1
 805 44900232 44922001   21769 1
 806 44922001 44922001       0 1
 807 44922001 44922001       0 1
 808 44922001 44922001       0 1
 809 44922001 44922001       0 1
 810 44922001 44941097   19096 1
 811 44941097 44941098       1 1
 812 44941098 44941098       0 1
 813 44941098 44943069    1971 1
 814 44943069 44969760   26691 1
 815 44971280 45092030  120750 2
 816 45093550 45122611   29061 1
 817 45191326 45244562   53236 1
 818 45246082 45384896  138814 2
 819 45386416 45680009  293593 4
 820 45680009 45680010       1 1
 821 45680010 45680292     282 1
 822 45680292 45702546   22254 1
 823 45704066 46386322  682256 2
 824 46387842 46527555  139713 1
 825 46527555 46552752   25197 1
 826 46552752 46560250    7498 1
 827 46561770 47347547  785777 2
 828 47349067 47373495   24428 1
 829 47373495 47376352    2857 1
 830 47376352 47379846    3494 1
 831 47379846 47382572    2726 1
 832 47382572 47384241    1669 1
 833 47384241 47385096     855 1
 834 47385096 47385096       0 1
 835 47385096 47389912    4816 1
 836 47389912 47389912       0 1
 837 47389912 47390287     375 1
 838 47390287 47399557    9270 1
 839 47399557 47423297   23740 1
 840 47423297 47423297       0 1
 841 47423297 47423297       0 1
 842 47423297 47426033    2736 1
 843 47426033 47426033       0 1
 844 47426033 47449665   23632 1
 845 47477624 47500804   23180 1
 846 47500804 47507301    6497 1
 847 47507301 47525109   17808 1
 848 47525109 47525753     644 1
 849 47525753 47559117   33364 1
 850 47559117 47582012   22895 1
 851 47582012 47582756     744 1
 852 47582756 47609268   26512 1
 853 47610788 47897187  286399 2
 854 47898707 47940050   41343 1
 855 48020718 48043871   23153 1
 856 48050242 48054967    4725 1
 857 48054967 48080884   25917 1
 858 48155237 48178602   23365 1
 859 48180122 48672238  492116 2
 860 48673758 49068129  394371 1
 861 49068129 49090989   22860 2
 862 49090989 49098082    7093 2
 863 49098082 49122080   23998 2
 864 49123600 49214838   91238 2
 865 49216358 49240550   24192 2
 866 49240550 49240550       0 2
 867 49240550 49246854    6304 2
 868 49246854 49246854       0 2
 869 49246854 49246854       0 2
 870 49246854 49258182   11328 2
 871 49258182 49262389    4207 2
 872 49262389 49262390       1 2
 873 49262390 49265110    2720 2
 874 49265110 49315145   50035 2
 875 49315145 49323448    8303 2
 876 49323448 49330217    6769 2
 877 49330217 49338278    8061 2
 878 49338278 49352051   13773 2
 879 49353571 49752726  399155 2
 880 49754246 49777826   23580 2
 881 49779346 49957293  177947 2
 882 49958813 50002353   43540 2
 883 50002353 50025175   22822 2
 884 50026695 50122449   95754 2
 885 50123969 50209162   85193 2
 886 50209162 50469604  260442 2
 887 50469604 50666661  197057 4
 888 50666661 50666661       0 2
 889 50666661 50667705    1044 2
 890 50667705 50668156     451 2
 891 50668156 50668157       1 2
 892 50668157 50670028    1871 2
 893 50670028 50670585     557 2
 894 50670585 50670704     119 2
 895 50670704 50690906   20202 2
 896 50690906 50713520   22614 2
 897 50726167 50752345   26178 1
 898 50767912 50795096   27184 1
 899 50795096 50795096       0 1
 900 50795096 50795096       0 1
 901 50795096 50797124    2028 1
 902 50797124 50797124       0 1
 903 50797124 50797124       0 1
 904 50797124 50797124       0 1
 905 50797124 50797124       0 1
 906 50797124 50797124       0 1
 907 50797124 50797124       0 1
 908 50797124 50797124       0 1
 909 50797124 50797124       0 1
 910 50797124 50797124       0 1
 911 50797124 50797124       0 1
 912 50797124 50797124       0 1
 913 50797124 50797124       0 1
 914 50797124 50797124       0 1
 915 50797124 50797124       0 1
 916 50797124 50797124       0 1
 917 50797124 50797124       0 1
 918 50797124 50797124       0 1
 919 50797124 50797124       0 1
 920 50797124 50797124       0 1
 921 50797124 50797124       0 1
 922 50797124 50797124       0 1
 923 50797124 50797124       0 1
 924 50797124 50797124       0 1
 925 50797124 50797124       0 1
 926 50797124 50797124       0 1
 927 50797124 50812836   15712 1
 928 50812836 50812837       1 1
 929 50812837 50812857      20 1
 930 50812857 50812911      54 1
 931 50812911 50815253    2342 1
 932 50815253 50817324    2071 1
 933 50817324 50817325       1 1
 934 50817325 50817325       0 1
 935 50817325 50817325       0 1
 936 50817325 50817325       0 1
 937 50817325 50817325       0 1
 938 50817325 50825009    7684 1
 939 50825009 50826515    1506 1
 940 50826515 50839072   12557 1
 941 50848737 50873386   24649 1
 942 50873386 50873386       0 1
 943 50873386 50874200     814 1
 944 50874200 50881239    7039 1
 945 50881239 50903081   21842 1
 946 50903081 50904126    1045 1
 947 50904126 50906936    2810 1
 948 50906936 50912581    5645 1
 949 50912581 50914061    1480 1
 950 50914061 50914236     175 1
 951 50914236 50936234   21998 1
 952 51004618 51029886   25268 1
 953 51029886 51030775     889 1
 954 51030775 51030775       0 1
 955 51030775 51030775       0 1
 956 51030775 51030775       0 1
 957 51030775 51030775       0 1
 958 51030775 51030775       0 1
 959 51030775 51030775       0 1
 960 51030775 51030775       0 1
 961 51030775 51030775       0 1
 962 51030775 51032492    1717 1
 963 51032492 51032492       0 1
 964 51032492 51035439    2947 1
 965 51035439 51057995   22556 1
 966 51057995 51066963    8968 1
 967 51066963 51070805    3842 1
 968 51070805 51073613    2808 1
 969 51073613 51073614       1 1
 970 51073614 51081195    7581 1
 971 51081195 51082185     990 1
 972 51082185 51090006    7821 1
 973 51090006 51090006       0 1
 974 51090006 51113393   23387 1
 975 51117512 51118483     971 1
 976 51118483 51125703    7220 1
 977 51125703 51149933   24230 1
 978 51171547 51176892    5345 1
 979 51176892 51199076   22184 1
 980 51223740 51246429   22689 1
 981 51246429 51246429       0 1
 982 51246429 51246429       0 1
 983 51246429 51246429       0 1
 984 51246429 51246429       0 1
 985 51246429 51259519   13090 1
 986 51259519 51259519       0 1
 987 51259519 51260601    1082 1
 988 51260601 51279959   19358 1
 989 51279959 51279959       0 1
 990 51279959 51279959       0 1
 991 51279959 51281652    1693 1
 992 51281652 51305164   23512 1
 993 51305164 51309971    4807 1
 994 51309971 51312709    2738 1
 995 51312709 51318187    5478 1
 996 51318187 51332567   14380 1
 997 51332567 51333700    1133 1
 998 51333700 51334806    1106 1
 999 51334806 51335300     494 1
1000 51335300 51335745     445 1
1001 51335745 51359832   24087 1
1002 51361352 52208733  847381 2
1003 52210253 52299606   89353 1
1004 52299606 52346470   46864 1
1005 52346470 52560166  213696 1
1006 52560166 52720695  160529 1
1007 52720695 52740118   19423 1
1008 52740118 52834231   94113 1
1009 52910578 53082548  171970 1
1010 53082548 53098768   16220 1
1011 53098768 53098769       1 1
1012 53098769 53100777    2008 1
1013 53100777 53100777       0 1
1014 53100777 53103945    3168 1
1015 53103945 53105585    1640 1
1016 53105585 53105847     262 1
1017 53105847 53128843   22996 1
1018 53128843 53128843       0 1
1019 53128843 53128843       0 1
1020 53128843 53128843       0 1
1021 53128843 53133663    4820 1
1022 53133663 53133663       0 1
1023 53133663 53133663       0 1
1024 53133663 53133663       0 1
1025 53133663 53133663       0 1
1026 53133663 53133663       0 1
1027 53133663 53133663       0 1
1028 53133663 53138639    4976 1
1029 53138639 53138639       0 1
1030 53138639 53138639       0 1
1031 53138639 53138639       0 1
1032 53138639 53138639       0 1
1033 53138639 53138639       0 1
1034 53138639 53138639       0 1
1035 53138639 53138639       0 1
1036 53138639 53138639       0 1
1037 53138639 53138639       0 1
1038 53138639 53138639       0 1
1039 53138639 53138639       0 1
1040 53138639 53138639       0 1
1041 53138639 53138639       0 1
1042 53138639 53138639       0 1
1043 53138639 53151587   12948 1
1044 53151587 53165419   13832 1
1045 53165419 53165419       0 1
1046 53165419 53165419       0 1
1047 53165419 53165419       0 1
1048 53165419 53171608    6189 1
1049 53171608 53171608       0 1
1050 53171608 53171608       0 1
1051 53171608 53171608       0 1
1052 53171608 53171608       0 1
1053 53171608 53173761    2153 1
1054 53173761 53173761       0 1
1055 53173761 53175003    1242 1
1056 53175003 53177865    2862 1
1057 53177865 53203192   25327 1
1058 53203192 53203193       1 1
1059 53203193 53204934    1741 1
1060 53204934 53204934       0 1
1061 53204934 53205634     700 1
1062 53205634 53207760    2126 1
1063 53207760 53209347    1587 1
1064 53209347 53211900    2553 1
1065 53211900 53211900       0 1
1066 53211900 53211900       0 1
1067 53211900 53211900       0 1
1068 53211900 53211900       0 1
1069 53211900 53211900       0 1
1070 53211900 53211900       0 1
1071 53211900 53213146    1246 1
1072 53213146 53213146       0 1
1073 53213146 53213146       0 1
1074 53213146 53215505    2359 1
1075 53215505 53220586    5081 1
1076 53220586 53220586       0 1
1077 53220586 53220586       0 1
1078 53220586 53220586       0 1
1079 53220586 53226530    5944 1
1080 53226530 53226530       0 1
1081 53226530 53226530       0 1
1082 53226530 53226530       0 1
1083 53226530 53228126    1596 1
1084 53228126 53229990    1864 1
1085 53229990 53229990       0 1
1086 53229990 53229990       0 1
1087 53229990 53230847     857 1
1088 53230847 53231105     258 1
1089 53231105 53256602   25497 1
1090 53256602 53256603       1 1
1091 53256603 53256603       0 1
1092 53256603 53256603       0 1
1093 53256603 53256603       0 1
1094 53256603 53256603       0 1
1095 53256603 53265170    8567 1
1096 53265170 53265170       0 1
1097 53265170 53265170       0 1
1098 53265170 53265170       0 1
1099 53265170 53268872    3702 1
1100 53268872 53277981    9109 1
1101 53279501 53538097  258596 2
1102 53539617 53563324   23707 1
1103 53594851 53625146   30295 1
1104 53625146 53625146       0 1
1105 53625146 53625146       0 1
1106 53625146 53625146       0 1
1107 53625146 53625146       0 1
1108 53625146 53625146       0 1
1109 53625146 53625146       0 1
1110 53625146 53639156   14010 1
1111 53639156 53645380    6224 1
1112 53646900 53969532  322632 2
1113 53971052 54001741   30689 1
1114 54001741 54001742       1 1
1115 54001742 54004531    2789 1
1116 54006051 54742008  735957 2
1117 54779262 54934114  154852 2
1118 54934114 54966366   32252 2
1119 54967886 55239880  271994 2
1120 55241400 55300452   59052 2
1121 55320856 55350269   29413 2
1122 55350269 55350269       0 2
1123 55350269 55350270       1 2
1124 55350270 55350830     560 2
1125 55425684 55450101   24417 2
1126 55521194 55574613   53419 2
1127 55574613 55574614       1 2
1128 55574614 55576205    1591 2
1129 55576205 55677581  101376 2
1130 55677581 55723935   46354 2
1131 55723935 55766545   42610 2
1132 55766545 55766546       1 2
1133 55766546 56095822  329276 2
1134 56095822 56219294  123472 2
1135 56219294 56429566  210272 2
1136 56429566 56639173  209607 4
1137 56639173 56639173       0 2
1138 56639173 56639173       0 2
1139 56639173 56639173       0 2
1140 56639173 56642594    3421 2
1141 56642594 56642594       0 2
1142 56642594 56642594       0 2
1143 56642594 56665308   22714 2
1144 56691592 56730574   38982 2
1145 56730574 56731076     502 2
1146 56731076 56731580     504 2
1147 56773221 56798194   24973 1
1148 56798194 56798194       0 1
1149 56798194 56802316    4122 1
1150 56802316 56802316       0 1
1151 56802316 56802316       0 1
1152 56802316 56817795   15479 1
1153 56821114 56835589   14475 1
1154 56835589 56846719   11130 1
1155 56846719 56846719       0 1
1156 56846719 56856842   10123 1
1157 56856842 56856842       0 1
1158 56856842 56858631    1789 1
1159 56858631 56861862    3231 1
1160 56861862 56884566   22704 1
1161 56938285 56974110   35825 4
1162 56974110 56974110       0 1
1163 56974110 56974110       0 1
1164 56974110 56974110       0 1
1165 56974110 56975745    1635 1
1166 56975745 56975745       0 1
1167 56975745 56975745       0 1
1168 56975745 56975745       0 1
1169 56975745 56999632   23887 1
1170 57001152 57135493  134341 2
1171 57137013 57137274     261 1
1172 57137274 57143184    5910 1
1173 57143184 57143184       0 1
1174 57143184 57143184       0 1
1175 57143184 57165628   22444 1
1176 57165628 57165628       0 1
1177 57165628 57165628       0 1
1178 57165628 57165628       0 1
1179 57165628 57165628       0 1
1180 57165628 57165628       0 1
1181 57165628 57165628       0 1
1182 57165628 57177636   12008 1
1183 57177636 57177636       0 1
1184 57177636 57177636       0 1
1185 57177636 57177636       0 1
1186 57177636 57177636       0 1
1187 57177636 57179838    2202 1
1188 57179838 57179838       0 1
1189 57179838 57179838       0 1
1190 57179838 57180073     235 1
1191 57180073 57202541   22468 1
1192 57247613 57270899   23286 1
1193 57270899 57270899       0 1
1194 57270899 57272870    1971 1
1195 57272870 57273372     502 1
1196 57273372 57284348   10976 1
1197 57284348 57293339    8991 1
1198 57293339 57297560    4221 1
1199 57297560 57298655    1095 1
1200 57298655 57304537    5882 1
1201 57304537 57304759     222 1
1202 57304759 57328424   23665 1
1203 57328424 57328424       0 1
1204 57328424 57328424       0 1
1205 57328424 57328424       0 1
1206 57328424 57328424       0 1
1207 57328424 57328424       0 1
1208 57328424 57340646   12222 1
1209 57340646 57340646       0 1
1210 57340646 57340646       0 1
1211 57340646 57361117   20471 1
1212 57361117 57361117       0 1
1213 57361117 57365660    4543 1
1214 57365660 57390821   25161 1
1215 57390821 57390822       1 1
1216 57391325 57415780   24455 1
1217 57417300 57624453  207153 2
1218 57625973 57701912   75939 1
1219 57701912 57701912       0 1
1220 57701912 57725290   23378 1
1221 57784715 57805643   20928 1
1222 57807163 57912344  105181 2
1223 57913864 57940867   27003 1
1224 57940867 57940867       0 1
1225 57940867 57956940   16073 1
1226 57956940 57964698    7758 1
1227 57966469 57994503   28034 1
1228 58004059 58006076    2017 1
1229 58006076 58029319   23243 1
1230 58066294 58089039   22745 1
1231 58137718 58168902   31184 1
1232 58168902 58177920    9018 1
1233 58177920 58195962   18042 1
1234 58209948 58229388   19440 1
1235 58229388 58276044   46656 1
1236 58277564 59662010 1384446 2
1237 59663530 59663569      39 1
1238 59663569 59667874    4305 1
1239 59668604 59704640   36036 1
1240 59704640 59704641       1 1
1241 59704641 59717523   12882 1
1242 59719043 59835303  116260 2
1243 59836823 59869885   33062 1
1244 59930289 60301050  370761 1
1245 60301050 60329922   28872 1
1246 60331442 60784081  452639 2
1247 61517873 61592582   74709 2
1248 61592582 61592583       1 2
1249 61592583 61918899  326316 2
1250 61918899 62013885   94986 2
1251 62013885 62040927   27042 2
1252 62040927 62136064   95137 2
1253 62136064 62154838   18774 2
1254 62154838 62154839       1 2
1255 62154839 62342831  187992 2
1256 62342831 62388205   45374 2
1257 62388205 62611224  223019 4
1258 62611224 62611225       1 2
1259 62611225 62611462     237 2
1260 62611462 62622379   10917 2
1261 62622379 62633592   11213 2
1262 62633592 62662206   28614 2
1263 62663726 62795922  132196 2
1264 62797442 62801644    4202 2
1265 62801644 62801644       0 2
1266 62801644 62825535   23891 2
1267 62825535 62825535       0 1
1268 62825535 62825535       0 1
1269 62825535 62825535       0 1
1270 62825535 62826099     564 1
1271 62826099 62826099       0 1
1272 62826099 62826099       0 1
1273 62826099 62835591    9492 1
1274 62835591 62857439   21848 1
1275 62857439 62857439       0 1
1276 62857439 62857439       0 1
1277 62857439 62860638    3199 1
1278 62860638 62874718   14080 1
1279 62874718 62875219     501 1
1280 62909666 62958677   49011 4
1281 62958677 62958677       0 1
1282 62958677 62958677       0 1
1283 62958677 62958677       0 1
1284 62958677 62958677       0 1
1285 62958677 62958677       0 1
1286 62958677 62963140    4463 1
1287 62964660 63088249  123589 2
1288 63089769 63099691    9922 1
1289 63099691 63104940    5249 1
1290 63104940 63112278    7338 1
1291 63112278 63112278       0 1
1292 63112278 63134286   22008 1
1293 63170338 63204870   34532 1
1294 63204870 63204870       0 1
1295 63204870 63204870       0 1
1296 63204870 63212718    7848 1
1297 63212718 63213980    1262 1
1298 63213980 63214088     108 1
1299 63227531 63254738   27207 1
1300 63254738 63254738       0 1
1301 63254738 63259286    4548 1
1302 63259286 63259286       0 1
1303 63259286 63260631    1345 1
1304 63260631 63263151    2520 1
1305 63263151 63263152       1 1
1306 63263152 63270794    7642 1
1307 63270794 63292377   21583 1
1308 63292377 63298611    6234 1
1309 63298611 63299924    1313 1
1310 63299924 63322189   22265 1
1311 63322189 63329539    7350 1
1312 63329539 63366585   37046 1
1313 63366585 63376702   10117 1
1314 63376702 63385695    8993 1
1315 63385695 63408345   22650 1
1316 63429231 63630358  201127 1
1317 63630358 63918843  288485 1
1318 63918843 64070473  151630 1
1319 64070473 64073388    2915 1
1320 64073388 64095569   22181 1
1321 64097089 65733096 1636007 2
1322 65734617 65741005    6388 1
1323 65741005 65744875    3870 1
1324 65744875 65756284   11409 1
1325 65756284 65756284       0 1
1326 65756284 65757621    1337 1
1327 65757621 65759547    1926 1
1328 65759547 65768856    9309 1
1329 65768856 65768856       0 1
1330 65768856 65792657   23801 1
1331 65813176 65847152   33976 1
1332 65919463 66303957  384494 1
1333 66303957 66306626    2669 1
1334 66308147 66549221  241074 2
1335 66550742 66576370   25628 1
1336 66615916 66652413   36497 1
1337 66652413 66652414       1 1
1338 66653935 66826137  172202 2
1339 67667921 67668999    1078 2
1340 67668999 67690815   21816 2
1341 67722940 67802258   79318 2
1342 67802258 67806476    4218 2
1343 67806476 67844302   37826 2
1344 67844302 67889087   44785 2
1345 67889087 67891760    2673 2
1346 67891760 67896121    4361 2
1347 67896121 67903022    6901 2
1348 67903022 67924479   21457 2
1349 67929386 67963661   34275 2
1350 67963661 67963661       0 2
1351 67963661 67991005   27344 2
1352 67991005 68009039   18034 2
1353 68009039 68091826   82787 4
1354 68091826 68091827       1 2
1355 68106381 68158018   51637 2
1356 68158018 68158018       0 2
1357 68158018 68158018       0 2
1358 68158018 68158018       0 2
1359 68158018 68158018       0 2
1360 68158018 68171113   13095 2
1361 68171113 68171113       0 2
1362 68171113 68171113       0 2
1363 68171113 68171113       0 2
1364 68171113 68171113       0 2
1365 68171113 68179317    8204 2
1366 68179317 68179318       1 2
1367 68180838 68363138  182300 2
1368 68364658 68589450  224792 4
1369 68589450 68589451       1 2
1370 68589451 68643488   54037 2
1371 68643488 68652799    9311 2
1372 68652799 68676075   23276 2
1373 68677173 68701599   24426 2
1374 68701599 68701599       0 2
1375 68701599 68701599       0 2
1376 68701599 68701599       0 2
1377 68701599 68701599       0 2
1378 68701599 68706197    4598 2
1379 68706197 68707022     825 2
1380 68745954 68769745   23791 2
1381 68781994 68813953   31959 2
1382 68813953 68847461   33508 2
1383 68903796 68908712    4916 1
1384 68908712 68934388   25676 4
1385 68934388 68934388       0 1
1386 68934388 68934388       0 1
1387 68934388 68934388       0 1
1388 68934388 68934388       0 1
1389 68934388 68947185   12797 1
1390 68979064 68995180   16116 1
1391 68995180 68995180       0 1
1392 68995180 69017802   22622 1
1393 69017802 69017803       1 1
1394 69017803 69031384   13581 1
1395 69031384 69039007    7623 1
1396 69039007 69060696   21689 1
1397 69074462 69096815   22353 1
1398 69096815 69114800   17985 1
1399 69114800 69114800       0 1
1400 69114800 69114800       0 1
1401 69114800 69136592   21792 1
1402 69136592 69138033    1441 1
1403 69138033 69138033       0 1
1404 69138033 69138033       0 1
1405 69138033 69138033       0 1
1406 69138033 69162485   24452 1
1407 69162485 69162485       0 1
1408 69162485 69162485       0 1
1409 69162485 69162485       0 1
1410 69162485 69162485       0 1
1411 69162485 69162485       0 1
1412 69162485 69163970    1485 1
1413 69163970 69165945    1975 1
1414 69165945 69179334   13389 1
1415 69179334 69179334       0 1
1416 69179334 69179334       0 1
1417 69179334 69179763     429 1
1418 69179763 69202535   22772 1
1419 69202535 69202720     185 1
1420 69202720 69202720       0 1
1421 69202720 69202720       0 1
1422 69202720 69202720       0 1
1423 69202720 69227783   25063 1
1424 69227783 69230332    2549 1
1425 69230332 69249835   19503 1
1426 69249835 69289142   39307 1
1427 69289142 69290728    1586 1
1428 69290728 69306701   15973 1
1429 69306701 69310355    3654 1
1430 69310355 69310355       0 1
1431 69310355 69310355       0 1
1432 69310355 69332772   22417 1
1433 69332772 69332772       0 1
1434 69332772 69332772       0 1
1435 69332772 69332772       0 1
1436 69332772 69332772       0 1
1437 69332772 69332772       0 1
1438 69332772 69332772       0 1
1439 69332772 69332772       0 1
1440 69332772 69332772       0 1
1441 69332772 69332772       0 1
1442 69332772 69332772       0 1
1443 69332772 69346305   13533 1
1444 69347825 69635392  287567 2
1445 69636912 69660068   23156 1
1446 69660068 69660068       0 1
1447 69660068 69660068       0 1
1448 69660068 69660068       0 1
1449 69660068 69668581    8513 1
1450 69668581 69668581       0 1
1451 69668581 69668582       1 1
1452 69668582 69668582       0 1
1453 69668582 69669706    1124 1
1454 69669706 69669706       0 1
1455 69669706 69669706       0 1
1456 69669706 69669706       0 1
1457 69669706 69693359   23653 1
1458 69694879 70641147  946268 2
1459 70642667 70666203   23536 1
1460 70667723 71848711 1180988 2
1461 71850231 71883298   33067 1
1462 71883298 71886665    3367 1
1463 71886665 71889269    2604 1
1464 71889269 72243024  353755 1
1465 72243024 72266590   23566 1
1466 72268110 72868212  600102 2
1467 73095933 73161817   65884 2
1468 73161817 73161818       1 2
1469 73213168 73318532  105364 2
1470 73318532 73318532       0 2
1471 73318532 73318532       0 2
1472 73318532 73318533       1 2
1473 73318533 73319281     748 2
1474 73319281 73319282       1 2
1475 73319282 73449762  130480 2
1476 73449762 73465128   15366 2
1477 73465128 73508414   43286 2
1478 73508414 73511740    3326 2
1479 73511740 73604221   92481 2
1480 73604221 73769792  165571 2
1481 73769792 74054643  284851 4
1482 74054643 74054643       0 2
1483 74054643 74054644       1 2
1484 74093645 74116582   22937 2
1485 74116582 74116582       0 2
1486 74116582 74139513   22931 2
1487 74139513 74142149    2636 2
1488 74142149 74149020    6871 2
1489 74149020 74153923    4903 2
1490 74153923 74153923       0 2
1491 74153923 74157807    3884 2
1492 74157807 74171872   14065 2
1493 74171872 74176197    4325 2
1494 74176197 74192648   16451 2
1495 74192648 74210800   18152 2
1496 74210800 74249453   38653 2
1497 74249453 74249453       0 2
1498 74249453 74249453       0 2
1499 74249453 74249454       1 2
1500 74256649 74303251   46602 2
1501 74303251 74303251       0 2
1502 74303251 74311486    8235 2
1503 74311486 74311552      66 2
1504 74311552 74360695   49143 2
1505 74360695 74378939   18244 2
1506 74378939 74378939       0 2
1507 74378939 74378939       0 2
1508 74378939 74447981   69042 4
1509 74447981 74447981       0 2
1510 74447981 74447981       0 2
1511 74447981 74447981       0 2
1512 74447981 74453437    5456 2
1513 74453437 74453437       0 2
1514 74453437 74464752   11315 2
1515 74464752 74464753       1 2
1516 74483917 74505566   21649 2
1517 74505566 74515737   10171 2
1518 74515737 74519097    3360 2
1519 74519097 74580249   61152 2
1520 74580249 74582423    2174 2
1521 74582423 74582928     505 2
1522 74582928 74583261     333 2
1523 74583261 74587344    4083 2
1524 74587344 74587344       0 2
1525 74587344 74587344       0 2
1526 74587344 74587344       0 2
1527 74587344 74590895    3551 2
1528 74590895 74604484   13589 2
1529 74604484 74604484       0 2
1530 74604484 74604484       0 2
1531 74604484 74626994   22510 2
1532 74628514 74841418  212904 2
1533 74842938 74873541   30603 2
1534 74873541 74873541       0 2
1535 74873541 74873541       0 2
1536 74873541 74873541       0 2
1537 74873541 74873541       0 2
1538 74873541 74873541       0 2
1539 74873541 74873541       0 2
1540 74873541 74873541       0 2
1541 74873541 74873541       0 2
1542 74873541 74873541       0 2
1543 74873541 74873541       0 2
1544 74873541 74873541       0 2
1545 74873541 74873541       0 2
1546 74873541 74893966   20425 2
1547 74893966 74893967       1 2
1548 74893967 74893967       0 2
1549 74893967 74893967       0 2
1550 74893967 74895249    1282 2
1551 74895249 74896870    1621 2
1552 74896870 74896870       0 2
1553 74896870 74900205    3335 2
1554 74900205 74903703    3498 2
1555 74904699 74992956   88257 4
1556 74992956 74992956       0 1
1557 74992956 74996471    3515 1
1558 74996471 75003587    7116 1
1559 75003587 75003588       1 1
1560 75003588 75014040   10452 1
1561 75014040 75015018     978 1
1562 75015018 75036933   21915 1
1563 75071558 75095449   23891 1
1564 75095449 75095450       1 1
1565 75095450 75102844    7394 1
1566 75102844 75128598   25754 1
1567 75128598 75130349    1751 1
1568 75130349 75130349       0 1
1569 75130349 75130349       0 1
1570 75130349 75143985   13636 1
1571 75143985 75143985       0 1
1572 75143985 75143985       0 1
1573 75143985 75150025    6040 1
1574 75150025 75161428   11403 1
1575 75161428 75171376    9948 1
1576 75171376 75171376       0 1
1577 75171376 75193245   21869 1
1578 75193245 75200034    6789 1
1579 75200034 75200035       1 1
1580 75200035 75204594    4559 1
1581 75204594 75229050   24456 1
1582 75229050 75230303    1253 1
1583 75230303 75244780   14477 1
1584 75244780 75266838   22058 1
1585 75297567 75297927     360 1
1586 75297927 75326857   28930 1
1587 75326857 75334211    7354 1
1588 75334211 75356370   22159 1
1589 75410518 75502302   91784 1
1590 75502302 75527220   24918 1
1591 75528740 76158691  629951 2
1592 76160211 76184681   24470 1
1593 76184681 76184681       0 1
1594 76184681 76184681       0 1
1595 76184681 76191040    6359 1
1596 76191040 76216568   25528 1
1597 76218088 77738327 1520239 2
1598 77739847 78387010  647163 1
1599 78388530 78910262  521732 2
1600 79543989 79570731   26742 2
1601 79614296 79691509   77213 2
1602 79691509 79775644   84135 4
1603 79775644 79775644       0 2
1604 79775644 79775644       0 2
1605 79775644 79783250    7606 2
1606 79801643 79832752   31109 2
1607 79832752 80163660  330908 4
1608 80163660 80163660       0 2
1609 80163660 80163660       0 2
1610 80163660 80163661       1 2
1611 80163736 80251452   87716 2
1612 80251452 80275686   24234 2
1613 80277206 80386996  109790 2
1614 80388516 80400760   12244 2
1615 80420435 80445197   24762 2
1616 80445197 80484288   39091 4
1617 80484288 80484288       0 2
1618 80484288 80484289       1 2
1619 80485809 80632494  146685 2
1620 80634014 80711952   77938 2
1621 80736384 80764432   28048 2
1622 80764432 80764433       1 2
1623 80764433 80767179    2746 2
1624 80767179 80769286    2107 2
1625 80769286 80776570    7284 2
1626 80776570 80789908   13338 2
1627 80789908 80793696    3788 2
1628 80793696 80793696       0 2
1629 80793696 80823385   29689 2
1630 80888540 81012586  124046 4
1631 81012586 81012586       0 1
1632 81012586 81012586       0 1
1633 81012586 81018551    5965 1
1634 81045418 81078181   32763 1
1635 81078181 81078181       0 1
1636 81078181 81089937   11756 1
1637 81089937 81102548   12611 1
1638 81104068 81332292  228224 2
1639 81333812 81430111   96299 1
1640 81430111 81452775   22664 1
1641 81469770 81492638   22868 1
1642 81529823 81561436   31613 1
1643 81590677 81599049    8372 1
1644 81599049 81621297   22248 1
1645 81659314 81674009   14695 1
1646 81674009 81674009       0 1
1647 81674009 81697567   23558 1
1648 81697567 81703843    6276 1
1649 81705363 82845980 1140617 2
1650 82847500 82869676   22176 1
1651 82869676 82876077    6401 1
1652 82876077 82886904   10827 1
1653 82886904 82913057   26153 1
1654 82913057 82918268    5211 1
1655 82918268 82923972    5704 1
1656 82923972 82939515   15543 1
1657 82939515 82944153    4638 1
1658 82944153 82967108   22955 1
1659 83048456 83070683   22227 1
1660 83072203 83483526  411323 2
1661 83485046 83511095   26049 1
1662 83512615 83716430  203815 2
1663 83717950 84371180  653230 1
1664 84371180 84395857   24677 1
1665 84397377 84952336  554959 2
1666 85609640 85867554  257914 4
1667 85867554 85867554       0 2
1668 85867554 85867554       0 2
1669 85867554 85869046    1492 2
1670 85869046 85869046       0 2
1671 85869046 85892188   23142 2
1672 85893708 86233123  339415 2
1673 86234643 86236238    1595 2
1674 86236238 86236389     151 2
1675 86236389 86237942    1553 2
1676 86237942 86260997   23055 2