   0  1059065  1818378  759313 4
   1  1819899  2008725  188826 2
   2  2010245  2036939   26694 4
   3  2036939  2036939       0 2
   4  2036939  2036939       0 2
   5  2036939  2036939       0 2
   6  2036939  2036939       0 2
   7  2036939  2036939       0 2
   8  2036939  2036939       0 2
   9  2036939  2036939       0 2
  10  2036939  2036939       0 2
  11  2036939  2036939       0 2
  12  2036939  2036939       0 2
  13  2036939  2055376   18437 2
  14  2055376  2057833    2457 2
  15  2057833  2060620    2787 2
  16  2060620  2065540    4920 2
  17  2065540  2065540       0 2
  18  2065540  2082121   16581 2
  19  2082266  2104506   22240 2
  20  2104506  2104506       0 2
  21  2104506  2104506       0 2
  22  2104506  2124698   20192 2
  23  2124698  2124698       0 2
  24  2124698  2146716   22018 2
  25  2146716  2148867    2151 2
  26  2148867  2157289    8422 2
  27  2157289  2160468    3179 2
  28  2160468  2161289     821 2
  29  2161289  2163195    1906 2
  30  2163195  2170364    7169 2
  31  2170364  2170364       0 2
  32  2170364  2170364       0 2
  33  2170364  2171895    1531 2
  34  2171895  2182704   10809 2
  35  2182704  2183970    1266 2
  36  2183970  2223378   39408 2
  37  2223378  2227395    4017 2
  38  2227395  2227846     451 2
  39  2227846  2232405    4559 2
  40  2232405  2249800   17395 4
  41  2249800  2249800       0 2
  42  2249800  2249800       0 2
  43  2249800  2249800       0 2
  44  2249800  2263827   14027 2
  45  2309384  2332191   22807 2
  46  2332191  2332191       0 2
  47  2332191  2332191       0 2
  48  2332191  2349934   17743 2
  49  2349934  2349934       0 2
  50  2349934  2349934       0 2
  51  2349934  2363397   13463 2
  52  2363397  2385537   22140 2
  53  2385537  2388874    3337 2
  54  2395571  2419123   23552 1
  55  2419123  2419124       1 1
  56  2419124  2434337   15213 1
  57  2434337  2434434      97 1
  58  2434434  2437420    2986 1
  59  2437420  2464484   27064 1
  60  2466004  2802758  336754 2
  61  2804278  2817146   12868 1
  62  2817146  2844074   26928 1
  63  2845594  3147453  301859 2
  64  3148973  3173200   24227 1
  65  3173200  3173200       0 1
  66  3173200  3173200       0 1
  67  3173200  3200209   27009 1
  68  3200209  3203759    3550 1
  69  3203759  3210686    6927 1
  70  3219264  3247625   28361 1
  71  3249145  3781563  532418 2
  72  3783083  3810992   27909 1
  73  3812513  4051125  238612 2
  74  4052645  4057470    4825 1
  75  4057470  4111540   54070 1
  76  4130908  4141095   10187 1
  77  4141095  4153793   12698 1
  78  4153793  4178747   24954 1
  79  4224366  4263691   39325 1
  80  4263691  4266100    2409 1
  81  4266100  4273900    7800 1
  82  4277057  4302468   25411 1
  83  4302468  4302469       1 1
  84  4302469  4304145    1676 1
  85  4305665  5149073  843408 2
  86  5150593  5790655  640062 1
  87  5790655  5790656       1 1
  88  5792176  6105953  313777 2
  89  6107473  6147652   40179 1
  90  6149172  6387138  237966 2
  91  6626805  6633655    6850 2
  92  6633655  6658687   25032 2
  93  6660207  7004631  344424 2
  94  7006151  7007716    1565 2
  95  7007716  7017800   10084 2
  96  7017800  7017800       0 2
  97  7017800  7017800       0 2
  98  7017800  7025254    7454 2
  99  7025254  7025254       0 2
 100  7025254  7025254       0 2
 101  7025254  7025254       0 2
 102  7025254  7047894   22640 2
 103  7047894  7047894       0 2
 104  7047894  7053492    5598 2
 105  7053492  7053492       0 2
 106  7053492  7053492       0 2
 107  7053492  7053492       0 2
 108  7053492  7053492       0 2
 109  7053492  7053492       0 2
 110  7053492  7060529    7037 2
 111  7079548  7115860   36312 2
 112  7115860  7165604   49744 2
 113  7167124  7784816  617692 2
 114  7786336  7858152   71816 2
 115  7858152  7858153       1 2
 116  7858153  7872448   14295 2
 117  7872448  7905877   33429 2
 118  7907397  8040504  133107 2
 119  8042024  8066149   24125 2
 120  8101762  8130249   28487 2
 121  8130249  8130249       0 2
 122  8130249  8130249       0 2
 123  8130249  8136918    6669 2
 124  8136918  8136918       0 2
 125  8136918  8150693   13775 2
 126  8150693  8150693       0 2
 127  8150693  8150693       0 2
 128  8150693  8164213   13520 4
 129  8164213  8164214       1 2
 130  8170912  8219517   48605 4
 131  8219517  8219517       0 2
 132  8219517  8219517       0 2
 133  8219517  8219517       0 2
 134  8219517  8219517       0 2
 135  8219517  8219517       0 2
 136  8219517  8219517       0 2
 137  8219517  8220422     905 2
 138  8220422  8243085   22663 2
 139  8243085  8243085       0 2
 140  8243085  8248707    5622 2
 141  8248707  8248707       0 2
 142  8248707  8248707       0 2
 143  8248707  8248707       0 2
 144  8248707  8248707       0 2
 145  8248707  8268735   20028 2
 146  8287974  8310530   22556 2
 147  8314151  8345981   31830 2
 148  8345981  8345981       0 2
 149  8345981  8345981       0 2
 150  8345981  8345981       0 2
 151  8345981  8368346   22365 2
 152  8368346  8368346       0 2
 153  8368346  8368346       0 2
 154  8368346  8368346       0 2
 155  8368346  8368346       0 2
 156  8368346  8368346       0 2
 157  8368346  8368346       0 2
 158  8368346  8369021     675 2
 159  8369021  8392196   23175 2
 160  8392196  8399127    6931 2
 161  8399127  8399127       0 2
 162  8399127  8399127       0 2
 163  8399127  8399127       0 2
 164  8399127  8399127       0 2
 165  8399127  8399127       0 2
 166  8399127  8399127       0 2
 167  8399127  8399127       0 2
 168  8399127  8399128       1 2
 169  8399128  8399766     638 2
 170  8399766  8409614    9848 2
 171  8409614  8409614       0 2
 172  8409614  8409614       0 2
 173  8409614  8409614       0 2
 174  8409614  8423395   13781 2
 175  8423395  8428011    4616 1
 176  8428011  8460202   32191 1
 177  8461722  8723810  262088 2
 178  8725330  8747119   21789 1
 179  8747119  8765726   18607 1
 180  8765726  8797553   31827 1
 181  8812007  9252085  440078 1
 182  9252085  9342079   89994 1
 183  9342079  9414493   72414 1
 184  9414493  9414946     453 1
 185  9414946  9454505   39559 1
 186  9520196  9546843   26647 1
 187  9546843  9546843       0 1
 188  9546843  9550469    3626 1
 189  9550469  9556071    5602 1
 190  9556071  9578813   22742 1
 191  9584042  9607473   23431 1
 192  9630846  9708280   77434 1
 193  9727206  9731822    4616 1
 194  9740293  9826799   86506 1
 195  9861881  9917714   55833 1
 196  9917714  9933899   16185 1
 197  9933899  9933899       0 1
 198  9933899  9934442     543 1
 199  9934442  9939819    5377 1
 200  9939819  9942933    3114 1
 201  9942933  9965939   23006 1
 202  9982677 10005345   22668 1
 203 10005345 10005345       0 1
 204 10005345 10005345       0 1
 205 10005345 10005345       0 1
 206 10005345 10005345       0 1
 207 10005345 10005345       0 1
 208 10005345 10019711   14366 1
 209 10109350 10138535   29185 1
 210 10169885 10173902    4017 1
 211 10173902 10176068    2166 1
 212 10176068 10190355   14287 1
 213 10190355 10190355       0 1
 214 10190355 10218940   28585 1
 215 10220460 11179238  958778 2
 216 11180758 11204575   23817 1
 217 11204575 11218920   14345 1
 218 11218920 11234253   15333 1
 219 11235773 11983229  747456 2
 220 11984749 12008930   24181 1
 221 12008930 12008930       0 1
 222 12008930 12008930       0 1
 223 12008930 12008930       0 1
 224 12008930 12008930       0 1
 225 12008930 12008930       0 1
 226 12008930 12024632   15702 1
 227 12024632 12024632       0 1
 228 12024632 12050641   26009 1
 229 12050641 12052857    2216 1
 230 12052857 12057205    4348 1
 231 12058725 12188868  130143 2
 232 12190388 12195891    5503 1
 233 12195891 12220173   24282 1
 234 12270838 12631950  361112 1
 235 12631950 12712215   80265 2
 236 12789159 13079773  290614 2
 237 13079773 13080597     824 2
 238 13080597 13126747   46150 2
 239 13126747 13149914   23167 2
 240 13153100 13175615   22515 2
 241 13203309 13222848   19539 2
 242 13222848 13246558   23710 2
 243 13248078 13406375  158297 2
 244 13407895 13429974   22079 2
 245 13447300 13451724    4424 2
 246 13451724 13494866   43142 2
 247 13516723 13929089  412366 2
 248 13929089 14044649  115560 2
 249 14044649 14274295  229646 4
 250 14274295 14274295       0 2
 251 14274295 14274295       0 2
 252 14274295 14274295       0 2
 253 14274295 14274295       0 2
 254 14274295 14283442    9147 2
 255 14313721 14364283   50562 4
 256 14364283 14364283       0 2
 257 14364283 14364283       0 2
 258 14364283 14404017   39734 2
 259 14404017 14404017       0 2
 260 14404017 14404017       0 2
 261 14404017 14409055    5038 2
 262 14409055 14431522   22467 2
 263 14433042 14759319  326277 2
 264 14760839 14773935   13096 1
 265 14773935 14801653   27718 1
 266 14825625 14826039     414 1
 267 14826039 14827591    1552 1
 268 14827591 14829194    1603 1
 269 14829194 14829194       0 1
 270 14829194 14829530     336 1
 271 14829530 14851867   22337 1
 272 14851867 14851867       0 1
 273 14851867 14851867       0 1
 274 14851867 14851867       0 1
 275 14851867 14851867       0 1
 276 14851867 14851867       0 1
 277 14851867 14851867       0 1
 278 14851867 14851867       0 1
 279 14851867 14851867       0 1
 280 14851867 14851867       0 1
 281 14851867 14851867       0 1
 282 14851867 14872559   20692 1
 283 14874079 15238647  364568 2
 284 15240167 15404342  164175 1
 285 15404342 15605293  200951 1
 286 15605293 15707557  102264 1
 287 15707557 15768844   61287 1
 288 15768844 15772630    3786 1
 289 15772630 15775144    2514 1
 290 15775144 15783774    8630 1
 291 15783774 15807933   24159 1
 292 15824400 15851777   27377 1
 293 15871981 15904179   32198 1
 294 15904179 15904179       0 1
 295 15904179 15917791   13612 1
 296 15917791 15927333    9542 1
 297 15927333 15929811    2478 1
 298 15929811 15942927   13116 1
 299 15942927 15957912   14985 1
 300 15957912 15961643    3731 1
 301 15961643 15984694   23051 1
 302 15986214 17003995 1017781 2
 303 17005515 17029983   24468 1
 304 17031503 17253825  222322 2
 305 17255345 17711132  455787 1
 306 17711132 17712425    1293 1
 307 17712425 17768024   55599 1
 308 17815492 17895420   79928 1
 309 17895420 17895420       0 1
 310 17895420 17895421       1 1
 311 17907597 17921650   14053 1
 312 17921650 17921674      24 1
 313 17921674 17948106   26432 1
 314 17949626 18471343  521717 2
 315 19452593 19488377   35784 2
 316 19488377 19507185   18808 2
 317 19507185 19510810    3625 2
 318 19510810 19650922  140112 2
 319 19650922 19951004  300082 2
 320 19951004 20348877  397873 4
 321 20348877 20348877       0 2
 322 20348877 20348877       0 2
 323 20348877 20350693    1816 2
 324 20410371 20793198  382827 4
 325 20793198 20800971    7773 1
 326 20800971 20802818    1847 1
 327 20802818 20802818       0 1
 328 20802818 20803665     847 1
 329 20803665 20803685      20 1
 330 20803685 20827001   23316 1
 331 20828521 21246237  417716 2
 332 21247757 21439462  191705 1
 333 21439462 21442974    3512 1
 334 21442974 21477672   34698 1
 335 21477672 21540827   63155 1
 336 21540827 21544505    3678 1
 337 21544505 21552112    7607 1
 338 21552112 21605474   53362 1
 339 21621781 21811060  189279 1
 340 21812580 22928743 1116163 2
 341 22930263 22930794     531 1
 342 22930794 22954029   23235 1
 343 22955549 23305836  350287 2
 344 23307356 23726919  419563 1
 345 23726919 23730913    3994 1
 346 23730913 23764311   33398 1
 347 23764311 23774816   10505 1
 348 23774816 23895352  120536 1
 349 23895352 23898111    2759 1
 350 23898111 23907725    9614 1
 351 23907725 23910481    2756 1
 352 23910481 23914308    3827 1
 353 23914308 23920300    5992 1
 354 23920300 23920300       0 1
 355 23920300 23943098   22798 1
 356 23944618 24513438  568820 2
 357 25913818 26204382  290564 4
 358 26204382 26204382       0 2
 359 26204382 26204382       0 2
 360 26204382 26204382       0 2
 361 26204382 26204382       0 2
 362 26204382 26214162    9780 2
 363 26214162 26214162       0 2
 364 26214162 26214162       0 2
 365 26214162 26214162       0 2
 366 26214162 26214162       0 2
 367 26214162 26214162       0 2
 368 26214162 26214162       0 2
 369 26214162 26214162       0 2
 370 26214162 26228051   13889 2
 371 26229571 26465140  235569 2
 372 26466660 26799018  332358 4
 373 26799018 26799018       0 1
 374 26799018 26799018       0 1
 375 26799018 26799018       0 1
 376 26799018 26799018       0 1
 377 26799018 26799018       0 1
 378 26799018 26799018       0 1
 379 26799018 26799018       0 1
 380 26799018 26799018       0 1
 381 26799018 26807958    8940 1
 382 26807958 26829698   21740 1
 383 26829698 26840425   10727 1
 384 26840425 26852573   12148 1
 385 26852573 26855496    2923 1
 386 26855496 26861872    6376 1
 387 26861872 26865414    3542 1
 388 26865414 26870434    5020 1
 389 26870434 26896352   25918 1
 390 26896352 26896352       0 1
 391 26896352 26901348    4996 1
 392 26901348 26901348       0 1
 393 26901348 26901348       0 1
 394 26901348 26912242   10894 1
 395 26912242 26912242       0 1
 396 26912242 26934124   21882 1
 397 26934124 26934124       0 1
 398 26934124 26934124       0 1
 399 26934124 26934124       0 1
 400 26934124 26934124       0 1
 401 26934124 26934124       0 1
 402 26934124 26949033   14909 1
 403 26992410 27015927   23517 1
 404 27015927 27017379    1452 1
 405 27017379 27025213    7834 1
 406 27026733 27309765  283032 2
 407 27311285 27419541  108256 1
 408 27419541 27419541       0 4
 409 27419541 27419542       1 1
 410 27424300 27449416   25116 1
 411 27471449 27486637   15188 1
 412 27486637 27519324   32687 1
 413 27519324 27630729  111405 1
 414 27630729 27674232   43503 1
 415 27674232 27701661   27429 1
 416 27701661 27701662       1 1
 417 27701662 27888820  187158 1
 418 27888820 27925164   36344 1
 419 27925164 27949012   23848 1
 420 27949012 27952799    3787 1
 421 27952799 27962734    9935 1
 422 27962734 27968844    6110 1
 423 27968844 27988714   19870 1
 424 27988714 28042108   53394 1
 425 28109439 28218088  108649 1
 426 28218088 28250166   32078 1
 427 28250166 28264210   14044 1
 428 28264210 28278865   14655 1
 429 28278865 28311320   32455 1
 430 28313275 28332058   18783 1
 431 28368474 28427376   58902 1
 432 28427376 28496223   68847 1
 433 28546170 28571397   25227 1
 434 28639486 28700290   60804 1
 435 28701810 29381264  679454 2
 436 29382784 29383628     844 1
 437 29383628 29408138   24510 1
 438 29409658 29657237  247579 2
 439 29658757 29707129   48372 1
 440 29707129 29748210   41081 1
 441 29749730 29923151  173421 2
 442 29924671 29947080   22409 1
 443 29947080 29950489    3409 1
 444 29950489 29968154   17665 1
 445 29969674 30555543  585869 2
 446 30908992 30915439    6447 2
 447 30915439 30938041   22602 2
 448 30939561 31523888  584327 2
 449 31525408 31568624   43216 2
 450 31568624 31568624       0 2
 451 31568624 31581977   13353 2
 452 31581977 31581977       0 2
 453 31581977 31596954   14977 2
 454 31598474 31965834  367360 2
 455 31967354 32133117  165763 4
 456 32133117 32133117       0 2
 457 32133117 32133117       0 2
 458 32133117 32133117       0 2
 459 32133117 32133117       0 2
 460 32133117 32144672   11555 2
 461 32170102 32192708   22606 2
 462 32192708 32203615   10907 2
 463 32236790 32264104   27314 2
 464 32282784 32301567   18783 2
 465 32301567 32305837    4270 2
 466 32305837 32307274    1437 2
 467 32307274 32330426   23152 2
 468 32340841 32418899   78058 2
 469 32418899 32421032    2133 2
 470 32421032 32451154   30122 2
 471 32496024 32586424   90400 4
 472 32586424 32586425       1 2
 473 32587945 32749437  161492 2
 474 32750957 32787448   36491 1
 475 32787448 32787448       0 1
 476 32787448 32787448       0 1
 477 32787448 32787448       0 1
 478 32787448 32787448       0 1
 479 32787448 32796555    9107 1
 480 32796555 32813428   16873 1
 481 32813428 32837608   24180 1
 482 32863784 32918264   54480 1
 483 32918264 32918264       0 1
 484 32918264 32923936    5672 1
 485 32945100 33001347   56247 1
 486 33041360 33075880   34520 1
 487 33075880 33098223   22343 1
 488 33112913 33136834   23921 1
 489 33136834 33141995    5161 1
 490 33141995 33279205  137210 4
 491 33279205 33376822   97617 1
 492 33376822 33404857   28035 1
 493 33404857 33472992   68135 1
 494 33472992 33475966    2974 1
 495 33475966 33550337   74371 1
 496 33550337 33550337       0 1
 497 33550337 33550337       0 1
 498 33550337 33550337       0 1
 499 33550337 33550337       0 1
 500 33550337 33550337       0 1
 501 33550337 33550337       0 1
 502 33550337 33555458    5121 1
 503 33555458 33582492   27034 1
 504 33582492 33582492       0 1
 505 33582492 33582492       0 1
 506 33582492 33582492       0 1
 507 33582492 33582492       0 1
 508 33582492 33607162   24670 1
 509 33607162 33607162       0 1
 510 33607162 33607162       0 1
 511 33607162 33607162       0 1
 512 33607162 33607162       0 1
 513 33607162 33607162       0 1
 514 33607162 33612591    5429 1
 515 33612591 33612591       0 1
 516 33612591 33612591       0 1
 517 33612591 33637132   24541 1
 518 33637132 33652150   15018 1
 519 33671161 33887914  216753 1
 520 33887914 34087220  199306 1
 521 34087220 34091764    4544 1
 522 34091764 34136124   44360 1
 523 34144534 34162210   17676 1
 524 34162210 34204513   42303 1
 525 34204513 34289590   85077 1
 526 34294572 34346991   52419 1
 527 34346991 34346992       1 1
 528 34346992 34512099  165107 1
 529 34512099 34555411   43312 1
 530 34556931 35442427  885496 2
 531 35443947 35517440   73493 1
 532 35517440 35532327   14887 1
 533 35532327 35606127   73800 1
 534 35606127 35638383   32256 1
 535 35638383 35675658   37275 1
 536 35675658 35692254   16596 1
 537 35692254 35951064  258810 1
 538 35951064 35973874   22810 1
 539 35975394 36597647  622253 2
 540 36936745 36959424   22679 2
 541 37033577 37052173   18596 2
 542 37053693 37249830  196137 2
 543 37251350 37261163    9813 2
 544 37261163 37282192   21029 2
 545 37283712 38135878  852166 2
 546 38137398 38200791   63393 4
 547 38200791 38200792       1 2
 548 38200792 38209677    8885 2
 549 38209677 38247296   37619 2
 550 38247296 38277819   30523 2
 551 38279339 38503777  224438 2
 552 38505297 38560589   55292 4
 553 38560589 38560589       0 2
 554 38560589 38567960    7371 2
 555 38567960 38567960       0 2
 556 38567960 38567960       0 2
 557 38567960 38573705    5745 2
 558 38573705 38573705       0 2
 559 38573705 38600913   27208 2
 560 38602433 38717614  115181 2
 561 38719134 38754601   35467 1
 562 38754601 38764849   10248 1
 563 38764849 38770082    5233 1
 564 38773692 38798655   24963 1
 565 38811362 38836238   24876 1
 566 38836238 38836238       0 1
 567 38836238 38837737    1499 1
 568 38837737 38837737       0 1
 569 38837737 38844313    6576 1
 570 38844313 38844313       0 1
 571 38844313 38844313       0 1
 572 38844313 38844313       0 1
 573 38844313 38846511    2198 1
 574 38846511 38846511       0 1
 575 38846511 38846511       0 1
 576 38846511 38846511       0 1
 577 38846511 38846511       0 1
 578 38846511 38846511       0 1
 579 38846511 38846511       0 1
 580 38846511 38846511       0 1
 581 38846511 38846511       0 1
 582 38846511 38846511       0 1
 583 38846511 38846511       0 1
 584 38846511 38846511       0 1
 585 38846511 38846511       0 1
 586 38846511 38846511       0 1
 587 38846511 38846511       0 1
 588 38846511 38846511       0 1
 589 38846511 38846511       0 1
 590 38846511 38846511       0 1
 591 38846511 38846511       0 1
 592 38846511 38846511       0 1
 593 38846511 38846511       0 1
 594 38846511 38846511       0 1
 595 38846511 38846511       0 1
 596 38846511 38846511       0 1
 597 38846511 38846511       0 1
 598 38846511 38846511       0 1
 599 38846511 38846511       0 1
 600 38846511 38865921   19410 1
 601 38865921 38865921       0 1
 602 38865921 38870425    4504 1
 603 38870425 38870425       0 1
 604 38870425 38870425       0 1
 605 38870425 38870425       0 1
 606 38870425 38877556    7131 1
 607 38877556 38879046    1490 1
 608 38880566 39030898  150332 2
 609 39032418 39033829    1411 1
 610 39033829 39035109    1280 1
 611 39035109 39041653    6544 1
 612 39041653 39041653       0 1
 613 39041653 39041653       0 1
 614 39041653 39066021   24368 1
 615 39066021 39066021       0 1
 616 39066021 39066021       0 1
 617 39066021 39066021       0 1
 618 39066021 39066021       0 1
 619 39066021 39066021       0 1
 620 39066021 39066021       0 1
 621 39066021 39066021       0 1
 622 39066021 39066021       0 1
 623 39066021 39066021       0 1
 624 39066021 39066021       0 1
 625 39066021 39068810    2789 1
 626 39068810 39068810       0 1
 627 39068810 39068810       0 1
 628 39068810 39086837   18027 1
 629 39086837 39086837       0 1
 630 39086837 39086837       0 1
 631 39086837 39086837       0 1
 632 39086837 39086837       0 1
 633 39086837 39086837       0 1
 634 39086837 39088455    1618 1
 635 39088455 39088455       0 1
 636 39088455 39093970    5515 1
 637 39093970 39093970       0 1
 638 39093970 39117837   23867 1
 639 39117837 39117837       0 1
 640 39117837 39117837       0 1
 641 39117837 39117837       0 1
 642 39117837 39117837       0 1
 643 39117837 39117837       0 1
 644 39117837 39130550   12713 1
 645 39130550 39134308    3758 1
 646 39134308 39134308       0 4
 647 39134308 39138768    4460 1
 648 39138768 39163553   24785 1
 649 39163553 39163553       0 1
 650 39163553 39163553       0 1
 651 39163553 39163553       0 1
 652 39163553 39178995   15442 1
 653 39178995 39185246    6251 1
 654 39185246 39185247       1 1
 655 39185247 39185779     532 1
 656 39185779 39187325    1546 1
 657 39187325 39192465    5140 1
 658 39192465 39194452    1987 1
 659 39194452 39217454   23002 1
 660 39280910 39319996   39086 1
 661 39319996 39319996       0 1
 662 39319996 39319997       1 1
 663 39349647 39382111   32464 1
 664 39382111 39382111       0 1
 665 39382111 39382111       0 1
 666 39382111 39382111       0 1
 667 39382111 39397804   15693 1
 668 39397804 39397804       0 1
 669 39397804 39397804       0 1
 670 39397804 39417432   19628 1
 671 39417432 39417432       0 1
 672 39417432 39542037  124605 4
 673 39542037 39567619   25582 1
 674 39567619 39567620       1 1
 675 39653070 39695171   42101 1
 676 39695171 39695171       0 1
 677 39695171 39695172       1 1
 678 39696692 39837042  140350 2
 679 39838562 39870011   31449 1
 680 39870011 39877708    7697 1
 681 39877708 40030318  152610 1
 682 40065686 40084533   18847 1
 683 40084533 40185170  100637 1
 684 40185170 40208795   23625 1
 685 40210315 41256260 1045945 2
 686 41257781 41280848   23067 1
 687 41282369 41652915  370546 2
 688 41654435 41697634   43199 1
 689 41697634 41701764    4130 1
 690 41701764 41917645  215881 1
 691 41917645 41918214     569 1
 692 41918214 41921537    3323 1
 693 41921537 41923923    2386 1
 694 41923923 41931234    7311 1
 695 41931234 41931234       0 1
 696 41931234 41931234       0 1
 697 41931234 41955399   24165 1
 698 41956919 42494313  537394 2
 699 42495833 42525488   29655 1
 700 42525488 42545019   19531 1
 701 42545019 42552412    7393 1
 702 43091168 43119310   28142 2
 703 43122023 43156153   34130 2
 704 43156153 43156153       0 2
 705 43156153 43156153       0 2
 706 43156153 43156153       0 2
 707 43156153 43156153       0 2
 708 43156153 43169583   13430 2
 709 43169583 43169583       0 2
 710 43169583 43169583       0 2
 711 43169583 43169583       0 2
 712 43169583 43169584       1 2
 713 43170703 43194376   23673 2
 714 43195896 44021542  825646 2
 715 44023062 44030657    7595 2
 716 44030657 44032510    1853 2
 717 44032510 44041402    8892 2
 718 44041402 44068567   27165 2
 719 44076285 44234591  158306 2
 720 44234591 44446170  211579 2
 721 44446170 44496243   50073 4
 722 44496243 44548360   52117 4
 723 44548360 44548360       0 2
 724 44548360 44548360       0 2
 725 44548360 44548360       0 2
 726 44548360 44548360       0 2
 727 44548360 44548360       0 2
 728 44548360 44548360       0 2
 729 44548360 44548360       0 2
 730 44548360 44559660   11300 2
 731 44559660 44559660       0 2
 732 44559660 44559660       0 2
 733 44559660 44559660       0 2
 734 44559660 44559660       0 2
 735 44559660 44582332   22672 2
 736 44586735 44609049   22314 2
 737 44609049 44619309   10260 2
 738 44619309 44620886    1577 2
 739 44620886 44643278   22392 2
 740 44643278 44646638    3360 2
 741 44646638 44650545    3907 2
 742 44650545 44656453    5908 2
 743 44656453 44681139   24686 2
 744 44681139 44683458    2319 2
 745 44683458 44685081    1623 2
 746 44685081 44691640    6559 1
 747 44691640 44704701   13061 1
 748 44704701 44709327    4626 1
 749 44709327 44709327       0 1
 750 44709327 44709327       0 1
 751 44709327 44709443     116 1
 752 44709443 44712535    3092 1
 753 44712535 44735888   23353 1
 754 44735888 44750210   14322 1
 755 44750210 44774661   24451 1
 756 44788825 44817504   28679 1
 757 44817504 44817504       0 1
 758 44817504 44817504       0 1
 759 44817504 44817504       0 1
 760 44817504 44817504       0 1
 761 44817504 44817504       0 1
 762 44817504 44817504       0 1
 763 44817504 44817504       0 1
 764 44817504 44817504       0 1
 765 44817504 44817504       0 1
 766 44817504 44828192   10688 1
 767 44828192 44828192       0 1
 768 44828192 44828192       0 1
 769 44828192 44828192       0 1
 770 44828192 44828192       0 1
 771 44828192 44828192       0 1
 772 44828192 44828192       0 1
 773 44828192 44828192       0 1
 774 44828192 44828192       0 1
 775 44828192 44828192       0 1
 776 44828192 44828192       0 1
 777 44828192 44828192       0 1
 778 44828192 44835950    7758 1
 779 44835950 44835950       0 1
 780 44835950 44835950       0 1
 781 44835950 44835950       0 1
 782 44835950 44835950       0 1
 783 44835950 44835950       0 1
 784 44835950 44835950       0 1
 785 44835950 44835950       0 1
 786 44835950 44835950       0 1
 787 44835950 44835950       0 1
 788 44835950 44835950       0 1
 789 44835950 44835950       0 1
 790 44835950 44842886    6936 1
 791 44842886 44849027    6141 1
 792 44849027 44849027       0 1
 793 44849027 44851212    2185 1
 794 44851212 44851212       0 1
 795 44851212 44854827    3615 1
 796 44854827 44864848   10021 1
 797 44875324 44902794   27470 1
 798 44902794 44902794       0 1
 799 44902794 44902794       0 1
 800 44902794 44902794       0 1
 801 44902794 44902794       0 1
 802 44902794 44902794       0 1
 803 44902794 44905386    2592 1
 804 44905386 44905386       0 1
 805 44905386 44909263    3877 1
 806 44909263 44916448    7185 1
 807 44916448 44916448       0 1
 808 44916448 44941056   24608 1
 809 44941056 44941057       1 1
 810 44941057 44941057       0 1
 811 44941057 44955641   14584 1
 812 44955641 44969718   14077 1
 813 44971238 45091985  120747 2
 814 45093505 45122566   29061 1
 815 45191282 45244529   53247 1
 816 45246049 45384868  138819 2
 817 45386388 45679952  293564 4
 818 45679952 45679953       1 1
 819 45679953 45680242     289 1
 820 45680242 45702494   22252 1
 821 45704014 46386313  682299 2
 822 46387833 46552688  164855 1
 823 46552688 46552689       1 1
 824 46552689 46560184    7495 1
 825 46561704 47347475  785771 2
 826 47348995 47370577   21582 1
 827 47370577 47370577       0 1
 828 47370577 47379773    9196 1
 829 47379773 47385036    5263 1
 830 47385036 47385036       0 1
 831 47385036 47385036       0 1
 832 47385036 47385036       0 1
 833 47385036 47389836    4800 1
 834 47389836 47390213     377 1
 835 47390213 47401093   10880 1
 836 47401093 47401093       0 1
 837 47401093 47401093       0 1
 838 47401093 47407390    6297 1
 839 47407390 47407390       0 1
 840 47407390 47407390       0 1
 841 47407390 47433349   25959 1
 842 47433349 47449591   16242 1
 843 47477553 47494389   16836 1
 844 47494389 47494389       0 1
 845 47494389 47525033   30644 1
 846 47525033 47525718     685 1
 847 47525718 47559044   33326 1
 848 47559044 47581940   22896 1
 849 47581940 47582682     742 1
 850 47582682 47609194   26512 1
 851 47610714 47897109  286395 2
 852 47898629 47939972   41343 1
 853 48020637 48043788   23151 1
 854 48050161 48054890    4729 1
 855 48054890 48080803   25913 1
 856 48155106 48178558   23452 1
 857 48180078 48672153  492075 2
 858 48673673 49090919  417246 1
 859 49090919 49090920       1 2
 860 49090920 49098100    7180 2
 861 49098100 49121999   23899 2
 862 49123519 49214753   91234 2
 863 49216273 49240532   24259 2
 864 49240532 49240532       0 2
 865 49240532 49246771    6239 2
 866 49246771 49246771       0 2
 867 49246771 49246771       0 2
 868 49246771 49258161   11390 2
 869 49258161 49262301    4140 2
 870 49262301 49262302       1 2
 871 49262302 49265027    2725 2
 872 49265027 49315058   50031 2
 873 49315058 49323372    8314 2
 874 49323372 49339063   15691 2
 875 49339063 49339063       0 2
 876 49339063 49351924   12861 2
 877 49353444 49752633  399189 2
 878 49754153 49777734   23581 2
 879 49779254 49957201  177947 2
 880 49958721 50002261   43540 2
 881 50002261 50025083   22822 2
 882 50026603 50122357   95754 2
 883 50123877 50209067   85190 2
 884 50209067 50469526  260459 2
 885 50469526 50666559  197033 4
 886 50666559 50666559       0 2
 887 50666559 50666559       0 2
 888 50666559 50666559       0 2
 889 50666559 50666559       0 2
 890 50666559 50667952    1393 2
 891 50669930 50692826   22896 2
 892 50692826 50692826       0 2
 893 50692826 50693637     811 2
 894 50693637 50713420   19783 2
 895 50726068 50752243   26175 1
 896 50767813 50794994   27181 1
 897 50794994 50794994       0 1
 898 50794994 50794994       0 1
 899 50794994 50794994       0 1
 900 50794994 50794994       0 1
 901 50794994 50794994       0 1
 902 50794994 50802104    7110 1
 903 50802104 50802104       0 1
 904 50802104 50802104       0 1
 905 50802104 50802104       0 1
 906 50802104 50802104       0 1
 907 50802104 50802104       0 1
 908 50802104 50802104       0 1
 909 50802104 50802104       0 1
 910 50802104 50802104       0 1
 911 50802104 50802104       0 1
 912 50802104 50802104       0 1
 913 50802104 50802104       0 1
 914 50802104 50802104       0 1
 915 50802104 50802104       0 1
 916 50802104 50802104       0 1
 917 50802104 50802104       0 1
 918 50802104 50802104       0 1
 919 50802104 50810113    8009 1
 920 50810113 50810113       0 1
 921 50810113 50810113       0 1
 922 50810113 50810113       0 1
 923 50810113 50810113       0 1
 924 50810113 50810113       0 1
 925 50810113 50810113       0 1
 926 50810113 50810113       0 1
 927 50810113 50810113       0 1
 928 50810113 50810113       0 1
 929 50810113 50815153    5040 1
 930 50815153 50815153       0 1
 931 50815153 50815153       0 1
 932 50815153 50815153       0 1
 933 50815153 50815153       0 1
 934 50815153 50815153       0 1
 935 50815153 50815153       0 1
 936 50815153 50815153       0 1
 937 50815153 50815153       0 1
 938 50815153 50838971   23818 1
 939 50848639 50873144   24505 1
 940 50873144 50873144       0 1
 941 50873144 50874100     956 1
 942 50874100 50881141    7041 1
 943 50881141 50902979   21838 1
 944 50902979 50904023    1044 1
 945 50904023 50906834    2811 1
 946 50906834 50912479    5645 1
 947 50912479 50913960    1481 1
 948 50913960 50914135     175 1
 949 50914135 50936133   21998 1
 950 51004513 51029782   25269 1
 951 51029782 51030683     901 1
 952 51030683 51030683       0 1
 953 51030683 51030683       0 1
 954 51030683 51030683       0 1
 955 51030683 51030683       0 1
 956 51030683 51030683       0 1
 957 51030683 51030683       0 1
 958 51030683 51030683       0 1
 959 51030683 51030683       0 1
 960 51030683 51032391    1708 1
 961 51032391 51032391       0 1
 962 51032391 51035335    2944 1
 963 51035335 51057889   22554 1
 964 51057889 51066857    8968 1
 965 51066857 51070700    3843 1
 966 51070700 51073508    2808 1
 967 51073508 51073509       1 1
 968 51073509 51081089    7580 1
 969 51081089 51082084     995 1
 970 51082084 51089900    7816 1
 971 51089900 51089900       0 1
 972 51089900 51113289   23389 1
 973 51117408 51118382     974 1
 974 51118382 51125601    7219 1
 975 51125601 51149826   24225 1
 976 51171446 51176788    5342 1
 977 51176788 51198967   22179 1
 978 51223634 51246321   22687 1
 979 51246321 51246321       0 1
 980 51246321 51246321       0 1
 981 51246321 51246321       0 1
 982 51246321 51251610    5289 1
 983 51251610 51251610       0 1
 984 51251610 51260477    8867 1
 985 51260477 51260477       0 1
 986 51260477 51281543   21066 1
 987 51281543 51281543       0 1
 988 51281543 51281543       0 1
 989 51281543 51281543       0 1
 990 51281543 51286499    4956 1
 991 51286499 51309858   23359 1
 992 51309858 51312601    2743 1
 993 51312601 51318077    5476 1
 994 51318077 51332457   14380 1
 995 51332457 51333594    1137 1
 996 51333594 51334691    1097 1
 997 51334691 51335635     944 1
 998 51335635 51335635       0 1
 999 51335635 51359719   24084 1
1000 51361239 52208621  847382 2
1001 52210141 52299458   89317 1
1002 52299458 52346348   46890 1
1003 52346348 52560059  213711 1
1004 52560059 52720559  160500 1
1005 52720559 52739987   19428 1
1006 52739987 52834049   94062 1
1007 52910502 53083607  173105 1
1008 53083607 53089344    5737 1
1009 53089344 53098629    9285 1
1010 53098629 53121793   23164 1
1011 53121793 53121793       0 1
1012 53121793 53124860    3067 1
1013 53124860 53124860       0 1
1014 53124860 53124860       0 1
1015 53124860 53124860       0 1
1016 53124860 53124860       0 1
1017 53124860 53124860       0 1
1018 53124860 53124860       0 1
1019 53124860 53124860       0 1
1020 53124860 53124860       0 1
1021 53124860 53124860       0 1
1022 53124860 53124860       0 1
1023 53124860 53124860       0 1
1024 53124860 53124860       0 1
1025 53124860 53124860       0 1
1026 53124860 53124860       0 1
1027 53124860 53138458   13598 1
1028 53138458 53138458       0 1
1029 53138458 53138458       0 1
1030 53138458 53138458       0 1
1031 53138458 53138458       0 1
1032 53138458 53138458       0 1
1033 53138458 53138458       0 1
1034 53138458 53138458       0 1
1035 53138458 53138458       0 1
1036 53138458 53138458       0 1
1037 53138458 53138458       0 1
1038 53138458 53139894    1436 1
1039 53139894 53139894       0 1
1040 53139894 53139894       0 1
1041 53139894 53159660   19766 1
1042 53159660 53164865    5205 1
1043 53164865 53164865       0 1
1044 53164865 53164865       0 1
1045 53164865 53171469    6604 1
1046 53171469 53171469       0 1
1047 53171469 53171469       0 1
1048 53171469 53171469       0 1
1049 53171469 53171469       0 1
1050 53171469 53171469       0 1
1051 53171469 53173620    2151 1
1052 53173620 53173620       0 1
1053 53173620 53196516   22896 1
1054 53196516 53196516       0 1
1055 53196516 53203053    6537 1
1056 53203053 53203054       1 1
1057 53203054 53204795    1741 1
1058 53204795 53204795       0 1
1059 53204795 53205493     698 1
1060 53205493 53207622    2129 1
1061 53207622 53209205    1583 1
1062 53209205 53211760    2555 1
1063 53211760 53211760       0 1
1064 53211760 53211760       0 1
1065 53211760 53211760       0 1
1066 53211760 53230801   19041 1
1067 53230801 53230801       0 1
1068 53230801 53230801       0 1
1069 53230801 53230801       0 1
1070 53230801 53230801       0 1
1071 53230801 53230801       0 1
1072 53230801 53230801       0 1
1073 53230801 53230801       0 1
1074 53230801 53230801       0 1
1075 53230801 53230801       0 1
1076 53230801 53230801       0 1
1077 53230801 53230801       0 1
1078 53230801 53230801       0 1
1079 53230801 53230801       0 1
1080 53230801 53230801       0 1
1081 53230801 53230801       0 1
1082 53230801 53230801       0 1
1083 53230801 53230801       0 1
1084 53230801 53230801       0 1
1085 53230801 53230801       0 1
1086 53230801 53230965     164 1
1087 53230965 53234512    3547 1
1088 53234512 53234512       0 1
1089 53234512 53234512       0 1
1090 53234512 53234512       0 1
1091 53234512 53236893    2381 1
1092 53236893 53238070    1177 1
1093 53238070 53244883    6813 1
1094 53244883 53245375     492 1
1095 53245375 53252270    6895 1
1096 53252270 53270687   18417 1
1097 53270687 53270687       0 1
1098 53270687 53278201    7514 1
1099 53279721 53537956  258235 2
1100 53539476 53563179   23703 1
1101 53594691 53625000   30309 1
1102 53625000 53625000       0 1
1103 53625000 53625000       0 1
1104 53625000 53625000       0 1
1105 53625000 53625000       0 1
1106 53625000 53625000       0 1
1107 53625000 53625000       0 1
1108 53625000 53639014   14014 1
1109 53639014 53645212    6198 1
1110 53646732 53969321  322589 2
1111 53970841 54001581   30740 1
1112 54001581 54001582       1 1
1113 54001582 54004385    2803 1
1114 54005905 54723948  718043 2
1115 54779113 54933967  154854 2
1116 54933967 54966217   32250 2
1117 54967737 55239709  271972 2
1118 55241229 55300300   59071 2
1119 55320705 55350120   29415 2
1120 55350120 55350120       0 2
1121 55350120 55350121       1 2
1122 55425531 55449948   24417 2
1123 55521044 55574461   53417 2
1124 55574461 55574462       1 2
1125 55574462 55576051    1589 2
1126 55576051 55677428  101377 2
1127 55677428 55723746   46318 2
1128 55723746 55766394   42648 2
1129 55766394 55766395       1 2
1130 55766395 56095637  329242 2
1131 56095637 56219088  123451 2
1132 56219088 56429430  210342 2
1133 56429430 56639009  209579 4
1134 56639009 56639009       0 2
1135 56639009 56639009       0 2
1136 56639009 56639009       0 2
1137 56639009 56639786     777 2
1138 56639786 56639786       0 2
1139 56639786 56642434    2648 2
1140 56642434 56665147   22713 2
1141 56691431 56730415   38984 2
1142 56730415 56730918     503 2
1143 56730918 56731420     502 2
1144 56773062 56798031   24969 1
1145 56798031 56798031       0 1
1146 56798031 56798031       0 1
1147 56798031 56798031       0 1
1148 56798031 56798031       0 1
1149 56798031 56817630   19599 1
1150 56820954 56835429   14475 1
1151 56835429 56846559   11130 1
1152 56846559 56846559       0 1
1153 56846559 56856684   10125 1
1154 56856684 56856684       0 1
1155 56856684 56858470    1786 1
1156 56858470 56861699    3229 1
1157 56861699 56884403   22704 1
1158 56937942 56973944   36002 4
1159 56973944 56973944       0 1
1160 56973944 56973944       0 1
1161 56973944 56973944       0 1
1162 56973944 56973944       0 1
1163 56973944 56973944       0 1
1164 56973944 56973944       0 1
1165 56973944 56995745   21801 1
1166 56995745 56999467    3722 1
1167 57000987 57135313  134326 2
1168 57136833 57137109     276 1
1169 57137109 57160072   22963 1
1170 57160072 57160072       0 1
1171 57160072 57160072       0 1
1172 57160072 57160072       0 1
1173 57160072 57160072       0 1
1174 57160072 57160072       0 1
1175 57160072 57160072       0 1
1176 57160072 57160072       0 1
1177 57160072 57160072       0 1
1178 57160072 57160072       0 1
1179 57160072 57160593     521 1
1180 57160593 57160593       0 1
1181 57160593 57160593       0 1
1182 57160593 57164199    3606 1
1183 57164199 57164896     697 1
1184 57164896 57187777   22881 1
1185 57187777 57189324    1547 1
1186 57189324 57191017    1693 1
1187 57191017 57191017       0 1
1188 57191017 57202375   11358 1
1189 57247445 57270730   23285 1
1190 57270730 57270730       0 1
1191 57270730 57272702    1972 1
1192 57272702 57273201     499 1
1193 57273201 57284178   10977 1
1194 57284178 57293169    8991 1
1195 57293169 57297394    4225 1
1196 57297394 57298485    1091 1
1197 57298485 57304369    5884 1
1198 57304369 57307837    3468 1
1199 57307837 57307837       0 1
1200 57307837 57307837       0 1
1201 57307837 57331120   23283 1
1202 57331120 57331121       1 1
1203 57331121 57331121       0 1
1204 57331121 57331121       0 1
1205 57331121 57337011    5890 1
1206 57337011 57339808    2797 1
1207 57339808 57340478     670 1
1208 57340478 57365489   25011 1
1209 57365489 57365489       0 1
1210 57365489 57365489       0 1
1211 57365489 57366923    1434 1
1212 57366923 57390655   23732 1
1213 57391154 57415606   24452 1
1214 57417126 57624281  207155 2
1215 57625801 57723430   97629 1
1216 57723430 57723431       1 1
1217 57723431 57725114    1683 1
1218 57784541 57805491   20950 1
1219 57807011 57912202  105191 2
1220 57913722 57940685   26963 1
1221 57940685 57940685       0 1
1222 57940685 57956757   16072 1
1223 57956757 57964516    7759 1
1224 57966288 57994319   28031 1
1225 58003879 58005898    2019 1
1226 58005898 58029137   23239 1
1227 58066111 58088854   22743 1
1228 58137536 58168707   31171 1
1229 58168707 58177738    9031 1
1230 58177738 58196523   18785 1
1231 58209761 58229204   19443 1
1232 58229204 58275859   46655 1
1233 58277379 59661721 1384342 2
1234 59663241 59663322      81 1
1235 59663322 59668397    5075 1
1236 59668397 59692012   23615 1
1237 59692012 59692012       0 1
1238 59692012 59717316   25304 1
1239 59718836 59835095  116259 2
1240 59836615 59869661   33046 1
1241 59930080 60300839  370759 1
1242 60300839 60329709   28870 1
1243 60331229 60766049  434820 2
1244 61517681 61573373   55692 2
1245 61573373 61573373       0 2
1246 61573373 61918803  345430 2
1247 61918803 62013870   95067 2
1248 62013870 62092696   78826 2
1249 62092696 62135865   43169 2
1250 62135865 62154641   18776 2
1251 62154641 62154642       1 2
1252 62154642 62342633  187991 2
1253 62342633 62388023   45390 2
1254 62388023 62611024  223001 4
1255 62611024 62611025       1 2
1256 62611025 62611309     284 2
1257 62611309 62622063   10754 2
1258 62622063 62633394   11331 2
1259 62633394 62662005   28611 2
1260 62663525 62795725  132200 2
1261 62797245 62801442    4197 2
1262 62801442 62801442       0 2
1263 62801442 62812559   11117 1
1264 62812559 62812559       0 1
1265 62812559 62815201    2642 1
1266 62815201 62815924     723 1
1267 62815924 62825532    9608 1
1268 62825532 62825532       0 1
1269 62825532 62825900     368 1
1270 62825900 62835392    9492 1
1271 62835392 62836386     994 1
1272 62836386 62858238   21852 1
1273 62858238 62858239       1 1
1274 62858239 62860436    2197 1
1275 62860436 62874514   14078 1
1276 62874514 62875019     505 1
1277 62909410 62958475   49065 4
1278 62958475 62958475       0 1
1279 62958475 62958475       0 1
1280 62958475 62958475       0 1
1281 62958475 62961716    3241 1
1282 62961716 62962778    1062 1
1283 62962778 62962937     159 1
1284 62964457 63088044  123587 2
1285 63089564 63099484    9920 1
1286 63099484 63104735    5251 1
1287 63104735 63112073    7338 1
1288 63112073 63112073       0 1
1289 63112073 63134082   22009 1
1290 63170136 63204664   34528 1
1291 63204664 63204664       0 1
1292 63204664 63204664       0 1
1293 63204664 63212510    7846 1
1294 63212510 63213775    1265 1
1295 63213775 63213883     108 1
1296 63227329 63254532   27203 1
1297 63254532 63254532       0 1
1298 63254532 63259078    4546 1
1299 63259078 63259078       0 1
1300 63259078 63260422    1344 1
1301 63260422 63262942    2520 1
1302 63262942 63262943       1 1
1303 63262943 63270585    7642 1
1304 63270585 63292174   21589 1
1305 63292174 63298408    6234 1
1306 63298408 63299721    1313 1
1307 63299721 63321982   22261 1
1308 63321982 63329333    7351 1
1309 63329333 63366377   37044 1
1310 63366377 63376490   10113 1
1311 63376490 63385488    8998 1
1312 63385488 63408135   22647 1
1313 63429001 63630141  201140 1
1314 63630141 63918622  288481 1
1315 63918622 64070252  151630 1
1316 64070252 64073171    2919 1
1317 64073171 64095347   22176 1
1318 64096867 65732852 1635985 2
1319 65734372 65740761    6389 1
1320 65740761 65744604    3843 1
1321 65744604 65756035   11431 1
1322 65756035 65756035       0 1
1323 65756035 65757361    1326 1
1324 65757361 65759299    1938 1
1325 65759299 65768608    9309 1
1326 65768608 65768608       0 1
1327 65768608 65792409   23801 1
1328 65812929 65846903   33974 1
1329 65919125 66327638  408513 1
1330 66329159 66548973  219814 2
1331 66550493 66576119   25626 1
1332 66615668 66627785   12117 1
1333 66627785 66652162   24377 1
1334 66653682 66808152  154470 2
1335 67667668 67668746    1078 2
1336 67668746 67690547   21801 2
1337 67722704 67740183   17479 2
1338 67740183 67806234   66051 2
1339 67806234 67844020   37786 2
1340 67844020 67888832   44812 2
1341 67888832 67891506    2674 2
1342 67891506 67895868    4362 2
1343 67895868 67902767    6899 2
1344 67902767 67924223   21456 2
1345 67928975 67990745   61770 2
1346 67990745 67990745       0 2
1347 67990745 67990746       1 2
1348 67990746 68008896   18150 2
1349 68008896 68091568   82672 4
1350 68091568 68091569       1 2
1351 68105979 68157762   51783 2
1352 68157762 68157762       0 2
1353 68157762 68157762       0 2
1354 68157762 68157762       0 2
1355 68157762 68157762       0 2
1356 68157762 68170857   13095 2
1357 68170857 68170857       0 2
1358 68170857 68170857       0 2
1359 68170857 68170857       0 2
1360 68170857 68170857       0 2
1361 68170857 68179060    8203 2
1362 68179060 68179061       1 2
1363 68180581 68362885  182304 2
1364 68364405 68589189  224784 4
1365 68589189 68589190       1 2
1366 68589190 68643229   54039 2
1367 68643229 68652539    9310 2
1368 68652539 68675812   23273 2
1369 68676912 68701341   24429 2
1370 68701341 68701341       0 2
1371 68701341 68701341       0 2
1372 68701341 68701341       0 2
1373 68701341 68701341       0 2
1374 68701341 68701341       0 2
1375 68701341 68706762    5421 2
1376 68745692 68769481   23789 2
1377 68781733 68813690   31957 2
1378 68813690 68847196   33506 2
1379 68903533 68934126   30593 1
1380 68934126 68934126       0 4
1381 68934126 68934126       0 1
1382 68934126 68934126       0 1
1383 68934126 68944342   10216 1
1384 68944342 68945043     701 1
1385 68945043 68946917    1874 1
1386 68978798 69006593   27795 1
1387 69006593 69009181    2588 1
1388 69009181 69017533    8352 1
1389 69017533 69017534       1 1
1390 69017534 69031117   13583 1
1391 69031117 69038743    7626 1
1392 69038743 69060430   21687 1
1393 69074201 69096547   22346 1
1394 69096547 69112036   15489 1
1395 69112036 69112036       0 1
1396 69112036 69112036       0 1
1397 69112036 69136323   24287 1
1398 69136323 69137765    1442 1
1399 69137765 69153984   16219 1
1400 69153984 69156394    2410 1
1401 69156394 69156394       0 1
1402 69156394 69162220    5826 1
1403 69162220 69162220       0 1
1404 69162220 69162220       0 1
1405 69162220 69162220       0 1
1406 69162220 69162220       0 1
1407 69162220 69162220       0 1
1408 69162220 69163702    1482 1
1409 69163702 69165679    1977 1
1410 69165679 69179085   13406 1
1411 69179085 69179085       0 1
1412 69179085 69179085       0 1
1413 69179085 69179499     414 1
1414 69179499 69194492   14993 1
1415 69194492 69194492       0 1
1416 69194492 69194492       0 1
1417 69194492 69194492       0 1
1418 69194492 69202454    7962 1
1419 69202454 69227516   25062 1
1420 69227516 69230066    2550 1
1421 69230066 69249565   19499 1
1422 69249565 69288875   39310 1
1423 69288875 69290479    1604 1
1424 69290479 69306431   15952 1
1425 69306431 69310088    3657 1
1426 69310088 69310088       0 1
1427 69310088 69310088       0 1
1428 69310088 69332503   22415 1
1429 69332503 69332503       0 1
1430 69332503 69332503       0 1
1431 69332503 69332503       0 1
1432 69332503 69332503       0 1
1433 69332503 69332503       0 1
1434 69332503 69332503       0 1
1435 69332503 69332503       0 1
1436 69332503 69332503       0 1
1437 69332503 69338787    6284 1
1438 69338787 69338787       0 1
1439 69338787 69346038    7251 1
1440 69347558 69635118  287560 2
1441 69636638 69659792   23154 1
1442 69659792 69659792       0 1
1443 69659792 69659792       0 1
1444 69659792 69659792       0 1
1445 69659792 69668305    8513 1
1446 69668305 69668305       0 1
1447 69668305 69668306       1 1
1448 69668306 69668306       0 1
1449 69668306 69669434    1128 1
1450 69669434 69669434       0 1
1451 69669434 69669434       0 1
1452 69669434 69669434       0 1
1453 69669434 69693085   23651 1
1454 69694605 70640856  946251 2
1455 70642376 70665908   23532 1
1456 70667428 71848406 1180978 2
1457 71849926 71864986   15060 1
1458 71864986 71864986       0 1
1459 71864986 71866345    1359 1
1460 71866345 72242712  376367 1
1461 72242712 72266279   23567 1
1462 72267799 72850252  582453 2
1463 73095655 73136423   40768 2
1464 73136423 73161503   25080 2
1465 73212854 73318217  105363 2
1466 73318217 73318217       0 2
1467 73318217 73318217       0 2
1468 73318217 73318218       1 2
1469 73318218 73318966     748 2
1470 73318966 73318967       1 2
1471 73318967 73449628  130661 2
1472 73449628 73464812   15184 2
1473 73464812 73508096   43284 2
1474 73508096 73511586    3490 2
1475 73511586 73603923   92337 2
1476 73603923 73769518  165595 2
1477 73769518 74054347  284829 4
1478 74054347 74054347       0 2
1479 74054347 74054348       1 2
1480 74093325 74123552   30227 2
1481 74123552 74136739   13187 2
1482 74136739 74139217    2478 2
1483 74139217 74141850    2633 2
1484 74141850 74148725    6875 2
1485 74148725 74153512    4787 2
1486 74153512 74153512       0 2
1487 74153512 74157512    4000 2
1488 74157512 74171577   14065 2
1489 74171577 74175900    4323 2
1490 74175900 74192351   16451 2
1491 74192351 74210505   18154 2
1492 74210505 74248961   38456 2
1493 74248961 74248961       0 2
1494 74248961 74248961       0 2
1495 74248961 74248962       1 2
1496 74256321 74302952   46631 2
1497 74302952 74311186    8234 2
1498 74311186 74311186       0 2
1499 74311186 74311254      68 2
1500 74311254 74329463   18209 2
1501 74329463 74378630   49167 2
1502 74378630 74378630       0 2
1503 74378630 74378630       0 2
1504 74378630 74447681   69051 4
1505 74447681 74447681       0 2
1506 74447681 74448240     559 2
1507 74448240 74448240       0 2
1508 74448240 74448240       0 2
1509 74448240 74481379   33139 2
1510 74481379 74481380       1 2
1511 74483661 74505254   21593 2
1512 74505254 74515436   10182 2
1513 74515436 74518795    3359 2
1514 74518795 74579948   61153 2
1515 74579948 74582123    2175 2
1516 74582123 74582632     509 2
1517 74582632 74582960     328 2
1518 74582960 74590596    7636 2
1519 74590596 74590596       0 2
1520 74590596 74590596       0 2
1521 74590596 74590596       0 2
1522 74590596 74590596       0 2
1523 74590596 74603020   12424 2
1524 74603020 74603020       0 2
1525 74603020 74604182    1162 2
1526 74604182 74626692   22510 2
1527 74628212 74841192  212980 2
1528 74842712 74873211   30499 2
1529 74873211 74873211       0 2
1530 74873211 74873212       1 2
1531 74873212 74873212       0 2
1532 74873212 74873212       0 2
1533 74873212 74873212       0 2
1534 74873212 74873212       0 2
1535 74873212 74873212       0 2
1536 74873212 74873212       0 2
1537 74873212 74873212       0 2
1538 74873212 74873212       0 2
1539 74873212 74873212       0 2
1540 74873212 74873212       0 2
1541 74873212 74873212       0 2
1542 74873212 74873212       0 2
1543 74873212 74873212       0 2
1544 74873212 74873212       0 2
1545 74873212 74876517    3305 2
1546 74876517 74876517       0 2
1547 74876517 74876517       0 2
1548 74876517 74899897   23380 2
1549 74899897 74903396    3499 2
1550 74904393 74992677   88284 4
1551 74992677 74992677       0 1
1552 74992677 74996253    3576 1
1553 74996253 75003277    7024 1
1554 75003277 75003278       1 1
1555 75003278 75013736   10458 1
1556 75013736 75014714     978 1
1557 75014714 75036630   21916 1
1558 75071253 75095138   23885 1
1559 75095138 75095139       1 1
1560 75095139 75102535    7396 1
1561 75102535 75108171    5636 1
1562 75108171 75117762    9591 1
1563 75117762 75127198    9436 1
1564 75127198 75130043    2845 1
1565 75130043 75153455   23412 1
1566 75153455 75153455       0 1
1567 75153455 75153455       0 1
1568 75153455 75153455       0 1
1569 75153455 75161121    7666 1
1570 75161121 75171071    9950 1
1571 75171071 75171071       0 1
1572 75171071 75192935   21864 1
1573 75192935 75199728    6793 1
1574 75199728 75199729       1 1
1575 75199729 75204286    4557 1
1576 75204286 75208027    3741 1
1577 75208027 75229996   21969 1
1578 75229996 75244473   14477 1
1579 75244473 75266527   22054 1
1580 75297258 75320175   22917 1
1581 75320175 75326548    6373 1
1582 75326548 75333900    7352 1
1583 75333900 75356061   22161 1
1584 75410139 75501989   91850 1
1585 75501989 75526908   24919 1
1586 75528428 76158460  630032 2
1587 76159980 76164135    4155 1
1588 76164135 76164135       0 1
1589 76164135 76166950    2815 1
1590 76166950 76174852    7902 1
1591 76174852 76216262   41410 1
1592 76217782 77737987 1520205 2
1593 77739507 78386663  647156 1
1594 78388183 78892352  504169 2
1595 79543636 79570386   26750 2
1596 79613948 79691217   77269 2
1597 79691217 79775296   84079 4
1598 79775296 79775296       0 2
1599 79775296 79775296       0 2
1600 79775296 79782903    7607 2
1601 79801296 79832356   31060 2
1602 79832356 80163308  330952 4
1603 80163308 80163308       0 2
1604 80163308 80163308       0 2
1605 80163308 80163309       1 2
1606 80163388 80251192   87804 2
1607 80251192 80275302   24110 2
1608 80276822 80386645  109823 2
1609 80388165 80402461   14296 2
1610 80420086 80444814   24728 2
1611 80444814 80483936   39122 4
1612 80483936 80483936       0 2
1613 80483936 80483937       1 2
1614 80485457 80632144  146687 2
1615 80633664 80711065   77401 2
1616 80736032 80764079   28047 2
1617 80764079 80764080       1 2
1618 80764080 80766822    2742 2
1619 80766822 80768932    2110 2
1620 80768932 80776215    7283 2
1621 80776215 80789510   13295 2
1622 80789510 80793330    3820 2
1623 80793330 80793330       0 2
1624 80793330 80823028   29698 2
1625 80888202 80989978  101776 4
1626 80989978 80990767     789 1
1627 80990767 80995783    5016 1
1628 80995783 81018190   22407 1
1629 81045062 81077824   32762 1
1630 81077824 81077824       0 1
1631 81077824 81089581   11757 1
1632 81089581 81102159   12578 1
1633 81103679 81331935  228256 2
1634 81333455 81453356  119901 1
1635 81453356 81453357       1 1
1636 81469411 81492275   22864 1
1637 81529462 81561073   31611 1
1638 81590312 81598685    8373 1
1639 81598685 81620932   22247 1
1640 81658952 81681933   22981 1
1641 81681933 81681933       0 1
1642 81681933 81697200   15267 1
1643 81697200 81703475    6275 1
1644 81704995 82845597 1140602 2
1645 82847117 82869198   22081 1
1646 82869198 82875697    6499 1
1647 82875697 82886523   10826 1
1648 82886523 82912673   26150 1
1649 82912673 82917881    5208 1
1650 82917881 82923590    5709 1
1651 82923590 82939242   15652 1
1652 82939242 82943768    4526 1
1653 82943768 82966722   22954 1
1654 83048073 83070295   22222 1
1655 83071815 83483136  411321 2
1656 83484656 83510701   26045 1
1657 83512221 83716037  203816 2
1658 83717557 84370781  653224 1
1659 84370781 84395457   24676 1
1660 84396977 84934461  537484 2
1661 85609217 85867142  257925 4
1662 85867142 85867142       0 2
1663 85867142 85867142       0 2
1664 85867142 85868635    1493 2
1665 85868635 85868635       0 2
1666 85868635 85891737   23102 2
1667 85893257 86232708  339451 2
1668 86234228 86235827    1599 2
1669 86235827 86235977     150 2
1670 86235977 86237532    1555 2
1671 86237532 86260583   23051 2