   0   300320   999633  699313 1
   1   999633   999633       0 1
   2   999633  1001013    1380 1
   3  1001013  1001014       1 1
   4  1001014  1001014       0 1
   5  1001014  1001014       0 1
   6  1001014  1023850   22836 1
   7  1025369  1564006  538637 2
   8  2319919  2957949  638030 4
   9  2959469  3237815  278346 2
  10  3239335  3276105   36770 4
  11  3276105  3276105       0 2
  12  3276105  3276106       1 2
  13  3276106  3276182      76 2
  14  3276182  3295057   18875 2
  15  3295057  3296426    1369 2
  16  3296426  3297758    1332 2
  17  3297758  3317951   20193 2
  18  3317951  3329010   11059 2
  19  3329010  3329010       0 2
  20  3329010  3340788   11778 2
  21  3340788  3362359   21571 2
  22  3416728  3543582  126854 4
  23  3543582  3543582       0 2
  24  3543582  3543582       0 2
  25  3543582  3543582       0 2
  26  3543582  3543582       0 2
  27  3543582  3562100   18518 2
  28  3562100  3579533   17433 2
  29  3579533  3579534       1 2
  30  3579534  3589003    9469 2
  31  3589003  3589356     353 2
  32  3589356  3589545     189 2
  33  3589545  3642609   53064 2
  34  3642609  3642609       0 1
  35  3642609  3642609       0 1
  36  3642609  3642609       0 1
  37  3642609  3664324   21715 1
  38  3665844  4008659  342815 2
  39  4010179  4016022    5843 1
  40  4016022  4032684   16662 1
  41  4032684  4035331    2647 1
  42  4035331  4035331       0 1
  43  4035331  4066317   30986 1
  44  4067837  4437773  369936 2
  45  4439293  4466355   27062 1
  46  4466355  4471180    4825 1
  47  4471180  4479903    8723 1
  48  4479903  4481571    1668 1
  49  4481571  4519889   38318 1
  50  4521409  5231809  710400 2
  51  5233329  5245431   12102 1
  52  5245431  5245431       0 1
  53  5245431  5248063    2632 1
  54  5248063  5272225   24162 1
  55  5296314  5318266   21952 1
  56  5318266  5321893    3627 1
  57  5321893  5324128    2235 1
  58  5324128  5326782    2654 1
  59  5326782  5326910     128 1
  60  5326910  5328701    1791 1
  61  5328701  5328701       0 1
  62  5328701  5341043   12342 1
  63  5341043  5356012   14969 1
  64  5409763  5412114    2351 1
  65  5412114  5793340  381226 1
  66  5794860  6342482  547622 2
  67  6344002  6984767  640765 1
  68  6984767  6985425     658 1
  69  6986945  7606062  619117 2
  70  7721262  8273210  551948 2
  71  8273210  8275364    2154 2
  72  8275364  8366320   90956 2
  73  8388077  8416979   28902 2
  74  8439609  8462339   22730 2
  75  8466988  8492513   25525 2
  76  8492513  8492513       0 2
  77  8492513  8492513       0 2
  78  8492513  8521523   29010 2
  79  8521523  8521523       0 2
  80  8521523  8521523       0 2
  81  8521523  8536686   15163 2
  82  8536686  8560450   23764 2
  83  8560450  8569584    9134 2
  84  8571104  8791560  220456 2
  85  8793080  8815363   22283 2
  86  8816883  8990341  173458 2
  87  8991861  9018803   26942 2
  88  9018803  9018804       1 2
  89  9018804  9020558    1754 2
  90  9020558  9022907    2349 2
  91  9022907  9045810   22903 2
  92  9045810  9068813   23003 2
  93  9070333  9285403  215070 2
  94  9286923  9308897   21974 2
  95  9308897  9313819    4922 2
  96  9313819  9322636    8817 2
  97  9322636  9324170    1534 2
  98  9324170  9328487    4317 2
  99  9328487  9358157   29670 4
 100  9358157  9358157       0 2
 101  9358157  9358157       0 2
 102  9358157  9375901   17744 2
 103  9375901  9378933    3032 2
 104  9378933  9400173   21240 2
 105  9400173  9400173       0 2
 106  9400173  9400173       0 2
 107  9400173  9436517   36344 4
 108  9436517  9436518       1 2
 109  9436518  9436523       5 2
 110  9436523  9436924     401 2
 111  9436924  9437529     605 2
 112  9437529  9439396    1867 2
 113  9439396  9450135   10739 2
 114  9450135  9475151   25016 2
 115  9482315  9504905   22590 2
 116  9504905  9517457   12552 2
 117  9517457  9517663     206 2
 118  9517663  9519937    2274 2
 119  9519937  9524686    4749 2
 120  9524686  9526822    2136 2
 121  9526822  9535530    8708 2
 122  9535530  9561308   25778 2
 123  9561308  9561308       0 2
 124  9561308  9561309       1 2
 125  9561309  9565229    3920 2
 126  9565229  9565229       0 2
 127  9565229  9565229       0 2
 128  9565229  9565229       0 2
 129  9565229  9565229       0 2
 130  9565229  9565229       0 2
 131  9565229  9565229       0 2
 132  9565229  9579581   14352 2
 133  9579581  9579581       0 2
 134  9579581  9579581       0 2
 135  9579581  9579581       0 2
 136  9579581  9579581       0 2
 137  9579581  9579581       0 2
 138  9579581  9579581       0 2
 139  9579581  9579581       0 2
 140  9579581  9580544     963 2
 141  9580544  9591830   11286 2
 142  9591830  9591830       0 2
 143  9591830  9595132    3302 2
 144  9595132  9595132       0 2
 145  9595132  9595132       0 2
 146  9595132  9603910    8778 2
 147  9603910  9603910       0 2
 148  9603910  9614421   10511 2
 149  9614421  9621268    6847 2
 150  9621268  9626727    5459 2
 151  9626727  9653521   26794 2
 152  9655041  9918349  263308 2
 153  9919869  9941647   21778 1
 154  9941647  9941754     107 1
 155  9941754  9966558   24804 1
 156  9966558  9967164     606 1
 157  9967164  9998271   31107 1
 158  9998271 10005419    7148 1
 159 10005419 10038817   33398 1
 160 10038817 10042418    3601 1
 161 10042418 10066373   23955 1
 162 10067893 10359075  291182 2
 163 10360595 10616573  255978 1
 164 10616573 10616574       1 1
 165 10618094 10713252   95158 2
 166 10714772 10736582   21810 1
 167 10738102 10857962  119860 2
 168 10859482 10864866    5384 1
 169 10864866 10887110   22244 1
 170 10888630 11208222  319592 2
 171 11209742 11244301   34559 1
 172 11244301 11244302       1 1
 173 11244302 11282312   38010 1
 174 11282312 11293278   10966 1
 175 11293278 11316325   23047 1
 176 11371777 11417730   45953 1
 177 11419250 12389357  970107 2
 178 12390877 12428208   37331 1
 179 12428208 12428208       0 1
 180 12428208 12428885     677 1
 181 12428885 12432994    4109 1
 182 12434514 12924211  489697 2
 183 12925731 12948034   22303 1
 184 12949554 13159466  209912 2
 185 13160986 13198493   37507 1
 186 13198493 13198494       1 1
 187 13198494 13202761    4267 1
 188 13202761 13202761       0 1
 189 13202761 13202761       0 1
 190 13202761 13213570   10809 1
 191 13213570 13213570       0 1
 192 13213570 13213570       0 1
 193 13213570 13213570       0 1
 194 13213570 13213570       0 1
 195 13213570 13216577    3007 1
 196 13216577 13216577       0 1
 197 13216577 13216577       0 1
 198 13216577 13216760     183 1
 199 13216760 13218067    1307 1
 200 13218067 13218067       0 1
 201 13218067 13241298   23231 1
 202 13241298 13244191    2893 1
 203 13245711 13340101   94390 2
 204 13341621 13342319     698 1
 205 13342319 13349922    7603 1
 206 13349922 13349922       0 1
 207 13349922 13349922       0 1
 208 13349922 13350930    1008 1
 209 13350930 13350930       0 1
 210 13350930 13351148     218 1
 211 13351148 13353268    2120 1
 212 13353268 13353268       0 1
 213 13353268 13363975   10707 1
 214 13363975 13369576    5601 1
 215 13374760 13423647   48887 1
 216 13423647 13429583    5936 1
 217 13429583 13511117   81534 1
 218 13511117 13719017  207900 1
 219 14141624 14250830  109206 2
 220 14250830 14261261   10431 2
 221 14261261 14261262       1 2
 222 14262782 14420850  158068 2
 223 14422370 14468039   45669 2
 224 14468039 14468807     768 2
 225 14468807 14524155   55348 2
 226 14524155 14566177   42022 2
 227 14566177 14588799   22622 2
 228 14609257 14632028   22771 2
 229 14632028 14657482   25454 2
 230 14659002 14777771  118769 2
 231 14779291 15146582  367291 2
 232 15146582 15221352   74770 2
 233 15221352 15458184  236832 4
 234 15458184 15458184       0 2
 235 15458184 15458184       0 2
 236 15458184 15458184       0 2
 237 15458184 15458184       0 2
 238 15458184 15458184       0 2
 239 15458184 15458184       0 2
 240 15458184 15458184       0 2
 241 15458184 15474100   15916 2
 242 15474100 15474100       0 2
 243 15474100 15474100       0 2
 244 15474100 15474100       0 2
 245 15474100 15474100       0 2
 246 15474100 15474100       0 2
 247 15474100 15474100       0 2
 248 15474100 15474100       0 2
 249 15474100 15489281   15181 2
 250 15496979 15511962   14983 2
 251 15511962 15533903   21941 2
 252 15534777 15609521   74744 4
 253 15609521 15609521       0 2
 254 15609521 15609521       0 2
 255 15609521 15609521       0 2
 256 15609521 15621343   11822 2
 257 15621343 15621343       0 2
 258 15621343 15625077    3734 2
 259 15626597 16019900  393303 2
 260 16021420 16031791   10371 1
 261 16031791 16031791       0 1
 262 16031791 16031791       0 1
 263 16031791 16031792       1 1
 264 16039635 16041513    1878 1
 265 16041513 16041513       0 1
 266 16041513 16063176   21663 1
 267 16063176 16067333    4157 1
 268 16068853 16422387  353534 2
 269 16423908 16603354  179446 1
 270 16603354 16818272  214918 1
 271 16818272 16833558   15286 1
 272 16833558 16879259   45701 1
 273 16879259 16920080   40821 1
 274 16920080 16921511    1431 1
 275 16921511 16922175     664 1
 276 16922175 16924662    2487 1
 277 16924662 16931768    7106 1
 278 16931768 16955486   23718 1
 279 16957006 18141671 1184665 2
 280 18143191 18176334   33143 1
 281 18177854 18453631  275777 2
 282 18455151 18913669  458518 1
 283 18913669 18915292    1623 1
 284 18915292 18937644   22352 1
 285 19010452 19088273   77821 1
 286 19088273 19088273       0 1
 287 19088273 19088273       0 1
 288 19088273 19088274       1 1
 289 19088274 19113668   25394 1
 290 19113668 19113669       1 1
 291 19113669 19115337    1668 1
 292 19115337 19143851   28514 1
 293 19145371 19690203  544832 2
 294 20645929 20669116   23187 2
 295 20737234 20763952   26718 2
 296 20763952 20763953       1 2
 297 20763953 20776524   12571 2
 298 20808117 20834598   26481 2
 299 20834598 20836937    2339 2
 300 20836937 20850216   13279 2
 301 20868743 21135712  266969 2
 302 21135712 21542970  407258 4
 303 21542970 21542970       0 2
 304 21542970 21542970       0 2
 305 21542970 21542970       0 2
 306 21542970 21555966   12996 2
 307 21622248 22012054  389806 4
 308 22012054 22012054       0 1
 309 22012054 22012054       0 1
 310 22012054 22012054       0 1
 311 22012054 22012054       0 1
 312 22012054 22012054       0 1
 313 22012054 22012054       0 1
 314 22012054 22021168    9114 1
 315 22034249 22035685    1436 1
 316 22035685 22037826    2141 1
 317 22037826 22038413     587 1
 318 22038413 22062515   24102 1
 319 22064035 22419772  355737 2
 320 22421292 22621133  199841 1
 321 22621133 22702134   81001 1
 322 22702134 22743793   41659 1
 323 22743793 22747358    3565 1
 324 22747358 22768544   21186 1
 325 22768544 22952008  183464 1
 326 22953528 23698548  745020 2
 327 23700068 23728853   28785 1
 328 23730374 24519805  789431 2
 329 24521325 24932038  410713 1
 330 24932038 24932039       1 1
 331 24932039 24958328   26289 1
 332 24958328 24987260   28932 1
 333 24988780 25099453  110673 2
 334 25100973 25124673   23700 1
 335 25124673 25124673       0 1
 336 25124673 25124673       0 1
 337 25124673 25124673       0 1
 338 25124673 25137666   12993 1
 339 25137666 25144775    7109 1
 340 25146295 25732281  585986 2
 341 25976960 25987009   10049 2
 342 25988529 27112749 1124220 2
 343 27114269 27387083  272814 4
 344 27387083 27387083       0 2
 345 27387083 27387083       0 2
 346 27387083 27387083       0 2
 347 27387083 27387083       0 2
 348 27387083 27387083       0 2
 349 27387083 27389147    2064 2
 350 27389147 27411359   22212 2
 351 27412879 27670732  257853 2
 352 27672253 27992569  320316 4
 353 27992569 27992569       0 1
 354 27992569 27992569       0 1
 355 27992569 27992569       0 1
 356 27992569 27992569       0 1
 357 27992569 27992569       0 1
 358 27992569 27992569       0 1
 359 27992569 27992569       0 1
 360 27992569 27992569       0 1
 361 27992569 28014515   21946 1
 362 28014515 28022653    8138 1
 363 28022653 28033132   10479 1
 364 28033132 28045325   12193 1
 365 28045325 28048200    2875 1
 366 28048200 28054794    6594 1
 367 28054794 28058540    3746 1
 368 28058540 28080835   22295 1
 369 28080835 28081919    1084 1
 370 28081919 28104403   22484 1
 371 28105160 28127038   21878 1
 372 28127038 28127038       0 1
 373 28127038 28140005   12967 1
 374 28140005 28143383    3378 1
 375 28143383 28143384       1 1
 376 28143384 28185806   42422 1
 377 28185806 28188573    2767 1
 378 28188573 28196415    7842 1
 379 28196415 28196739     324 1
 380 28196739 28211276   14537 1
 381 28211276 28233512   22236 1
 382 28235032 28453171  218139 2
 383 28454691 28620309  165618 4
 384 28620309 28620309       0 1
 385 28620309 28632409   12100 1
 386 28668680 28717385   48705 1
 387 28717385 28717385       0 1
 388 28717385 28717385       0 1
 389 28717385 28717385       0 1
 390 28717385 28717385       0 1
 391 28717385 28717885     500 1
 392 28717885 28717885       0 1
 393 28717885 28723036    5151 1
 394 28723036 28723036       0 1
 395 28723036 28723037       1 1
 396 28723037 28749975   26938 1
 397 28749975 28759285    9310 1
 398 28759285 28859546  100261 1
 399 28859546 29077125  217579 1
 400 29079703 29126864   47161 1
 401 29126864 29129281    2417 1
 402 29129281 29129282       1 1
 403 29140110 29336236  196126 1
 404 29336236 29336329      93 1
 405 29336329 29338103    1774 1
 406 29338103 29430956   92853 1
 407 29430956 29542959  112003 1
 408 29542959 29547111    4152 1
 409 29547111 29643781   96670 1
 410 29643781 29656418   12637 1
 411 29656418 29759247  102829 1
 412 29759247 29763670    4423 1
 413 29763670 29785096   21426 1
 414 29785096 29871950   86854 1
 415 29871950 29871951       1 1
 416 29871951 29928421   56470 1
 417 29929941 30586425  656484 2
 418 30587945 30632851   44906 1
 419 30632851 30632851       0 1
 420 30632851 30636266    3415 1
 421 30636266 30646424   10158 1
 422 30647944 30847764  199820 2
 423 30849284 30899179   49895 1
 424 30899179 30940238   41059 1
 425 30941758 31116854  175096 2
 426 31118374 31126819    8445 1
 427 31126819 31126819       0 1
 428 31126819 31137494   10675 1
 429 31137494 31179423   41929 1
 430 31180943 31774335  593392 2
 431 32442303 32468964   26661 2
 432 32470484 33187676  717192 2
 433 33189196 33325265  136069 4
 434 33325265 33325265       0 2
 435 33325265 33325265       0 2
 436 33325265 33325265       0 2
 437 33325265 33330176    4911 2
 438 33331696 33482172  150476 2
 439 33483692 33524820   41128 2
 440 33524820 33584813   59993 2
 441 33623479 33648885   25406 2
 442 33697270 33778678   81408 4
 443 33778678 33778678       0 2
 444 33778678 33778678       0 2
 445 33778678 33794467   15789 2
 446 33795987 33943849  147862 2
 447 33945369 33977382   32013 1
 448 33977382 33977382       0 1
 449 33977382 33979590    2208 1
 450 33979590 33985602    6012 1
 451 33985602 33985603       1 1
 452 33988877 34006532   17655 1
 453 34006532 34030959   24427 1
 454 34087890 34110908   23018 1
 455 34110908 34110908       0 1
 456 34110908 34135124   24216 1
 457 34136644 34248103  111459 2
 458 34249623 34250037     414 1
 459 34250037 34272187   22150 1
 460 34311337 34311707     370 1
 461 34311707 34429737  118030 4
 462 34429737 34429737       0 1
 463 34429737 34449457   19720 1
 464 34449457 34472908   23451 1
 465 34472908 34541193   68285 1
 466 34541193 34541194       1 1
 467 34541194 34546711    5517 1
 468 34546711 34597700   50989 1
 469 34597700 34635970   38270 1
 470 34635970 34635970       0 1
 471 34635970 34688957   52987 1
 472 34688957 34688957       0 1
 473 34688957 34688957       0 1
 474 34688957 34720359   31402 1
 475 34720359 34720359       0 1
 476 34720359 34720359       0 1
 477 34720359 34730940   10581 1
 478 34730940 34783032   52092 1
 479 34783032 34783032       0 1
 480 34783032 34783032       0 1
 481 34783032 34783032       0 1
 482 34783032 34783032       0 1
 483 34783032 34786738    3706 1
 484 34786738 34811344   24606 1
 485 34905471 35072962  167491 1
 486 35072962 35103371   30409 1
 487 35103371 35153400   50029 1
 488 35153400 35198836   45436 1
 489 35198836 35207839    9003 1
 490 35207839 35226049   18210 1
 491 35247819 35389650  141831 1
 492 35389650 35392827    3177 1
 493 35392827 35437150   44323 1
 494 35443760 35467223   23463 1
 495 35468743 36746738 1277995 2
 496 36748258 36823649   75391 1
 497 36823649 36832150    8501 1
 498 36832150 36868111   35961 1
 499 36868111 36890138   22027 1
 500 36890138 37145344  255206 1
 501 37145344 37146001     657 1
 502 37146001 37148109    2108 1
 503 37148109 37150011    1902 1
 504 37150011 37172698   22687 1
 505 37174218 37816387  642169 2
 506 38173012 38197252   24240 2
 507 38197252 38198679    1427 2
 508 38198679 38207692    9013 2
 509 38212459 38217166    4707 2
 510 38218686 38311197   92511 2
 511 38312717 38331574   18857 2
 512 38331574 38352582   21008 2
 513 38357349 38378543   21194 2
 514 38380063 39362251  982188 2
 515 39363771 39385229   21458 2
 516 39385229 39702894  317665 4
 517 39702894 39753802   50908 4
 518 39753802 39753802       0 2
 519 39753802 39753802       0 2
 520 39753802 39773951   20149 2
 521 39773951 39773951       0 2
 522 39773951 39773951       0 2
 523 39773951 39773951       0 2
 524 39773951 39794251   20300 2
 525 39795771 39907147  111376 2
 526 39908667 39930754   22087 1
 527 39930754 39930754       0 1
 528 39930754 39930754       0 1
 529 39930754 39930754       0 1
 530 39930754 39958038   27284 1
 531 39958038 39963604    5566 1
 532 39966814 39991661   24847 1
 533 40005303 40031191   25888 1
 534 40031191 40031192       1 1
 535 40031192 40032623    1431 1
 536 40032623 40032623       0 1
 537 40032623 40032623       0 1
 538 40032623 40032623       0 1
 539 40032623 40032623       0 1
 540 40032623 40032623       0 1
 541 40032623 40032623       0 1
 542 40032623 40032623       0 1
 543 40032623 40032623       0 1
 544 40032623 40032623       0 1
 545 40032623 40032623       0 1
 546 40032623 40032623       0 1
 547 40032623 40032623       0 1
 548 40032623 40032623       0 1
 549 40032623 40032623       0 1
 550 40032623 40032623       0 1
 551 40032623 40032623       0 1
 552 40032623 40032623       0 1
 553 40032623 40048958   16335 1
 554 40048958 40048958       0 1
 555 40048958 40049319     361 1
 556 40049319 40049319       0 1
 557 40049319 40049319       0 1
 558 40049319 40049319       0 1
 559 40049319 40049319       0 1
 560 40049319 40049319       0 1
 561 40049319 40049319       0 1
 562 40049319 40049319       0 1
 563 40049319 40049319       0 1
 564 40049319 40049319       0 1
 565 40049319 40049319       0 1
 566 40049319 40049319       0 1
 567 40049319 40049319       0 1
 568 40049319 40049319       0 1
 569 40049319 40049319       0 1
 570 40049319 40049319       0 1
 571 40049319 40049319       0 1
 572 40049319 40049319       0 1
 573 40049319 40049319       0 1
 574 40049319 40071828   22509 1
 575 40071828 40073195    1367 1
 576 40147580 40173610   26030 1
 577 40192640 40216393   23753 1
 578 40267722 40296530   28808 1
 579 40296530 40296530       0 1
 580 40296530 40296530       0 1
 581 40296530 40296530       0 1
 582 40296530 40296530       0 1
 583 40296530 40297371     841 1
 584 40297371 40297371       0 1
 585 40297371 40299145    1774 1
 586 40299145 40321133   21988 1
 587 40321133 40323154    2021 1
 588 40323154 40323154       0 1
 589 40323154 40323154       0 1
 590 40323154 40354602   31448 4
 591 40354602 40354602       0 1
 592 40354602 40354603       1 1
 593 40354603 40355171     568 1
 594 40355171 40355613     442 1
 595 40355613 40378901   23288 1
 596 40378901 40379439     538 1
 597 40379439 40381440    2001 1
 598 40381440 40386663    5223 1
 599 40386663 40386705      42 1
 600 40386705 40388609    1904 1
 601 40388609 40393786    5177 1
 602 40393786 40393786       0 1
 603 40393786 40393786       0 1
 604 40393786 40401139    7353 1
 605 40401139 40411167   10028 1
 606 40411167 40411167       0 1
 607 40411167 40411167       0 1
 608 40411167 40419298    8131 1
 609 40419298 40442189   22891 1
 610 40442189 40442189       0 1
 611 40442189 40442189       0 1
 612 40442189 40442189       0 1
 613 40442189 40461589   19400 1
 614 40461589 40461589       0 1
 615 40461589 40466860    5271 1
 616 40466860 40470364    3504 1
 617 40470364 40472953    2589 1
 618 40472953 40472953       0 1
 619 40472953 40483136   10183 1
 620 40544477 40591847   47370 1
 621 40591847 40618595   26748 4
 622 40618595 40618596       1 1
 623 40618596 40623007    4411 1
 624 40623007 40636173   13166 1
 625 40636173 40639281    3108 1
 626 40639281 40649852   10571 1
 627 40649852 40670864   21012 1
 628 40672202 40686074   13872 1
 629 40686074 40689153    3079 1
 630 40689153 40711817   22664 1
 631 40735120 40859650  124530 1
 632 40859650 40859650       0 1
 633 40859650 40881214   21564 1
 634 40881214 40885613    4399 1
 635 40885613 40969967   84354 1
 636 40969967 41006336   36369 1
 637 41006336 41059456   53120 1
 638 41059456 41209212  149756 1
 639 41209212 41213817    4605 1
 640 41213817 41261519   47702 1
 641 41261519 41263091    1572 1
 642 41263091 41301649   38558 1
 643 41301914 41342582   40668 1
 644 41342582 41366668   24086 1
 645 41368188 42850073 1481885 2
 646 42851593 42895891   44298 1
 647 42895891 43112596  216705 1
 648 43112596 43154680   42084 1
 649 43156200 43597639  441439 2
 650 43599159 43622590   23431 1
 651 43633894 43634633     739 1
 652 43634633 43661451   26818 1
 653 43662971 43858489  195518 2
 654 44305502 44307475    1973 2
 655 44307475 44330366   22891 2
 656 44346608 44372314   25706 2
 657 44397230 44399635    2405 2
 658 44403922 44416602   12680 2
 659 44416602 44418519    1917 2
 660 44418519 44445156   26637 2
 661 44445156 44468914   23758 2
 662 44470434 45147137  676703 2
 663 45148657 45203175   54518 2
 664 45203175 45217083   13908 2
 665 45217083 45239256   22173 2
 666 45260543 45283957   23414 2
 667 45283957 45284915     958 2
 668 45284915 45418868  133953 2
 669 45418868 45419542     674 2
 670 45419542 45423128    3586 2
 671 45423128 45429477    6349 2
 672 45429477 45453425   23948 2
 673 45454945 45688703  233758 2
 674 45690223 45767534   77311 4
 675 45767534 45767534       0 4
 676 45767534 45767534       0 2
 677 45767534 45767534       0 2
 678 45767534 45767534       0 2
 679 45767534 45776355    8821 2
 680 45780319 45785744    5425 2
 681 45785744 45814787   29043 2
 682 45815402 45837860   22458 2
 683 45837860 45840580    2720 2
 684 45840580 45844446    3866 2
 685 45844446 45866402   21956 2
 686 45866402 45875714    9312 2
 687 45875714 45878044    2330 2
 688 45878044 45878983     939 2
 689 45878983 45908539   29556 2
 690 45908539 45908539       0 1
 691 45908539 45908539       0 1
 692 45908539 45908539       0 1
 693 45908539 45908539       0 1
 694 45908539 45908539       0 1
 695 45908539 45908539       0 1
 696 45908539 45908539       0 1
 697 45908539 45920843   12304 1
 698 45920843 45942643   21800 1
 699 45942643 45944166    1523 1
 700 45944166 45968560   24394 1
 701 45982023 46010490   28467 1
 702 46010490 46013092    2602 1
 703 46013092 46013092       0 1
 704 46013092 46013092       0 1
 705 46013092 46013092       0 1
 706 46013092 46013092       0 1
 707 46013092 46013092       0 1
 708 46013092 46013092       0 1
 709 46013092 46013092       0 1
 710 46013092 46013092       0 1
 711 46013092 46013092       0 1
 712 46013092 46013092       0 1
 713 46013092 46013092       0 1
 714 46013092 46013092       0 1
 715 46013092 46013092       0 1
 716 46013092 46013092       0 1
 717 46013092 46013092       0 1
 718 46013092 46013092       0 1
 719 46013092 46013092       0 1
 720 46013092 46013092       0 1
 721 46013092 46013092       0 1
 722 46013092 46013092       0 1
 723 46013092 46013092       0 1
 724 46013092 46013092       0 1
 725 46013092 46013092       0 1
 726 46013092 46013092       0 1
 727 46013092 46013092       0 1
 728 46013092 46030562   17470 1
 729 46030562 46030562       0 1
 730 46030562 46032251    1689 1
 731 46032251 46032517     266 1
 732 46032517 46032932     415 1
 733 46032932 46032933       1 1
 734 46032933 46035601    2668 1
 735 46035601 46035602       1 1
 736 46035602 46042381    6779 1
 737 46042381 46042381       0 1
 738 46042381 46046118    3737 1
 739 46046118 46057855   11737 1
 740 46068635 46083527   14892 1
 741 46083527 46086034    2507 1
 742 46086034 46090457    4423 1
 743 46090457 46097960    7503 1
 744 46097960 46097960       0 1
 745 46097960 46097960       0 1
 746 46097960 46110431   12471 1
 747 46110431 46110431       0 1
 748 46110431 46110431       0 1
 749 46110431 46112630    2199 1
 750 46112630 46112630       0 1
 751 46112630 46112630       0 1
 752 46112630 46138156   25526 1
 753 46138156 46138156       0 1
 754 46138156 46138156       0 1
 755 46138156 46163956   25800 1
 756 46165476 46286366  120890 2
 757 46287886 46317070   29184 1
 758 46377574 46456016   78442 1
 759 46457537 46603148  145611 2
 760 46604668 46872311  267643 4
 761 46872311 46872312       1 1
 762 46873832 47559473  685641 2
 763 47560993 47902632  341639 1
 764 47902632 47914666   12034 1
 765 47914830 47939537   24707 1
 766 47983232 48010824   27592 1
 767 48012344 48565778  553434 2
 768 48567298 48594719   27421 1
 769 48594719 48594719       0 1
 770 48594719 48594719       0 1
 771 48594719 48594719       0 1
 772 48594719 48594719       0 1
 773 48594719 48594719       0 1
 774 48594719 48594719       0 1
 775 48594719 48596434    1715 1
 776 48596434 48620085   23651 1
 777 48620085 48620085       0 1
 778 48620085 48631311   11226 1
 779 48631311 48631312       1 1
 780 48631312 48639479    8167 1
 781 48639479 48647183    7704 1
 782 48647183 48647908     725 1
 783 48647908 48652694    4786 1
 784 48652694 48663430   10736 1
 785 48663430 48664146     716 1
 786 48664146 48672556    8410 1
 787 48672556 48672556       0 1
 788 48672556 48695603   23047 1
 789 48695603 48698748    3145 1
 790 48698748 48703283    4535 1
 791 48703283 48703818     535 1
 792 48703818 48720063   16245 1
 793 48720063 48745692   25629 1
 794 48745692 48754810    9118 1
 795 48754810 48769106   14296 1
 796 48775019 48802978   27959 1
 797 48802978 48802978       0 1
 798 48802978 48812205    9227 1
 799 48812205 48813866    1661 1
 800 48815386 49089852  274466 2
 801 49091372 49131895   40523 1
 802 49196043 49228900   32857 1
 803 49228900 49231063    2163 1
 804 49231063 49349301  118238 1
 805 49349301 49352593    3292 1
 806 49352593 49376164   23571 1
 807 49377684 49900541  522857 2
 808 49926701 49954698   27997 2
 809 49954698 50336734  382036 2
 810 50336734 50338987    2253 2
 811 50338987 50368588   29601 2
 812 50401044 50423514   22470 2
 813 50423514 50423514       0 2
 814 50423514 50427498    3984 2
 815 50427498 50438277   10779 2
 816 50438277 50442387    4110 2
 817 50476552 50500647   24095 2
 818 50500647 50500647       0 2
 819 50500647 50500647       0 2
 820 50500647 50500647       0 2
 821 50500647 50507177    6530 2
 822 50507177 50507178       1 2
 823 50507178 50508339    1161 2
 824 50510253 50532049   21796 2
 825 50532049 50532049       0 2
 826 50532049 50532049       0 2
 827 50532049 50532049       0 2
 828 50532049 50532049       0 2
 829 50532049 50551042   18993 2
 830 50551042 50551043       1 2
 831 50551043 50556924    5881 2
 832 50574349 50593268   18919 2
 833 50593268 50598546    5278 2
 834 50598546 50603562    5016 2
 835 50603562 50628442   24880 2
 836 50628442 50635551    7109 2
 837 50635551 50656328   20777 2
 838 50656328 50682095   25767 2
 839 50694458 50718260   23802 2
 840 50718260 50718260       0 2
 841 50718260 50723381    5121 2
 842 50723381 50723381       0 2
 843 50723381 50723381       0 2
 844 50723381 50723381       0 2
 845 50723381 50723381       0 2
 846 50723381 50723381       0 2
 847 50723381 50723381       0 2
 848 50723381 50723381       0 2
 849 50723381 50732451    9070 2
 850 50732451 50732451       0 2
 851 50732451 50734022    1571 2
 852 50734022 50758492   24470 2
 853 50758492 50758493       1 2
 854 50758493 50776476   17983 2
 855 50776476 50776608     132 2
 856 50776608 50785969    9361 2
 857 50785969 50785970       1 2
 858 50785970 50793374    7404 2
 859 50793374 50814730   21356 2
 860 50814730 50860556   45826 2
 861 50860556 50868429    7873 2
 862 50868429 50891707   23278 2
 863 50913800 50972408   58608 2
 864 50972408 50973096     688 2
 865 50973096 50997973   24877 2
 866 51012627 51035827   23200 2
 867 51081303 51105945   24642 2
 868 51107465 51301378  193913 2
 869 51302898 51411627  108729 2
 870 51411627 51660288  248661 2
 871 51660288 51845480  185192 4
 872 51845480 51845480       0 2
 873 51845480 51845480       0 2
 874 51845480 51845480       0 2
 875 51845480 51845480       0 2
 876 51845480 51845480       0 2
 877 51845480 51845480       0 2
 878 51845480 51845480       0 2
 879 51845480 51845480       0 2
 880 51845480 51863556   18076 2
 881 51863556 51864235     679 2
 882 51864235 51882346   18111 2
 883 51882346 51882346       0 2
 884 51882346 51884948    2602 2
 885 51884948 51907540   22592 2
 886 51921238 51947362   26124 2
 887 51962793 51989623   26830 1
 888 51989623 51989623       0 1
 889 51989623 51990531     908 1
 890 51990531 51990532       1 1
 891 51990532 51992589    2057 1
 892 51992589 51992589       0 1
 893 51992589 51992589       0 1
 894 51992589 51992589       0 1
 895 51992589 51992589       0 1
 896 51992589 51992589       0 1
 897 51992589 51992589       0 1
 898 51992589 51992589       0 1
 899 51992589 51992589       0 1
 900 51992589 51992589       0 1
 901 51992589 51992589       0 1
 902 51992589 51992589       0 1
 903 51992589 51992589       0 1
 904 51992589 51992589       0 1
 905 51992589 51992589       0 1
 906 51992589 51992589       0 1
 907 51992589 51992589       0 1
 908 51992589 51992589       0 1
 909 51992589 51992589       0 1
 910 51992589 51992589       0 1
 911 51992589 51992589       0 1
 912 51992589 51992589       0 1
 913 51992589 51992589       0 1
 914 51992589 51992589       0 1
 915 51992589 51992589       0 1
 916 51992589 51992589       0 1
 917 51992589 51992589       0 1
 918 51992589 51992589       0 1
 919 51992589 51992589       0 1
 920 51992589 51992589       0 1
 921 51992589 51992589       0 1
 922 51992589 51993522     933 1
 923 51993522 51993522       0 1
 924 51993522 52017269   23747 1
 925 52017269 52017270       1 1
 926 52017270 52017315      45 1
 927 52017315 52020349    3034 1
 928 52020349 52031896   11547 1
 929 52040724 52057116   16392 1
 930 52057116 52059985    2869 1
 931 52059985 52066592    6607 1
 932 52066592 52074164    7572 1
 933 52074164 52077961    3797 1
 934 52077961 52077961       0 1
 935 52077961 52099687   21726 1
 936 52099687 52105125    5438 1
 937 52105125 52106395    1270 1
 938 52106395 52106522     127 1
 939 52106522 52128501   21979 1
 940 52183414 52208135   24721 1
 941 52208135 52208135       0 1
 942 52208135 52208135       0 1
 943 52208135 52208135       0 1
 944 52208135 52208135       0 1
 945 52208135 52208135       0 1
 946 52208135 52208135       0 1
 947 52208135 52208135       0 1
 948 52208135 52208135       0 1
 949 52208135 52208135       0 1
 950 52208135 52208135       0 1
 951 52208135 52208135       0 1
 952 52208135 52229268   21133 1
 953 52229268 52229268       0 1
 954 52229268 52229268       0 1
 955 52229268 52229268       0 1
 956 52229268 52229268       0 1
 957 52229268 52229268       0 1
 958 52229268 52241421   12153 1
 959 52241421 52241421       0 1
 960 52241421 52241421       0 1
 961 52241421 52241421       0 1
 962 52241421 52241421       0 1
 963 52241421 52241421       0 1
 964 52241421 52241421       0 1
 965 52241421 52266955   25534 1
 966 52275080 52302520   27440 1
 967 52304040 52432850  128810 2
 968 52434370 52443836    9466 1
 969 52443836 52471042   27206 1
 970 52471042 52471042       0 1
 971 52471042 52471042       0 1
 972 52471042 52473704    2662 1
 973 52473704 52473704       0 1
 974 52473704 52475414    1710 1
 975 52475414 52498867   23453 1
 976 52498867 52504011    5144 1
 977 52504011 52506578    2567 1
 978 52506578 52512172    5594 1
 979 52512172 52520123    7951 1
 980 52520123 52522379    2256 1
 981 52522379 52523058     679 1
 982 52523058 52545721   22663 1
 983 52545721 52545721       0 1
 984 52545721 52545721       0 1
 985 52545721 52545721       0 1
 986 52545721 52545721       0 1
 987 52545721 52545721       0 1
 988 52545721 52545721       0 1
 989 52545721 52545721       0 1
 990 52545721 52545721       0 1
 991 52545721 52553634    7913 1
 992 52555154 52718046  162892 2
 993 52719566 52742459   22893 1
 994 52742459 52742761     302 1
 995 52742761 52752803   10042 1
 996 52752803 52778514   25711 1
 997 52780034 53257732  477698 2
 998 53259252 53266714    7462 1
 999 53266714 53266714       0 1
1000 53266714 53278051   11337 1
1001 53278051 53278051       0 1
1002 53278051 53278051       0 1
1003 53278051 53285678    7627 1
1004 53285678 53303873   18195 1
1005 53303873 53303873       0 1
1006 53303873 53329215   25342 1
1007 53348167 53373028   24861 1
1008 53373028 53373440     412 1
1009 53373440 53485530  112090 1
1010 53485530 53720980  235450 1
1011 53720980 53748519   27539 1
1012 53748519 53852805  104286 1
1013 53852805 54105493  252688 1
1014 54155493 54225477   69984 1
1015 54226997 54731921  504924 2
1016 54733441 54757279   23838 1
1017 54794734 54825430   30696 1
1018 54825430 54825430       0 1
1019 54825430 54825430       0 1
1020 54825430 54825430       0 1
1021 54825430 54857196   31766 1
1022 54857196 54857197       1 1
1023 54858717 55154770  296053 2
1024 55156290 55469033  312743 1
1025 55470554 55942594  472040 2
1026 56484546 56491970    7424 2
1027 56491970 56516614   24644 2
1028 56592962 56620257   27295 2
1029 56620257 56620257       0 2
1030 56620257 56625570    5313 2
1031 56625570 56629521    3951 2
1032 56629521 56638581    9060 2
1033 56638581 56672384   33803 2
1034 56672384 56676456    4072 2
1035 56676456 56689959   13503 2
1036 56689959 56694172    4213 2
1037 56694172 56718211   24039 2
1038 56727698 56744062   16364 2
1039 56744062 56753861    9799 2
1040 56753861 56754048     187 2
1041 56754048 56776439   22391 2
1042 56776439 56778478    2039 2
1043 56778478 56779739    1261 2
1044 56779739 56784930    5191 2
1045 56784930 56792639    7709 2
1046 56792639 56792639       0 2
1047 56792639 56792639       0 2
1048 56792639 56815310   22671 2
1049 56858121 56883358   25237 2
1050 56884878 56980657   95779 2
1051 56982177 57005607   23430 2
1052 57005607 57058571   52964 2
1053 57058571 57341920  283349 2
1054 57341920 57410808   68888 2
1055 57410808 57451934   41126 2
1056 57451934 57618695  166761 2
1057 57618695 57859939  241244 4
1058 57859939 57859939       0 2
1059 57859939 57859940       1 2
1060 57881264 57902498   21234 2
1061 57902498 57902752     254 2
1062 57902752 57924464   21712 2
1063 57972256 57994890   22634 1
1064 57994890 57994890       0 1
1065 57994890 58005810   10920 1
1066 58005810 58012916    7106 1
1067 58014365 58040045   25680 1
1068 58040045 58049795    9750 1
1069 58049795 58049795       0 1
1070 58049795 58049795       0 1
1071 58049795 58049795       0 1
1072 58049795 58051278    1483 1
1073 58051278 58072960   21682 1
1074 58072960 58072960       0 1
1075 58072960 58081733    8773 1
1076 58121019 58167459   46440 4
1077 58167459 58167459       0 1
1078 58167459 58167459       0 1
1079 58167459 58167459       0 1
1080 58167459 58167459       0 1
1081 58167459 58167459       0 1
1082 58167459 58167459       0 1
1083 58167459 58187206   19747 1
1084 58188726 58316842  128116 2
1085 58318363 58340544   22181 1
1086 58340544 58340544       0 1
1087 58340544 58340544       0 1
1088 58340544 58340544       0 1
1089 58340544 58340544       0 1
1090 58340544 58340544       0 1
1091 58340544 58340544       0 1
1092 58340544 58354120   13576 1
1093 58354120 58354120       0 1
1094 58354120 58354120       0 1
1095 58354120 58354120       0 1
1096 58354120 58359895    5775 1
1097 58359895 58359895       0 1
1098 58359895 58359895       0 1
1099 58359895 58359895       0 1
1100 58359895 58359895       0 1
1101 58359895 58359895       0 1
1102 58359895 58365367    5472 1
1103 58365367 58365367       0 1
1104 58365367 58376378   11011 1
1105 58420733 58457250   36517 1
1106 58457250 58457250       0 1
1107 58457250 58458021     771 1
1108 58458021 58462218    4197 1
1109 58462218 58465172    2954 1
1110 58465172 58465173       1 1
1111 58465173 58465350     177 1
1112 58465350 58487129   21779 1
1113 58487129 58490982    3853 1
1114 58490982 58492100    1118 1
1115 58492100 58515295   23195 1
1116 58530694 58555981   25287 1
1117 58555981 58855913  299932 1
1118 58855913 59135007  279094 1
1119 59216185 59249685   33500 1
1120 59249685 59253775    4090 1
1121 59253775 59280502   26727 1
1122 59294156 59296011    1855 1
1123 59296011 59305982    9971 1
1124 59305982 59320458   14476 1
1125 59320458 59333969   13511 1
1126 59333969 59333969       0 1
1127 59333969 59364326   30357 1
1128 59364326 59364326       0 1
1129 59364326 59410799   46473 1
1130 59412319 59597459  185140 2
1131 59598979 59625923   26944 1
1132 59625923 59625923       0 1
1133 59625923 59625923       0 1
1134 59625923 59625923       0 1
1135 59625923 59641488   15565 1
1136 59643008 60861474 1218466 2
1137 60862994 60894026   31032 1
1138 60894026 60894026       0 1
1139 60894026 60894026       0 1
1140 60894026 60910983   16957 1
1141 60910983 60920553    9570 1
1142 60920553 60922194    1641 1
1143 60979014 61000860   21846 1
1144 61028989 61062732   33743 1
1145 61123523 61508939  385416 1
1146 61508939 61508939       0 1
1147 61508939 61508939       0 1
1148 61508939 61508939       0 1
1149 61508939 61508939       0 1
1150 61508939 61517919    8980 1
1151 61517919 61524474    6555 1
1152 61525994 61984645  458651 2
1153 62796229 62817579   21350 2
1154 62817579 62838557   20978 2
1155 62838557 63034529  195972 2
1156 63034529 63157017  122488 2
1157 63157017 63247958   90941 2
1158 63247958 63252754    4796 2
1159 63252754 63258273    5519 2
1160 63258273 63300369   42096 2
1161 63317575 63562911  245336 2
1162 63562911 63579173   16262 2
1163 63579173 63815733  236560 4
1164 63815733 63815733       0 2
1165 63815733 63836460   20727 2
1166 63837980 63973371  135391 2
1167 63974891 63997596   22705 2
1168 63997596 63997596       0 2
1169 63997596 63997596       0 2
1170 63997596 64007372    9776 2
1171 64007372 64007372       0 2
1172 64007372 64007372       0 2
1173 64007372 64038226   30854 2
1174 64038226 64038226       0 1
1175 64038226 64042189    3963 1
1176 64042189 64042189       0 1
1177 64042189 64042189       0 1
1178 64042189 64045221    3032 1
1179 64045221 64045977     756 1
1180 64045977 64068098   22121 1
1181 64106822 64152958   46136 4
1182 64152958 64152958       0 1
1183 64152958 64152958       0 1
1184 64152958 64152958       0 1
1185 64152958 64152958       0 1
1186 64152958 64152958       0 1
1187 64152958 64157096    4138 1
1188 64189333 64210871   21538 1
1189 64283662 64297716   14054 1
1190 64297716 64297716       0 1
1191 64297716 64321381   23665 1
1192 64321381 64325925    4544 1
1193 64325925 64328081    2156 1
1194 64328081 64331788    3707 1
1195 64331788 64358352   26564 1
1196 64358352 64363950    5598 1
1197 64363950 64372013    8063 1
1198 64372013 64383503   11490 1
1199 64383503 64385335    1832 1
1200 64385335 64385335       0 1
1201 64385335 64407726   22391 1
1202 64407726 64425067   17341 1
1203 64430311 64431616    1305 1
1204 64431616 64433749    2133 1
1205 64433749 64437330    3581 1
1206 64437330 64437330       0 1
1207 64437330 64457982   20652 1
1208 64457982 64457982       0 1
1209 64457982 64464384    6402 1
1210 64464384 64464384       0 1
1211 64464384 64464569     185 1
1212 64464569 64494107   29538 1
1213 64548169 64569794   21625 1
1214 64569794 64579567    9773 1
1215 64579567 64602116   22549 1
1216 64603636 64803742  200106 2
1217 64805262 65136987  331725 1
1218 65136987 65204235   67248 1
1219 65204235 65226775   22540 1
1220 65226775 65226775       0 1
1221 65226775 65229207    2432 1
1222 65229207 65253370   24163 1
1223 65253370 65254874    1504 1
1224 65321532 65344575   23043 1
1225 65346095 66970369 1624274 2
1226 66971890 67008180   36290 1
1227 67008180 67041301   33121 1
1228 67115366 67516131  400765 1
1229 67517651 68026697  509046 2
1230 68307449 68316881    9432 2
1231 68316881 68341130   24249 2
1232 68342650 68765597  422947 2
1233 68767117 68879935  112818 2
1234 68899064 68936702   37638 2
1235 68936702 69130943  194241 2
1236 69130943 69318343  187400 4
1237 69318343 69318344       1 2
1238 69318344 69319119     775 2
1239 69319119 69364329   45210 2
1240 69364329 69393911   29582 2
1241 69393911 69465673   71762 2
1242 69465673 69561767   96094 2
1243 69561767 69808565  246798 4
1244 69808565 69808565       0 2
1245 69808565 69808566       1 2
1246 69808566 69840668   32102 2
1247 69840668 69869845   29177 2
1248 69869845 69870569     724 2
1249 69870569 69870657      88 2
1250 69870657 69871169     512 2
1251 69871169 69893908   22739 2
1252 69893908 69893908       0 2
1253 69893908 69893908       0 2
1254 69893908 69893908       0 2
1255 69893908 69893908       0 2
1256 69893908 69893908       0 2
1257 69893908 69893908       0 2
1258 69893908 69893908       0 2
1259 69893908 69893908       0 2
1260 69893908 69893908       0 2
1261 69893908 69893908       0 2
1262 69893908 69893908       0 2
1263 69893908 69893908       0 2
1264 69893908 69900769    6861 2
1265 69940642 69964509   23867 2
1266 69966029 70090697  124668 2
1267 70092217 70097163    4946 1
1268 70097163 70097647     484 1
1269 70097647 70103886    6239 1
1270 70103886 70106273    2387 1
1271 70106273 70136915   30642 4
1272 70136915 70136915       0 1
1273 70136915 70136915       0 1
1274 70136915 70136915       0 1
1275 70136915 70142584    5669 1
1276 70174127 70202317   28190 1
1277 70202317 70202317       0 1
1278 70202317 70204804    2487 1
1279 70204804 70212805    8001 1
1280 70212805 70212806       1 1
1281 70212806 70226310   13504 1
1282 70226310 70232677    6367 1
1283 70232677 70254399   21722 1
1284 70267210 70288589   21379 1
1285 70288589 70293099    4510 1
1286 70293099 70306524   13425 1
1287 70306524 70308001    1477 1
1288 70308001 70330757   22756 1
1289 70330757 70346161   15404 1
1290 70346161 70346161       0 1
1291 70346161 70346161       0 1
1292 70346161 70346161       0 1
1293 70346161 70346161       0 1
1294 70346161 70346161       0 1
1295 70346161 70346161       0 1
1296 70346161 70352449    6288 1
1297 70352449 70352449       0 1
1298 70352449 70352449       0 1
1299 70352449 70352449       0 1
1300 70352449 70356918    4469 1
1301 70356918 70356918       0 1
1302 70356918 70356918       0 1
1303 70356918 70356918       0 1
1304 70356918 70359632    2714 1
1305 70359632 70382362   22730 1
1306 70382362 70382362       0 1
1307 70382362 70382362       0 1
1308 70382362 70382362       0 1
1309 70382362 70382362       0 1
1310 70382362 70382362       0 1
1311 70382362 70382362       0 1
1312 70382362 70382362       0 1
1313 70382362 70382362       0 1
1314 70382362 70383642    1280 1
1315 70383642 70387282    3640 1
1316 70387282 70387282       0 1
1317 70387282 70393347    6065 1
1318 70393347 70439791   46444 1
1319 70439791 70440475     684 1
1320 70440475 70440476       1 1
1321 70440476 70476178   35702 1
1322 70476178 70498331   22153 1
1323 70500221 70522969   22748 1
1324 70522969 70528545    5576 1
1325 70528545 70528545       0 1
1326 70528545 70532284    3739 1
1327 70533804 70790112  256308 2
1328 70791632 70816445   24813 1
1329 70816445 70816445       0 1
1330 70816445 70816445       0 1
1331 70816445 70816445       0 1
1332 70816445 70819639    3194 1
1333 70819639 70819639       0 1
1334 70819639 70819639       0 1
1335 70819639 70819639       0 1
1336 70819639 70819639       0 1
1337 70819639 70819639       0 1
1338 70819639 70834871   15232 1
1339 70834871 70834871       0 1
1340 70834871 70834871       0 1
1341 70834871 70834871       0 1
1342 70834871 70834871       0 1
1343 70834871 70834871       0 1
1344 70834871 70834871       0 1
1345 70834871 70845604   10733 1
1346 70845604 70849050    3446 1
1347 70849050 70861317   12267 1
1348 70861317 70865176    3859 1
1349 70865176 70866367    1191 1
1350 70867887 73028656 2160769 2
1351 73030176 73052403   22227 1
1352 73052403 73054278    1875 1
1353 73054278 73055964    1686 1
1354 73055964 73058433    2469 1
1355 73058433 73082414   23981 1
1356 73083934 73566748  482814 2
1357 73568268 73591799   23531 1
1358 73593319 73912236  318917 2
1359 73913756 73937653   23897 1
1360 73939173 74068892  129719 2
1361 74219248 74297017   77769 2
1362 74297017 74297018       1 2
1363 74297018 74330574   33556 2
1364 74330574 74432193  101619 2
1365 74432193 74435434    3241 2
1366 74435434 74477242   41808 2
1367 74480657 74791756  311099 2
1368 74791756 74895460  103704 2
1369 74895460 74895460       0 2
1370 74895460 74955699   60239 2
1371 74955699 75269016  313317 4
1372 75269016 75269017       1 2
1373 75351512 75352196     684 2
1374 75352196 75430988   78792 2
1375 75430988 75434493    3505 2
1376 75434493 75434682     189 2
1377 75434682 75437200    2518 2
1378 75437200 75439395    2195 2
1379 75439395 75446380    6985 2
1380 75446380 75450883    4503 2
1381 75450883 75477365   26482 2
1382 75477365 75477365       0 2
1383 75477365 75487305    9940 2
1384 75487305 75493613    6308 2
1385 75493613 75493613       0 2
1386 75493613 75493613       0 2
1387 75493613 75528562   34949 2
1388 75528562 75528562       0 2
1389 75528562 75585544   56982 2
1390 75585544 75651933   66389 4
1391 75651933 75651933       0 2
1392 75651933 75651933       0 2
1393 75651933 75651933       0 2
1394 75651933 75651933       0 2
1395 75651933 75651933       0 2
1396 75651933 75651933       0 2
1397 75651933 75651933       0 2
1398 75651933 75651933       0 2
1399 75651933 75651933       0 2
1400 75651933 75664247   12314 2
1401 75664247 75664247       0 2
1402 75664247 75664248       1 2
1403 75664248 75673556    9308 2
1404 75673556 75678978    5422 2
1405 75678978 75698404   19426 2
1406 75698404 75698405       1 2
1407 75698405 75699308     903 2
1408 75699308 75721745   22437 2
1409 75721745 75728857    7112 2
1410 75728857 75730843    1986 2
1411 75730843 75755506   24663 2
1412 75755506 75756260     754 2
1413 75756260 75756260       0 2
1414 75756260 75756260       0 2
1415 75756260 75756260       0 2
1416 75756260 75756260       0 2
1417 75756260 75756260       0 2
1418 75756260 75768586   12326 2
1419 75768586 75768586       0 2
1420 75768586 75769052     466 2
1421 75769052 75776322    7270 2
1422 75776322 75776322       0 2
1423 75776322 75776322       0 2
1424 75776322 75799517   23195 2
1425 75801037 75937243  136206 2
1426 75938763 75962397   23634 2
1427 76016998 76039818   22820 2
1428 76039818 76039818       0 2
1429 76039818 76039818       0 2
1430 76039818 76039818       0 2
1431 76039818 76045799    5981 2
1432 76045799 76045799       0 2
1433 76045799 76045799       0 2
1434 76045799 76045799       0 2
1435 76045799 76046738     939 2
1436 76046738 76058896   12158 2
1437 76058896 76058896       0 2
1438 76058896 76058896       0 2
1439 76058896 76058896       0 2
1440 76058896 76058896       0 2
1441 76058896 76059797     901 2
1442 76059797 76062745    2948 2
1443 76062745 76084783   22038 2
1444 76084783 76084783       0 2
1445 76084783 76084783       0 2
1446 76084783 76084783       0 2
1447 76084783 76089056    4273 2
1448 76089056 76089126      70 2
1449 76089126 76090331    1205 2
1450 76090331 76095084    4753 2
1451 76100516 76182533   82017 4
1452 76182533 76182534       1 1
1453 76182534 76198849   16315 1
1454 76198849 76198850       1 1
1455 76198850 76207524    8674 1
1456 76207524 76207927     403 1
1457 76207927 76230429   22502 1
1458 76265305 76282584   17279 1
1459 76282584 76282584       0 1
1460 76282584 76296563   13979 1
1461 76296563 76310350   13787 1
1462 76310350 76337591   27241 1
1463 76337591 76343118    5527 1
1464 76343118 76367242   24124 1
1465 76367242 76367242       0 1
1466 76367242 76367242       0 1
1467 76367242 76367242       0 1
1468 76367242 76373902    6660 1
1469 76373902 76386982   13080 1
1470 76386982 76398128   11146 1
1471 76398128 76402253    4125 1
1472 76402253 76420242   17989 1
1473 76420242 76454942   34700 1
1474 76520323 76549978   29655 1
1475 76549978 76549978       0 1
1476 76549978 76549979       1 1
1477 76549979 76556313    6334 1
1478 76556313 76690447  134134 1
1479 76690447 76690980     533 1
1480 76690980 76693966    2986 1
1481 76693966 76693966       0 1
1482 76693966 76694269     303 1
1483 76694269 76719409   25140 1
1484 76719409 76719409       0 1
1485 76719409 76719409       0 1
1486 76719409 76719409       0 1
1487 76719409 76719409       0 1
1488 76719409 76719409       0 1
1489 76719409 76719409       0 1
1490 76719409 76727558    8149 1
1491 76729078 77349459  620381 2
1492 77350979 77375784   24805 1
1493 77377304 77967052  589748 2
1494 77968572 77991802   23230 1
1495 78043673 78067578   23905 1
1496 78069099 78462478  393379 2
1497 78463998 78491924   27926 1
1498 78571323 78594420   23097 1
1499 78595940 78886636  290696 2
1500 78888156 78914551   26395 1
1501 78934039 79574068  640029 1
1502 79575588 80110943  535355 2
1503 80839803 80844362    4559 2
1504 80844362 80953314  108952 4
1505 80953314 80953314       0 2
1506 80953314 80978397   25083 2
1507 80978397 81091918  113521 2
1508 81091918 81215554  123636 4
1509 81215554 81215554       0 2
1510 81215554 81215555       1 2
1511 81251851 81368019  116168 2
1512 81368019 81376327    8308 2
1513 81376327 81454950   78623 2
1514 81454950 81502196   47246 2
1515 81503716 81661475  157759 2
1516 81662995 81907016  244021 4
1517 81907016 81907017       1 2
1518 81928277 81929856    1579 2
1519 81929856 81952014   22158 2
1520 81955071 81961857    6786 2
1521 81961857 81962803     946 2
1522 81962803 81986107   23304 2
1523 81987627 82079356   91729 2
1524 82080876 82206554  125678 4
1525 82206554 82206554       0 1
1526 82206554 82206554       0 1
1527 82206554 82213689    7135 1
1528 82237436 82272169   34733 1
1529 82272169 82272170       1 1
1530 82272170 82282612   10442 1
1531 82284132 82529001  244869 2
1532 82530521 82648918  118397 1
1533 82648918 82648918       0 1
1534 82648918 82656705    7787 1
1535 82656705 82676994   20289 1
1536 82682362 82713522   31160 1
1537 82737594 82762144   24550 1
1538 82763664 82871949  108285 2
1539 82873469 82881458    7989 1
1540 82881458 82884649    3191 1
1541 82884649 82885328     679 1
1542 82885328 82885900     572 1
1543 82885900 82889044    3144 1
1544 82889044 82889044       0 1
1545 82889044 82915091   26047 1
1546 82916611 83592048  675437 2
1547 83593568 83614474   20906 1
1548 83647814 83668695   20881 1
1549 83670215 83798104  127889 2
1550 83799624 83800707    1083 1
1551 83802228 83946052  143824 2
1552 83947572 83960538   12966 1
1553 83960538 83983310   22772 1
1554 84011131 84020757    9626 1
1555 84106437 84145186   38749 1
1556 84146706 84910174  763468 2
1557 84911694 85583170  671476 1
1558 85583170 85583979     809 1
1559 85583979 85607101   23122 1