   0    65555    90958   25403 1
   1    92478  1042997  950519 2
   2  1044517  1045126     609 1
   3  1045126  1063614   18488 1
   4  1063614  1121483   57869 1
   5  1135986  1163319   27333 1
   6  1163319  1163319       0 1
   7  1163319  1163319       0 1
   8  1163319  1163319       0 1
   9  1163319  1163319       0 1
  10  1163319  1171126    7807 1
  11  1171126  1193720   22594 1
  12  1195240  1324425  129185 2
  13  1325945  1640572  314627 1
  14  1640572  1640572       0 1
  15  1640572  1661972   21400 1
  16  1661972  1677053   15081 1
  17  1677053  1678896    1843 1
  18  1678896  1706543   27647 1
  19  1708063  2116986  408923 2
  20  2118506  2818276  699770 1
  21  2818276  2818277       1 1
  22  2818277  2819256     979 1
  23  2820776  3375097  554321 2
  24  3813610  3994663  181053 2
  25  3996183  4336143  339960 2
  26  4337663  4558086  220423 4
  27  4559607  4810634  251027 2
  28  4812154  4852464   40310 2
  29  4852464  4852464       0 2
  30  4852464  4852465       1 2
  31  4862509  4885611   23102 2
  32  4885611  4885612       1 2
  33  4885612  4891710    6098 2
  34  4891710  4920792   29082 2
  35  4920792  4927932    7140 2
  36  4927932  4950583   22651 2
  37  4952103  5086418  134315 2
  38  5087938  5133056   45118 4
  39  5133056  5133056       0 2
  40  5133056  5133056       0 2
  41  5133056  5133056       0 2
  42  5133056  5136946    3890 2
  43  5136946  5136946       0 2
  44  5136946  5136947       1 2
  45  5136947  5136947       0 2
  46  5136947  5136947       0 2
  47  5136947  5152978   16031 2
  48  5152978  5161188    8210 2
  49  5161188  5161188       0 2
  50  5161188  5161188       0 2
  51  5161188  5161188       0 2
  52  5161188  5183673   22485 2
  53  5183673  5184408     735 2
  54  5184408  5184408       0 2
  55  5184408  5186906    2498 2
  56  5186906  5194009    7103 2
  57  5194009  5223302   29293 4
  58  5223302  5223302       0 2
  59  5223302  5223302       0 2
  60  5223302  5235531   12229 2
  61  5241226  5264938   23712 2
  62  5264938  5264938       0 2
  63  5264938  5264938       0 2
  64  5264938  5276864   11926 2
  65  5276864  5278396    1532 2
  66  5278396  5281413    3017 2
  67  5281413  5316045   34632 2
  68  5316045  5329774   13729 2
  69  5329774  5336968    7194 2
  70  5336968  5349861   12893 2
  71  5349861  5372289   22428 2
  72  5372289  5372289       0 2
  73  5372289  5375051    2762 2
  74  5375051  5382917    7866 2
  75  5382917  5382917       0 2
  76  5382917  5383150     233 2
  77  5383150  5385258    2108 2
  78  5385258  5408657   23399 2
  79  5408657  5418273    9616 2
  80  5418273  5420143    1870 2
  81  5420143  5420144       1 2
  82  5420144  5423853    3709 1
  83  5423853  5424995    1142 1
  84  5424995  5448882   23887 1
  85  5450402  5808364  357962 2
  86  5809884  5831770   21886 1
  87  5831770  5833821    2051 1
  88  5833821  6050967  217146 1
  89  6113679  6261063  147384 1
  90  6261063  6261064       1 1
  91  6261064  6262779    1715 1
  92  6262779  6265638    2859 1
  93  6265638  6288794   23156 1
  94  6318706  6332583   13877 1
  95  6332583  6377444   44861 1
  96  6384873  6414848   29975 1
  97  6414848  6454055   39207 1
  98  6454055  6467107   13052 1
  99  6467107  6489056   21949 1
 100  6490576  6989614  499038 2
 101  6991134  7022540   31406 1
 102  7022540  7031477    8937 1
 103  7031477  7041529   10052 1
 104  7041529  7041667     138 1
 105  7041667  7071109   29442 1
 106  7071109  7071110       1 1
 107  7071110  7078082    6972 1
 108  7078082  7079890    1808 1
 109  7079890  7087484    7594 1
 110  7087484  7088466     982 1
 111  7088466  7089704    1238 1
 112  7089704  7090816    1112 1
 113  7090816  7091958    1142 1
 114  7091958  7091958       0 1
 115  7091958  7117863   25905 1
 116  7159348  7175692   16344 1
 117  7175692  7175692       0 1
 118  7175692  7175692       0 1
 119  7175692  7175692       0 1
 120  7175692  7200690   24998 1
 121  7267244  7302301   35057 1
 122  7302301  7302302       1 1
 123  7302302  7316816   14514 1
 124  7318336  8153023  834687 2
 125  8154543  8180650   26107 1
 126  8180650  8180650       0 1
 127  8180650  8193530   12880 1
 128  8193530  8193530       0 1
 129  8193530  8193530       0 1
 130  8193530  8211212   17682 1
 131  8212732  8744643  531911 2
 132  8746163  8777357   31194 1
 133  8778877  9020927  242050 2
 134  9022447  9044905   22458 1
 135  9044905  9050909    6004 1
 136  9052429  9417158  364729 2
 137  9433621  9493898   60277 2
 138  9493898  9513463   19565 2
 139  9513463  9531726   18263 2
 140  9531726  9591480   59754 2
 141  9591480  9683064   91584 2
 142  9683064  9697585   14521 2
 143  9725416  9868294  142878 2
 144  9868294 10073696  205402 2
 145 10073696 10261624  187928 2
 146 10265935 10291623   25688 2
 147 10359712 10388087   28375 2
 148 10388087 10388581     494 2
 149 10388581 10416998   28417 2
 150 10418518 10703425  284907 2
 151 10704945 10767474   62529 2
 152 10767474 10767474       0 2
 153 10767474 10767475       1 2
 154 10801851 10965944  164093 2
 155 10965944 10965944       0 2
 156 10965944 10965944       0 2
 157 10965944 10984471   18527 2
 158 10984471 10987796    3325 2
 159 10989029 11005444   16415 2
 160 11005444 11005444       0 2
 161 11005444 11008778    3334 2
 162 11008778 11012476    3698 2
 163 11012476 11031767   19291 2
 164 11031767 11031767       0 2
 165 11031767 11031767       0 2
 166 11031767 11031767       0 2
 167 11031767 11055764   23997 2
 168 11097080 11148828   51748 4
 169 11148828 11148829       1 2
 170 11148829 11157514    8685 2
 171 11157514 11176202   18688 2
 172 11176202 11181019    4817 2
 173 11233050 11245328   12278 2
 174 11245328 11245328       0 2
 175 11245328 11245328       0 2
 176 11245328 11245328       0 2
 177 11245328 11276148   30820 4
 178 11276148 11276148       0 2
 179 11276148 11276149       1 2
 180 11276149 11283248    7099 2
 181 11283248 11285035    1787 2
 182 11285035 11287288    2253 2
 183 11287288 11292209    4921 2
 184 11292209 11292951     742 2
 185 11292951 11293860     909 2
 186 11293860 11313273   19413 2
 187 11313273 11313273       0 2
 188 11313273 11330223   16950 2
 189 11330223 11354821   24598 2
 190 11354821 11354821       0 2
 191 11354821 11354821       0 2
 192 11354821 11354821       0 2
 193 11354821 11359251    4430 2
 194 11359251 11360624    1373 2
 195 11360624 11370349    9725 2
 196 11370349 11370349       0 2
 197 11370349 11370349       0 2
 198 11370349 11370349       0 2
 199 11370349 11372192    1843 2
 200 11372192 11388880   16688 2
 201 11388880 11388880       0 2
 202 11388880 11408147   19267 2
 203 11408147 11408147       0 2
 204 11408147 11408147       0 2
 205 11408147 11419736   11589 2
 206 11419736 11419736       0 2
 207 11419736 11419736       0 2
 208 11419736 11419736       0 2
 209 11419736 11446492   26756 2
 210 11448012 11711399  263387 2
 211 11712919 11734754   21835 1
 212 11734754 11736956    2202 1
 213 11736956 11761854   24898 1
 214 11761854 11762376     522 1
 215 11762376 11764883    2507 1
 216 11764883 11787307   22424 1
 217 11787307 11791239    3932 1
 218 11791239 11792989    1750 1
 219 11792989 11827964   34975 1
 220 11827964 11829116    1152 1
 221 11829116 11833143    4027 1
 222 11833143 11837108    3965 1
 223 11837108 11861626   24518 1
 224 11863146 12168559  305413 2
 225 12170079 12199578   29499 1
 226 12223548 12342825  119277 1
 227 12342825 12342826       1 1
 228 12344346 12695338  350992 2
 229 12696858 12743595   46737 1
 230 12743595 12743596       1 1
 231 12743596 12745622    2026 1
 232 12745622 12773480   27858 1
 233 12778654 12860580   81926 1
 234 12860580 12860581       1 1
 235 12860581 12868095    7514 1
 236 12868095 12904160   36065 1
 237 12904160 12930683   26523 1
 238 12986633 13050634   64001 1
 239 13050634 13050635       1 1
 240 13051373 13052822    1449 1
 241 13052822 13053949    1127 1
 242 13053949 13054861     912 1
 243 13054861 13058557    3696 1
 244 13058557 13058557       0 1
 245 13058557 13058557       0 1
 246 13058557 13058557       0 1
 247 13058557 13058729     172 1
 248 13058729 13079236   20507 1
 249 13079236 13079236       0 1
 250 13079236 13079236       0 1
 251 13079236 13079236       0 1
 252 13079236 13102563   23327 1
 253 13165088 13188731   23643 1
 254 13190251 14232210 1041959 2
 255 14233730 14316425   82695 1
 256 14316425 14316426       1 1
 257 14319436 14325296    5860 1
 258 14325296 14350225   24929 1
 259 14351745 14719970  368225 2
 260 14721490 14735876   14386 1
 261 14735876 14774734   38858 1
 262 14847102 14885699   38597 1
 263 14885699 14885700       1 1
 264 14885700 14888030    2330 1
 265 14888030 14899201   11171 1
 266 14899201 14905268    6067 1
 267 14905268 14916665   11397 1
 268 14916665 14940329   23664 1
 269 14943258 14963008   19750 1
 270 14963008 14963008       0 1
 271 14963008 14963008       0 1
 272 14963008 14963008       0 1
 273 14963008 14963008       0 1
 274 14963008 14963008       0 1
 275 14963008 14967674    4666 1
 276 14969127 14974298    5171 1
 277 14974298 14984333   10035 1
 278 14984333 14984333       0 1
 279 14984333 15013572   29239 1
 280 15015092 15155851  140759 2
 281 15157371 15160233    2862 1
 282 15160233 15164589    4356 1
 283 15164589 15171043    6454 1
 284 15171043 15174833    3790 1
 285 15174833 15174833       0 1
 286 15174833 15174833       0 1
 287 15174833 15177910    3077 1
 288 15177910 15179187    1277 1
 289 15179187 15188889    9702 1
 290 15188889 15188889       0 1
 291 15188889 15189493     604 1
 292 15189493 15191158    1665 1
 293 15191158 15194563    3405 1
 294 15194563 15198639    4076 1
 295 15198639 15214464   15825 1
 296 15214464 15214464       0 1
 297 15214464 15214464       0 1
 298 15214464 15214464       0 1
 299 15214464 15214464       0 1
 300 15214464 15214464       0 1
 301 15214464 15214464       0 1
 302 15214464 15215489    1025 1
 303 15215489 15215995     506 1
 304 15215995 15216730     735 1
 305 15216730 15216730       0 1
 306 15216730 15228392   11662 1
 307 15228392 15228392       0 1
 308 15228392 15228392       0 1
 309 15228392 15228392       0 1
 310 15228392 15228392       0 1
 311 15228392 15228392       0 1
 312 15228392 15228392       0 1
 313 15228392 15228392       0 1
 314 15228392 15228392       0 1
 315 15228392 15228392       0 1
 316 15228392 15229439    1047 1
 317 15229439 15231314    1875 1
 318 15231314 15234625    3311 1
 319 15234625 15235279     654 1
 320 15235279 15254913   19634 1
 321 15254913 15254913       0 1
 322 15254913 15254913       0 1
 323 15254913 15254913       0 1
 324 15254913 15254913       0 1
 325 15254913 15254913       0 1
 326 15254913 15254913       0 1
 327 15254913 15261612    6699 1
 328 15261612 15265971    4359 1
 329 15265971 15265971       0 1
 330 15265971 15267090    1119 1
 331 15267090 15269634    2544 1
 332 15269634 15271451    1817 1
 333 15271451 15271451       0 1
 334 15271451 15271451       0 1
 335 15271451 15272849    1398 1
 336 15272849 15272849       0 1
 337 15272849 15272849       0 1
 338 15272849 15296866   24017 1
 339 15296866 15296866       0 1
 340 15296866 15300544    3678 1
 341 15300544 15300545       1 1
 342 15300545 15300545       0 1
 343 15300545 15300545       0 1
 344 15300545 15309133    8588 1
 345 15310653 15459239  148586 2
 346 16082271 16105330   23059 2
 347 16105330 16105330       0 2
 348 16105330 16114695    9365 2
 349 16114695 16114695       0 2
 350 16114695 16114696       1 2
 351 16116216 16332871  216655 2
 352 16334391 16387557   53166 2
 353 16387557 16442271   54714 2
 354 16443791 16559767  115976 2
 355 16561287 16585883   24596 2
 356 16585883 16585883       0 2
 357 16585883 16585883       0 2
 358 16585883 16599705   13822 2
 359 16599705 16602784    3079 2
 360 16602784 16611632    8848 2
 361 16613151 16926706  313555 2
 362 16928227 16991548   63321 2
 363 16991548 17327822  336274 4
 364 17327822 17327822       0 2
 365 17327822 17327822       0 2
 366 17327822 17330312    2490 2
 367 17330372 17366112   35740 2
 368 17366112 17392048   25936 4
 369 17392048 17392049       1 2
 370 17393569 17812596  419027 2
 371 17814116 17853269   39153 1
 372 17853269 17853270       1 1
 373 17853270 17864572   11302 1
 374 17866092 18253109  387017 2
 375 18254629 18371031  116402 1
 376 18371031 18623280  252249 1
 377 18623280 18685038   61758 1
 378 18685038 18952652  267614 1
 379 18952652 18965687   13035 1
 380 18965687 18987885   22198 1
 381 18989405 20242950 1253545 2
 382 20244470 20296723   52253 1
 383 20296723 20296724       1 1
 384 20296724 20312133   15409 1
 385 20313653 20699742  386089 2
 386 20701262 20737706   36444 1
 387 20737706 20770105   32399 1
 388 20773199 20800228   27029 1
 389 20800228 20857126   56898 1
 390 20857126 20858530    1404 1
 391 20858530 20869419   10889 1
 392 20869419 20875161    5742 1
 393 20875161 20908886   33725 1
 394 20967104 20991241   24137 1
 395 20992761 21501300  508539 2
 396 21686886 21709951   23065 2
 397 21711471 22764450 1052979 2
 398 22765970 22897678  131708 2
 399 22921129 22986132   65003 4
 400 22986132 22986132       0 2
 401 22986132 22986132       0 2
 402 22986132 22998246   12114 2
 403 22998246 23000501    2255 2
 404 23000501 23013471   12970 2
 405 23013471 23013471       0 2
 406 23013471 23023954   10483 2
 407 23023954 23023954       0 2
 408 23023954 23023954       0 2
 409 23023954 23026010    2056 2
 410 23026010 23026010       0 2
 411 23026010 23026010       0 2
 412 23026010 23028132    2122 2
 413 23028132 23029084     952 2
 414 23029084 23029778     694 2
 415 23029778 23030159     381 2
 416 23030159 23033071    2912 2
 417 23033071 23033071       0 2
 418 23033071 23033071       0 2
 419 23033071 23034448    1377 2
 420 23034448 23034448       0 2
 421 23034448 23046704   12256 2
 422 23046704 23046704       0 2
 423 23046704 23046704       0 2
 424 23046704 23046704       0 2
 425 23046704 23046704       0 2
 426 23046704 23046704       0 2
 427 23046704 23046704       0 2
 428 23046704 23052385    5681 2
 429 23052385 23052385       0 2
 430 23052385 23078507   26122 2
 431 23078507 23078508       1 2
 432 23078508 23078508       0 2
 433 23078508 23078508       0 2
 434 23078508 23078508       0 2
 435 23078508 23078508       0 2
 436 23078508 23078508       0 2
 437 23078508 23078508       0 2
 438 23078508 23078508       0 2
 439 23078508 23079831    1323 2
 440 23079831 23079831       0 2
 441 23079831 23082244    2413 2
 442 23082244 23087896    5652 2
 443 23087896 23087896       0 2
 444 23087896 23087896       0 2
 445 23087896 23091985    4089 2
 446 23091985 23091985       0 2
 447 23091985 23096318    4333 2
 448 23096318 23096318       0 2
 449 23096318 23096318       0 2
 450 23096318 23096413      95 2
 451 23096413 23099182    2769 2
 452 23099182 23099182       0 2
 453 23099182 23107516    8334 2
 454 23107516 23107516       0 2
 455 23107516 23107516       0 2
 456 23107516 23107516       0 2
 457 23107516 23107516       0 2
 458 23107516 23140275   32759 2
 459 23140275 23148311    8036 2
 460 23148311 23148311       0 2
 461 23148311 23148311       0 2
 462 23148311 23148312       1 2
 463 23148312 23162025   13713 2
 464 23255864 23328665   72801 2
 465 23328665 23334201    5536 2
 466 23335721 23439237  103516 2
 467 23440757 23806541  365784 4
 468 23806541 23806541       0 1
 469 23806541 23806541       0 1
 470 23806541 23806541       0 1
 471 23806541 23814327    7786 1
 472 23814327 23814328       1 1
 473 23814328 23814562     234 1
 474 23814562 23821224    6662 1
 475 23821224 23822535    1311 1
 476 23822535 23824070    1535 1
 477 23824070 23825229    1159 1
 478 23825229 23825287      58 1
 479 23825287 23827782    2495 1
 480 23827782 23829542    1760 1
 481 23829542 23830890    1348 1
 482 23830890 23834471    3581 1
 483 23834471 23834471       0 1
 484 23834471 23834471       0 1
 485 23834471 23834471       0 1
 486 23834471 23836996    2525 1
 487 23836996 23860316   23320 1
 488 23873157 23876499    3342 1
 489 23876499 23878863    2364 1
 490 23878863 23882410    3547 1
 491 23882410 23882410       0 1
 492 23882410 23884428    2018 1
 493 23884428 23884867     439 1
 494 23884867 23889630    4763 1
 495 23889630 23892608    2978 1
 496 23892608 23892608       0 1
 497 23892608 23915430   22822 1
 498 23941109 23963426   22317 1
 499 23963426 23963426       0 1
 500 23963426 23963426       0 1
 501 23963426 23968429    5003 1
 502 23968429 23970444    2015 1
 503 23970444 23974948    4504 1
 504 23976468 24214662  238194 2
 505 24216182 24449800  233618 1
 506 24449800 24465887   16087 1
 507 24465887 24539613   73726 1
 508 24539613 24558430   18817 1
 509 24558430 24674821  116391 1
 510 24674821 24677423    2602 1
 511 24754264 24812580   58316 1
 512 24812580 24828671   16091 1
 513 24830191 24948571  118380 2
 514 24950091 24976981   26890 1
 515 24978501 25362590  384089 2
 516 25364110 25388633   24523 1
 517 25388633 25411344   22711 1
 518 25440285 25467605   27320 1
 519 25469125 26357152  888027 2
 520 26358672 26724937  366265 1
 521 26724937 26724938       1 1
 522 26724938 26751240   26302 1
 523 26751240 26779492   28252 1
 524 26781012 26912203  131191 2
 525 26913723 26918252    4529 1
 526 26918252 26924246    5994 1
 527 26924246 26950046   25800 1
 528 26951566 27543392  591826 2
 529 28023059 28046506   23447 2
 530 28048026 28924155  876129 2
 531 28925675 29154949  229274 4
 532 29154949 29154949       0 2
 533 29154949 29154949       0 2
 534 29154949 29154949       0 2
 535 29154949 29154949       0 2
 536 29154949 29169524   14575 2
 537 29189892 29213993   24101 2
 538 29271853 29294622   22769 2
 539 29322591 29324120    1529 2
 540 29324120 29345361   21241 2
 541 29346881 29480756  133875 2
 542 29482276 29785131  302855 4
 543 29785131 29785131       0 1
 544 29785131 29785131       0 1
 545 29785131 29785131       0 1
 546 29785131 29785131       0 1
 547 29785131 29785131       0 1
 548 29785131 29785131       0 1
 549 29785131 29806372   21241 1
 550 29806372 29806372       0 1
 551 29806372 29808370    1998 1
 552 29820271 29831122   10851 1
 553 29831122 29853150   22028 1
 554 29872900 29943277   70377 1
 555 29972751 30013237   40486 1
 556 30013237 30013237       0 1
 557 30013237 30013238       1 1
 558 30013238 30027718   14480 1
 559 30027718 30027719       1 1
 560 30027719 30036122    8403 1
 561 30036122 30060185   24063 1
 562 30061705 30179737  118032 2
 563 30181257 30430564  249307 4
 564 30430564 30430565       1 1
 565 30461005 30488278   27273 1
 566 30503235 30618218  114983 1
 567 30618218 30626608    8390 1
 568 30626608 30626609       1 1
 569 30626609 30640389   13780 1
 570 30640389 30648428    8039 1
 571 30648428 30653112    4684 1
 572 30653112 30665013   11901 1
 573 30665013 30686064   21051 1
 574 30686064 30686065       1 1
 575 30686065 30697766   11701 1
 576 30697766 30705488    7722 1
 577 30705488 30750905   45417 1
 578 30827976 31141686  313710 1
 579 31141686 31141687       1 1
 580 31141687 31388709  247022 1
 581 31388709 31388756      47 1
 582 31388756 31446482   57726 1
 583 31487512 31529442   41930 1
 584 31529442 31534785    5343 1
 585 31534785 31590634   55849 1
 586 31590634 31598809    8175 1
 587 31625961 31645220   19259 1
 588 31645220 31717171   71951 1
 589 31718691 32412728  694037 2
 590 32414248 32419827    5579 1
 591 32419827 32419827       0 1
 592 32419827 32419827       0 1
 593 32419827 32447137   27310 1
 594 32447137 32448929    1792 1
 595 32450449 32615055  164606 2
 596 32616575 32640675   24100 1
 597 32640675 32690233   49558 1
 598 32690233 32731456   41223 1
 599 32732976 32920353  187377 2
 600 32921873 32956561   34688 1
 601 32956561 32956561       0 1
 602 32956561 32962857    6296 1
 603 32962857 32970551    7694 1
 604 32970551 32971212     661 1
 605 32972732 33585452  612720 2
 606 33867862 33890002   22140 2
 607 33891522 34510300  618778 2
 608 34511820 34532564   20744 2
 609 34534084 35033024  498940 2
 610 35034544 35122019   87475 4
 611 35122019 35122019       0 2
 612 35122019 35122019       0 2
 613 35122019 35122019       0 2
 614 35122019 35122019       0 2
 615 35122019 35135556   13537 2
 616 35137076 35272091  135015 2
 617 35273611 35445157  171546 2
 618 35445157 35445158       1 2
 619 35445158 35451236    6078 2
 620 35451236 35454931    3695 2
 621 35454931 35478220   23289 2
 622 35501151 35571711   70560 4
 623 35571711 35571711       0 2
 624 35571711 35571711       0 2
 625 35571711 35588121   16410 2
 626 35589641 35736442  146801 2
 627 35737962 35777286   39324 1
 628 35777286 35779472    2186 1
 629 35783249 35808410   25161 1
 630 35808410 35823280   14870 1
 631 35823280 35825857    2577 1
 632 35825857 35826720     863 1
 633 35826720 35835959    9239 1
 634 35835959 35837661    1702 1
 635 35837661 35837939     278 1
 636 35837939 35839681    1742 1
 637 35839681 35839681       0 1
 638 35839681 35842886    3205 1
 639 35842886 35843398     512 1
 640 35843398 35865544   22146 1
 641 35865544 35865545       1 1
 642 35865545 35869460    3915 1
 643 35870980 36033523  162543 2
 644 36035043 36044439    9396 1
 645 36044439 36044439       0 1
 646 36044439 36066664   22225 1
 647 36066664 36071482    4818 1
 648 36071482 36103868   32386 1
 649 36103868 36149674   45806 4
 650 36149674 36149674       0 1
 651 36149674 36157848    8174 1
 652 36158118 36171272   13154 1
 653 36171272 36194273   23001 1
 654 36214646 36216150    1504 1
 655 36216150 36216150       0 1
 656 36216150 36218165    2015 1
 657 36218165 36224661    6496 1
 658 36224661 36224661       0 1
 659 36224661 36224661       0 1
 660 36224661 36224661       0 1
 661 36224661 36224661       0 1
 662 36224661 36227943    3282 1
 663 36227943 36228950    1007 1
 664 36228950 36233307    4357 1
 665 36233307 36255800   22493 1
 666 36255800 36255800       0 1
 667 36255800 36255800       0 1
 668 36255800 36255800       0 1
 669 36255800 36283939   28139 1
 670 36283939 36283940       1 1
 671 36283940 36292001    8061 1
 672 36292001 36292001       0 1
 673 36292001 36320096   28095 1
 674 36320096 36336673   16577 1
 675 36336673 36336772      99 1
 676 36336772 36372439   35667 1
 677 36372439 36407394   34955 1
 678 36407394 36410913    3519 1
 679 36410913 36414697    3784 1
 680 36414697 36419552    4855 1
 681 36419552 36425455    5903 1
 682 36425455 36451783   26328 1
 683 36451783 36451783       0 1
 684 36451783 36474055   22272 1
 685 36474055 36474055       0 1
 686 36474055 36477386    3331 1
 687 36477386 36486693    9307 1
 688 36486693 36486693       0 1
 689 36486693 36486693       0 1
 690 36486693 36502790   16097 1
 691 36502790 36502790       0 1
 692 36502790 36525101   22311 1
 693 36525101 36525102       1 1
 694 36545315 36627615   82300 4
 695 36627615 36627616       1 1
 696 36627616 36654984   27368 1
 697 36654984 36678478   23494 1
 698 36678478 36681069    2591 1
 699 36681069 36700332   19263 1
 700 36700332 36876926  176594 1
 701 36876926 37010161  133235 1
 702 37010161 37050386   40225 1
 703 37050386 37162202  111816 1
 704 37163722 38604511 1440789 2
 705 38606031 38623648   17617 1
 706 38623648 38661133   37485 1
 707 38661133 38682773   21640 1
 708 38682773 38712682   29909 1
 709 38712682 38926671  213989 1
 710 38926671 38927974    1303 1
 711 38927974 38929717    1743 1
 712 38929717 38930078     361 1
 713 38930078 38930683     605 1
 714 38930683 38932726    2043 1
 715 38932726 38933848    1122 1
 716 38933848 38933848       0 1
 717 38933848 38933848       0 1
 718 38933848 38935649    1801 1
 719 38935649 38936251     602 1
 720 38936251 38942290    6039 1
 721 38942290 38942290       0 1
 722 38942290 38942290       0 1
 723 38942290 38942290       0 1
 724 38942290 38942290       0 1
 725 38942290 38945042    2752 1
 726 38945042 38967660   22618 1
 727 38969180 39606768  637588 2
 728 39608288 39657492   49204 1
 729 40365372 40386620   21248 2
 730 40391252 40412872   21620 2
 731 40417271 40438245   20974 2
 732 40439765 40590583  150818 2
 733 40592103 40613578   21475 2
 734 40615098 41105190  490092 2
 735 41106710 41109209    2499 2
 736 41109209 41120247   11038 2
 737 41120247 41126933    6686 2
 738 41126933 41131737    4804 2
 739 41131737 41131737       0 2
 740 41131737 41154853   23116 2
 741 41156373 41267314  110941 2
 742 41268834 41270960    2126 2
 743 41270960 41298774   27814 4
 744 41298774 41298775       1 2
 745 41300295 41498377  198082 2
 746 41499897 41501223    1326 2
 747 41501223 41523161   21938 4
 748 41523161 41523162       1 2
 749 41539521 41562451   22930 2
 750 41562451 41576903   14452 2
 751 41578423 41675895   97472 2
 752 41677415 41715819   38404 1
 753 41715819 41719134    3315 1
 754 41719134 41719134       0 1
 755 41719134 41719134       0 1
 756 41719134 41719728     594 1
 757 41719728 41724053    4325 1
 758 41724053 41747353   23300 1
 759 41747353 41757535   10182 1
 760 41759779 41784462   24683 1
 761 41798870 41801398    2528 1
 762 41801398 41808330    6932 1
 763 41808330 41808330       0 1
 764 41808330 41808330       0 1
 765 41808330 41810302    1972 1
 766 41810302 41812616    2314 1
 767 41812616 41812616       0 1
 768 41812616 41813178     562 1
 769 41813178 41813681     503 1
 770 41813681 41814819    1138 1
 771 41814819 41815251     432 1
 772 41815251 41815780     529 1
 773 41815780 41816076     296 1
 774 41816076 41816870     794 1
 775 41816870 41816870       0 1
 776 41816870 41816870       0 1
 777 41816870 41816954      84 1
 778 41816954 41817292     338 1
 779 41817292 41817414     122 1
 780 41817414 41817618     204 1
 781 41817618 41823257    5639 1
 782 41823257 41823257       0 1
 783 41823257 41823257       0 1
 784 41823257 41823257       0 1
 785 41823257 41823257       0 1
 786 41823257 41827644    4387 1
 787 41827644 41827644       0 1
 788 41827644 41827644       0 1
 789 41827644 41827644       0 1
 790 41827644 41827644       0 1
 791 41827644 41827644       0 1
 792 41827644 41831523    3879 1
 793 41831523 41831523       0 1
 794 41831523 41831523       0 1
 795 41831523 41831523       0 1
 796 41831523 41832285     762 1
 797 41832285 41834600    2315 1
 798 41834600 41840577    5977 1
 799 41840577 41840577       0 1
 800 41840577 41842089    1512 1
 801 41842089 41865425   23336 1
 802 41865425 41866575    1150 1
 803 41866575 41866576       1 1
 804 41882490 41909683   27193 1
 805 41909683 41928901   19218 1
 806 41928901 41928901       0 1
 807 41928901 41928901       0 1
 808 41928901 41928901       0 1
 809 41928901 41941829   12928 1
 810 41941829 41944579    2750 1
 811 41944579 41986430   41851 1
 812 41986744 42010282   23538 1
 813 42011803 42153339  141536 2
 814 42154859 42267918  113059 4
 815 42267918 42267919       1 1
 816 42267919 42271389    3470 1
 817 42271389 42272428    1039 1
 818 42272428 42281241    8813 1
 819 42281241 42281241       0 1
 820 42281241 42281241       0 1
 821 42281241 42284597    3356 1
 822 42284597 42294679   10082 1
 823 42294679 42308063   13384 1
 824 42308063 42310047    1984 1
 825 42310047 42310212     165 1
 826 42310212 42315042    4830 1
 827 42315042 42315042       0 1
 828 42315042 42324543    9501 1
 829 42324543 42324543       0 1
 830 42324543 42324543       0 1
 831 42324543 42324543       0 1
 832 42324543 42331259    6716 1
 833 42331259 42331259       0 1
 834 42331259 42357194   25935 1
 835 42357194 42357195       1 1
 836 42357195 42362371    5176 1
 837 42362371 42362371       0 1
 838 42362371 42364361    1990 1
 839 42364361 42364361       0 1
 840 42364361 42364362       1 1
 841 42374208 42829124  454916 4
 842 42829124 42829124       0 1
 843 42829124 42829124       0 1
 844 42829124 42829124       0 1
 845 42829124 42829124       0 1
 846 42829124 42829125       1 1
 847 42882538 42923005   40467 1
 848 42923005 42954297   31292 1
 849 42955817 44200987 1245170 2
 850 44202507 44230161   27654 1
 851 44231681 44325877   94196 2
 852 44327397 44327998     601 1
 853 44327998 44351840   23842 1
 854 44353360 44543520  190160 2
 855 44545040 44567667   22627 1
 856 44567667 44646958   79291 1
 857 44646958 44691784   44826 1
 858 44693304 44905697  212393 2
 859 44907217 44950270   43053 1
 860 44951790 45382170  430380 2
 861 45383690 45409318   25628 1
 862 45410839 45669577  258738 2
 863 45738357 45907041  168684 2
 864 45907041 45933912   26871 2
 865 45935432 46136202  200770 2
 866 46137722 46217581   79859 2
 867 46217581 46229735   12154 2
 868 46230768 46255267   24499 2
 869 46256787 46877503  620716 2
 870 46879023 46914720   35697 2
 871 46914720 46914720       0 2
 872 46914720 46914721       1 2
 873 46916241 47033963  117722 2
 874 47035483 47065828   30345 2
 875 47065828 47065828       0 2
 876 47065828 47179153  113325 2
 877 47180673 47481633  300960 2
 878 47483153 47609904  126751 4
 879 47609904 47609905       1 2
 880 47645377 47648225    2848 2
 881 47648225 47651154    2929 2
 882 47651154 47651154       0 2
 883 47651154 47652680    1526 2
 884 47652680 47654889    2209 2
 885 47654889 47654889       0 2
 886 47654889 47654889       0 2
 887 47654889 47677378   22489 2
 888 47677378 47679181    1803 2
 889 47679181 47680274    1093 2
 890 47680274 47680274       0 2
 891 47680274 47680274       0 2
 892 47680274 47680274       0 2
 893 47680274 47680274       0 2
 894 47680274 47680274       0 2
 895 47680274 47680274       0 2
 896 47680274 47680274       0 2
 897 47680274 47702825   22551 2
 898 47702825 47717890   15065 2
 899 47717890 47719643    1753 2
 900 47719643 47719643       0 1
 901 47719643 47724711    5068 1
 902 47734677 47739288    4611 1
 903 47739288 47763625   24337 1
 904 47775497 47782775    7278 1
 905 47782775 47782862      87 1
 906 47782862 47794766   11904 1
 907 47794766 47794766       0 1
 908 47794766 47794766       0 1
 909 47794766 47794766       0 1
 910 47794766 47794766       0 1
 911 47794766 47794766       0 1
 912 47794766 47794766       0 1
 913 47794766 47794766       0 1
 914 47794766 47794766       0 1
 915 47794766 47794766       0 1
 916 47794766 47794766       0 1
 917 47794766 47794766       0 1
 918 47794766 47794766       0 1
 919 47794766 47794766       0 1
 920 47794766 47794766       0 1
 921 47794766 47794766       0 1
 922 47794766 47794766       0 1
 923 47794766 47794766       0 1
 924 47794766 47795192     426 1
 925 47795192 47795192       0 1
 926 47795192 47800466    5274 1
 927 47800466 47800466       0 1
 928 47800466 47800466       0 1
 929 47800466 47800466       0 1
 930 47800466 47800466       0 1
 931 47800466 47800466       0 1
 932 47800466 47801146     680 1
 933 47801146 47801858     712 1
 934 47801858 47802666     808 1
 935 47802666 47803018     352 1
 936 47803018 47804302    1284 1
 937 47804302 47804541     239 1
 938 47804541 47805624    1083 1
 939 47805624 47813090    7466 1
 940 47813090 47813090       0 1
 941 47813090 47814198    1108 1
 942 47814198 47818732    4534 1
 943 47818732 47850297   31565 1
 944 47861088 47876569   15481 1
 945 47876569 47879097    2528 1
 946 47879097 47884668    5571 1
 947 47884668 47890155    5487 1
 948 47890155 47890882     727 1
 949 47890882 47894486    3604 1
 950 47894486 47916214   21728 1
 951 47916214 47922175    5961 1
 952 47922175 47922175       0 1
 953 47922175 47927008    4833 1
 954 47927008 47932377    5369 1
 955 47932377 47932377       0 1
 956 47932377 47932377       0 1
 957 47932377 47956913   24536 1
 958 47958433 48116100  157667 2
 959 48117620 48140725   23105 1
 960 48140725 48163383   22658 1
 961 48188250 48251800   63550 1
 962 48253320 48464133  210813 2
 963 48465653 49017504  551851 4
 964 49019024 49331938  312914 2
 965 49333458 49337300    3842 1
 966 49337300 49337300       0 1
 967 49337300 49354815   17515 1
 968 49354815 49356420    1605 1
 969 49356420 49359172    2752 1
 970 49359172 49382429   23257 1
 971 49383949 49731806  347857 2
 972 49733326 49816465   83139 1
 973 49816465 49842637   26172 1
 974 49842637 49920915   78278 1
 975 49920915 50010710   89795 1
 976 50012230 50193276  181046 2
 977 50194796 50196901    2105 1
 978 50196901 50204759    7858 1
 979 50204759 50229107   24348 1
 980 50259116 50285525   26409 1
 981 50285525 50285525       0 1
 982 50285525 50294631    9106 1
 983 50294631 50294631       0 1
 984 50294631 50294631       0 1
 985 50294631 50308186   13555 1
 986 50309706 50503920  194214 2
 987 50505440 50531387   25947 1
 988 50531387 50539896    8509 1
 989 50539896 50552749   12853 1
 990 50552749 50570941   18192 1
 991 50570941 50571499     558 1
 992 50571499 50583133   11634 1
 993 50583133 50608755   25622 1
 994 50608755 50883058  274303 1
 995 50883058 50914926   31868 1
 996 50982728 51011971   29243 1
 997 51011971 51011971       0 1
 998 51011971 51013839    1868 1
 999 51013839 51024063   10224 1
1000 51024063 51031842    7779 1
1001 51033362 51711638  678276 2
1002 51807383 52100541  293158 2
1003 52166915 52190915   24000 2
1004 52190915 52198358    7443 2
1005 52198358 52202909    4551 2
1006 52202909 52234052   31143 2
1007 52234052 52234052       0 2
1008 52234052 52257033   22981 2
1009 52257033 52259356    2323 2
1010 52259356 52259673     317 2
1011 52259673 52274791   15118 2
1012 52368395 52423272   54877 2
1013 52423272 52423272       0 2
1014 52423272 52423272       0 2
1015 52423272 52423272       0 2
1016 52423272 52425633    2361 2
1017 52425633 52448240   22607 2
1018 52448240 52453309    5069 2
1019 52453309 52453310       1 2
1020 52466825 52475474    8649 2
1021 52475474 52477312    1838 2
1022 52477312 52487054    9742 2
1023 52487054 52495108    8054 2
1024 52495108 52495108       0 2
1025 52495108 52535602   40494 2
1026 52537415 52558410   20995 2
1027 52559930 52725122  165192 2
1028 52726642 52751173   24531 2
1029 52751173 52751173       0 2
1030 52751173 52751174       1 2
1031 52751174 52762839   11665 2
1032 52764359 53068486  304127 2
1033 53070006 53233807  163801 2
1034 53233807 53448795  214988 2
1035 53448795 53639448  190653 4
1036 53639448 53639448       0 2
1037 53639448 53639448       0 2
1038 53639448 53639448       0 2
1039 53639448 53639448       0 2
1040 53639448 53639448       0 2
1041 53639448 53639448       0 2
1042 53639448 53639448       0 2
1043 53639448 53639448       0 2
1044 53639448 53639448       0 2
1045 53639448 53639448       0 2
1046 53639448 53639448       0 2
1047 53639448 53645445    5997 2
1048 53645445 53645446       1 2
1049 53647745 53650653    2908 2
1050 53650653 53658411    7758 2
1051 53658411 53682229   23818 2
1052 53682229 53683235    1006 2
1053 53701258 53733327   32069 2
1054 53761930 53763093    1163 1
1055 53763093 53763093       0 1
1056 53763093 53763499     406 1
1057 53763499 53769819    6320 1
1058 53769819 53769819       0 1
1059 53769819 53769819       0 1
1060 53769819 53769819       0 1
1061 53769819 53770469     650 1
1062 53770469 53772026    1557 1
1063 53772026 53772265     239 1
1064 53772265 53774781    2516 1
1065 53774781 53774781       0 1
1066 53774781 53774781       0 1
1067 53774781 53774827      46 1
1068 53774827 53775271     444 1
1069 53775271 53777956    2685 1
1070 53777956 53777956       0 1
1071 53777956 53777956       0 1
1072 53777956 53777956       0 1
1073 53777956 53777956       0 1
1074 53777956 53778021      65 1
1075 53778021 53778176     155 1
1076 53778176 53778823     647 1
1077 53778823 53782055    3232 1
1078 53782055 53782055       0 1
1079 53782055 53782055       0 1
1080 53782055 53782055       0 1
1081 53782055 53786409    4354 1
1082 53786409 53786409       0 1
1083 53786409 53787124     715 1
1084 53787124 53809974   22850 1
1085 53809974 53809974       0 1
1086 53809974 53809974       0 1
1087 53809974 53809974       0 1
1088 53809974 53825136   15162 1
1089 53832296 53851304   19008 1
1090 53851304 53851304       0 1
1091 53851304 53858417    7113 1
1092 53858417 53880080   21663 1
1093 53880080 53880080       0 1
1094 53880080 53880080       0 1
1095 53880080 53880080       0 1
1096 53880080 53896938   16858 1
1097 53954361 53982871   28510 1
1098 53982871 53982871       0 1
1099 53982871 53982871       0 1
1100 53982871 53984114    1243 1
1101 53984114 53986530    2416 1
1102 53986530 53986530       0 1
1103 53986530 53991650    5120 1
1104 53991650 53993050    1400 1
1105 53993050 53993050       0 1
1106 53993050 53993050       0 1
1107 53993050 54001994    8944 1
1108 54001994 54001994       0 1
1109 54001994 54001994       0 1
1110 54001994 54001994       0 1
1111 54001994 54001994       0 1
1112 54001994 54002705     711 1
1113 54002705 54010091    7386 1
1114 54010091 54016223    6132 1
1115 54016223 54039124   22901 1
1116 54040644 54267525  226881 2
1117 54269045 54269407     362 1
1118 54269407 54273330    3923 1
1119 54273330 54290209   16879 1
1120 54290209 54290209       0 1
1121 54290209 54306374   16165 1
1122 54306374 54327788   21414 1
1123 54329308 54435598  106290 2
1124 54437118 54439437    2319 1
1125 54439437 54457089   17652 1
1126 54457089 54479357   22268 1
1127 54492893 54564161   71268 1
1128 54564161 54564162       1 1
1129 54565422 54573390    7968 1
1130 54573390 54585920   12530 1
1131 54585920 54616778   30858 1
1132 54616778 54616778       0 1
1133 54616778 54620661    3883 1
1134 54622181 54819987  197806 2
1135 54821507 54844515   23008 1
1136 54846035 55039977  193942 2
1137 55041497 55084650   43153 1
1138 55084650 55084651       1 1
1139 55156773 55158427    1654 1
1140 55158427 55175165   16738 1
1141 55175165 55201454   26289 1
1142 55201454 55228609   27155 1
1143 55228609 55380175  151566 1
1144 55380175 55522740  142565 1
1145 55522740 55522741       1 1
1146 55524261 56599660 1075399 2
1147 56601180 56616944   15764 1
1148 56616944 56651037   34093 1
1149 56651037 56651038       1 1
1150 56670695 56694017   23322 1
1151 56694017 56697444    3427 1
1152 56698964 56943034  244070 2
1153 56944554 57286620  342066 1
1154 57288140 57753696  465556 2
1155 58190195 58212148   21953 2
1156 58213668 58505281  291613 2
1157 58506801 58527955   21154 2
1158 58527955 58527955       0 2
1159 58527955 58527955       0 2
1160 58527955 58548186   20231 2
1161 58548186 58571148   22962 2
1162 58571631 58584909   13278 2
1163 58584909 58608151   23242 2
1164 58608151 58618097    9946 2
1165 58618097 58618097       0 2
1166 58618097 58621876    3779 2
1167 58623396 58759210  135814 2
1168 58760730 58763433    2703 2
1169 58763433 58763433       0 2
1170 58763433 58763547     114 2
1171 58763547 58786001   22454 2
1172 58841030 58844816    3786 2
1173 58844816 58880182   35366 2
1174 58880182 59159549  279367 2
1175 59159549 59251089   91540 2
1176 59251089 59405998  154909 2
1177 59405998 59559572  153574 4
1178 59559572 59559573       1 2
1179 59577865 59582821    4956 2
1180 59582821 59605617   22796 2
1181 59605617 59606941    1324 2
1182 59658475 59695687   37212 2
1183 59695687 59718684   22997 2
1184 59806887 59821659   14772 1
1185 59821659 59821659       0 1
1186 59821659 59821659       0 1
1187 59821659 59842119   20460 1
1188 59842119 59842119       0 1
1189 59842119 59842311     192 1
1190 59842311 59843339    1028 1
1191 59843339 59844352    1013 1
1192 59844352 59846660    2308 1
1193 59846660 59869273   22613 1
1194 59912236 59963798   51562 4
1195 59963798 59963798       0 1
1196 59963798 59963798       0 1
1197 59963798 59963798       0 1
1198 59963798 59963798       0 1
1199 59963798 59963798       0 1
1200 59963798 59975572   11774 1
1201 59977092 60111282  134190 2
1202 60112802 60112859      57 1
1203 60112859 60137122   24263 1
1204 60137122 60137122       0 1
1205 60137122 60146826    9704 1
1206 60193593 60200038    6445 1
1207 60200038 60200038       0 1
1208 60200038 60225701   25663 1
1209 60225701 60234826    9125 1
1210 60234826 60234827       1 1
1211 60234827 60243516    8689 1
1212 60243516 60245836    2320 1
1213 60245836 60245836       0 1
1214 60245836 60250370    4534 1
1215 60250370 60277684   27314 1
1216 60277684 60290440   12756 1
1217 60304381 60307406    3025 1
1218 60307406 60307483      77 1
1219 60307483 60327246   19763 1
1220 60327246 60327246       0 1
1221 60327246 60332261    5015 1
1222 60332261 60335090    2829 1
1223 60335090 60357417   22327 1
1224 60357417 60368226   10809 1
1225 60368226 60368227       1 1
1226 60368227 60375047    6820 1
1227 60375047 60394318   19271 1
1228 60394318 60417908   23590 1
1229 60417908 60420367    2459 1
1230 60429846 60440634   10788 1
1231 60440634 60445251    4617 1
1232 60445251 60445251       0 1
1233 60445251 60445251       0 1
1234 60445251 60474354   29103 1
1235 60474354 60474355       1 1
1236 60475761 60531442   55681 1
1237 60531442 60531443       1 1
1238 60604189 60936268  332079 1
1239 60936268 60936269       1 1
1240 60937789 61095188  157399 2
1241 61096708 61172318   75610 1
1242 61173838 62688135 1514297 2
1243 62689655 62692857    3202 1
1244 62692857 62716254   23397 1
1245 62716254 62734771   18517 1
1246 62734771 62742696    7925 1
1247 62742696 62749442    6746 1
1248 62749442 62760986   11544 1
1249 62760986 62760986       0 1
1250 62760986 62760986       0 1
1251 62760986 62760986       0 1
1252 62760986 62763943    2957 1
1253 62763943 62764380     437 1
1254 62764380 62766508    2128 1
1255 62766508 62767984    1476 1
1256 62767984 62767984       0 1
1257 62767984 62767984       0 1
1258 62767984 62792695   24711 1
1259 62792695 62792695       0 1
1260 62792695 62792695       0 1
1261 62792695 62792695       0 1
1262 62792695 62800305    7610 1
1263 62821730 62854659   32929 1
1264 62920366 63292990  372624 1
1265 63292990 63292990       0 1
1266 63292990 63310744   17754 1
1267 63310744 63334718   23974 1
1268 63336238 63795753  459515 2
1269 64858965 64872022   13057 2
1270 64872022 65058377  186355 2
1271 65058377 65058378       1 2
1272 65058378 65132591   74213 2
1273 65132591 65226774   94183 2
1274 65226774 65293196   66422 2
1275 65293196 65370871   77675 2
1276 65370871 65605037  234166 4
1277 65605037 65605038       1 2
1278 65606558 65766092  159534 2
1279 65767611 65790759   23148 2
1280 65790759 65790759       0 2
1281 65790759 65809940   19181 2
1282 65809940 65809940       0 2
1283 65809940 65833537   23597 2
1284 65833537 65837821    4284 2
1285 65837821 65837822       1 2
1286 65837822 65853916   16094 2
1287 65853916 65853916       0 1
1288 65853916 65862244    8328 1
1289 65906785 65946133   39348 4
1290 65946133 65946133       0 1
1291 65946133 65946133       0 1
1292 65946133 65946133       0 1
1293 65946133 65946133       0 1
1294 65946133 65946133       0 1
1295 65946133 65951777    5644 1
1296 65983321 66009763   26442 1
1297 66009763 66023645   13882 1
1298 66044709 66052910    8201 1
1299 66052910 66076244   23334 1
1300 66076244 66082989    6745 1
1301 66082989 66087929    4940 1
1302 66087929 66112038   24109 1
1303 66112038 66112038       0 1
1304 66112038 66124171   12133 1
1305 66126748 66133984    7236 1
1306 66133984 66155955   21971 1
1307 66155955 66165425    9470 1
1308 66165425 66181782   16357 1
1309 66181782 66184628    2846 1
1310 66184628 66196562   11934 1
1311 66196562 66218736   22174 1
1312 66222653 66226590    3937 1
1313 66226590 66249645   23055 1
1314 66249645 66260012   10367 1
1315 66260012 66260065      53 1
1316 66260065 66261179    1114 1
1317 66261179 66262197    1018 1
1318 66262197 66287477   25280 1
1319 66287477 66287478       1 1
1320 66294171 66317137   22966 1
1321 66317137 66318149    1012 1
1322 66319668 66616559  296891 2
1323 66618080 66899085  281005 1
1324 66899085 66974298   75213 1
1325 66974298 66991094   16796 1
1326 66992614 67861550  868936 2
1327 67863070 67879386   16316 1
1328 67879386 67900688   21302 1
1329 67902208 68904513 1002305 2
1330 68906033 69294822  388789 1
1331 69294822 69294823       1 1
1332 69296343 69837828  541485 2
1333 70089849 70269556  179707 2
1334 70282235 70303387   21152 2
1335 70319323 70341514   22191 2
1336 70343034 70476529  133495 2
1337 70478049 70545279   67230 2
1338 70545279 70571030   25751 2
1339 70571030 70647316   76286 2
1340 70647316 70678150   30834 2
1341 70678150 70686713    8563 2
1342 70686713 70768957   82244 2
1343 70768957 70768958       1 2
1344 70783957 70805959   22002 2
1345 70805959 70846531   40572 2
1346 70846531 71040262  193731 4
1347 71040262 71040262       0 2
1348 71040262 71040262       0 2
1349 71040262 71040262       0 2
1350 71040262 71040262       0 2
1351 71040262 71040262       0 2
1352 71040262 71073792   33530 2
1353 71073792 71073792       0 2
1354 71073792 71105020   31228 2
1355 71105020 71211030  106010 2
1356 71227238 71322011   94773 2
1357 71322011 71322012       1 2
1358 71346691 71363898   17207 2
1359 71363898 71465210  101312 4
1360 71465210 71465210       0 2
1361 71465210 71465210       0 2
1362 71465210 71465210       0 2
1363 71465210 71479608   14398 2
1364 71479608 71488406    8798 2
1365 71488406 71488406       0 2
1366 71488406 71488406       0 2
1367 71488406 71502598   14192 2
1368 71502598 71502598       0 2
1369 71502598 71506341    3743 2
1370 71506341 71506341       0 2
1371 71506341 71510726    4385 2
1372 71510726 71511497     771 2
1373 71511497 71513418    1921 2
1374 71513418 71536999   23581 2
1375 71559508 71565389    5881 2
1376 71565389 71588126   22737 2
1377 71588126 71626736   38610 2
1378 71626736 71647857   21121 2
1379 71647857 71648482     625 2
1380 71648482 71653605    5123 2
1381 71653605 71653605       0 2
1382 71653605 71656278    2673 2
1383 71656278 71656278       0 2
1384 71656278 71656278       0 2
1385 71656278 71656278       0 2
1386 71656278 71656562     284 2
1387 71656562 71656857     295 2
1388 71656857 71662516    5659 2
1389 71662516 71662516       0 2
1390 71662516 71662516       0 2
1391 71662516 71662516       0 2
1392 71662516 71662516       0 2
1393 71662516 71665282    2766 2
1394 71665282 71691432   26150 2
1395 71691432 71691432       0 2
1396 71691432 71693156    1724 2
1397 71694676 71880197  185521 2
1398 71881717 71882249     532 1
1399 71882249 71882900     651 1
1400 71882900 71884350    1450 1
1401 71884350 71888875    4525 1
1402 71888875 71888875       0 1
1403 71888875 71902338   13463 1
1404 71902338 71902338       0 1
1405 71902338 71902339       1 1
1406 71902339 71905570    3231 1
1407 71905570 71998811   93241 4
1408 71998811 71998811       0 1
1409 71998811 71998811       0 1
1410 71998811 71998811       0 1
1411 71998811 72007026    8215 1
1412 72007026 72021382   14356 1
1413 72021382 72043859   22477 1
1414 72043859 72047567    3708 1
1415 72079981 72086310    6329 1
1416 72086310 72111373   25063 1
1417 72111373 72111373       0 1
1418 72111373 72114795    3422 1
1419 72114795 72118030    3235 1
1420 72118030 72118357     327 1
1421 72118357 72136283   17926 1
1422 72136283 72136283       0 1
1423 72136283 72136283       0 1
1424 72136283 72136283       0 1
1425 72136283 72136283       0 1
1426 72136283 72138499    2216 1
1427 72138499 72139291     792 1
1428 72139291 72151058   11767 1
1429 72151058 72151058       0 1
1430 72151058 72151058       0 1
1431 72151058 72151058       0 1
1432 72151058 72151310     252 1
1433 72151310 72155325    4015 1
1434 72155325 72161550    6225 1
1435 72161550 72162805    1255 1
1436 72162805 72165276    2471 1
1437 72165276 72165276       0 1
1438 72165276 72177526   12250 1
1439 72177526 72177526       0 1
1440 72177526 72177526       0 1
1441 72177526 72177526       0 1
1442 72177526 72204725   27199 1
1443 72210945 72215394    4449 1
1444 72215394 72226615   11221 1
1445 72226615 72299690   73075 1
1446 72299690 72299690       0 1
1447 72299690 72301292    1602 1
1448 72302363 72559408  257045 1
1449 72559408 72559408       0 1
1450 72559408 72559408       0 1
1451 72559408 72559408       0 1
1452 72559408 72559408       0 1
1453 72559408 72559408       0 1
1454 72559408 72559408       0 1
1455 72559408 72559408       0 1
1456 72559408 72559408       0 1
1457 72559408 72559408       0 1
1458 72559408 72559408       0 1
1459 72559408 72559408       0 1
1460 72559408 72559408       0 1
1461 72559408 72559408       0 1
1462 72559408 72559408       0 1
1463 72559408 72559408       0 1
1464 72559408 72559408       0 1
1465 72559408 72559408       0 1
1466 72559408 72559408       0 1
1467 72559408 72559408       0 1
1468 72559408 72559408       0 1
1469 72559408 72559408       0 1
1470 72559408 72559408       0 1
1471 72559408 72559408       0 1
1472 72559408 72559432      24 1
1473 72559432 72582123   22691 1
1474 72582123 72586864    4741 1
1475 72586864 72586865       1 1
1476 72586865 72587876    1011 1
1477 72587876 72618773   30897 1
1478 72618773 72618774       1 1
1479 72620294 73774679 1154385 2
1480 73776199 73799695   23496 1
1481 73801215 74781891  980676 2
1482 74783411 74807390   23979 1
1483 74822690 74830069    7379 1
1484 74830069 74837787    7718 1
1485 74837787 74870510   32723 1
1486 74870510 74870510       0 1
1487 74870510 74877365    6855 1
1488 74878885 75350581  471696 2
1489 75352101 75376226   24125 1
1490 75377746 75879884  502138 2
1491 75948449 76006978   58529 2
1492 76006978 76006979       1 2
1493 76006979 76038489   31510 2
1494 76084635 76207694  123059 2
1495 76207694 76243342   35648 2
1496 76243342 76243342       0 2
1497 76243342 76321962   78620 2
1498 76329269 76511323  182054 2
1499 76511323 76605873   94550 2
1500 76605873 76649357   43484 2
1501 76649357 76676915   27558 2
1502 76676915 76676916       1 2
1503 76691640 76753951   62311 2
1504 76753951 76753952       1 2
1505 76758939 76900691  141752 4
1506 76900691 76900691       0 2
1507 76900691 76956423   55732 4
1508 76956423 76956423       0 2
1509 76956423 76956424       1 2
1510 77039273 77089296   50023 2
1511 77089296 77105443   16147 2
1512 77105443 77128435   22992 2
1513 77130737 77170575   39838 2
1514 77179490 77219089   39599 2
1515 77219089 77254017   34928 2
1516 77254017 77261848    7831 2
1517 77261848 77283177   21329 2
1518 77283177 77296335   13158 2
1519 77296335 77345084   48749 2
1520 77345084 77357298   12214 2
1521 77357298 77379160   21862 2
1522 77379160 77379160       0 2
1523 77379160 77391491   12331 2
1524 77391491 77402937   11446 2
1525 77402937 77430780   27843 4
1526 77430780 77430780       0 2
1527 77430780 77430780       0 2
1528 77430780 77430780       0 2
1529 77430780 77430780       0 2
1530 77430780 77444727   13947 2
1531 77536082 77542831    6749 2
1532 77542831 77552468    9637 2
1533 77552468 77577198   24730 2
1534 77577198 77578465    1267 2
1535 77579985 77730591  150606 2
1536 77732111 77756732   24621 2
1537 77799181 77809950   10769 2
1538 77809950 77809950       0 2
1539 77809950 77809950       0 2
1540 77809950 77815245    5295 2
1541 77815245 77815245       0 2
1542 77815245 77828339   13094 2
1543 77828339 77840052   11713 2
1544 77840052 77840052       0 2
1545 77840052 77840052       0 2
1546 77840052 77840052       0 2
1547 77840052 77840052       0 2
1548 77840052 77841807    1755 2
1549 77841807 77843072    1265 2
1550 77843072 77843164      92 2
1551 77843164 77865993   22829 2
1552 77896592 77996356   99764 4
1553 77996356 77996357       1 1
1554 77996357 77999868    3511 1
1555 77999868 78021953   22085 1
1556 78021953 78024813    2860 1
1557 78057291 78063622    6331 1
1558 78063622 78085443   21821 1
1559 78085443 78089502    4059 1
1560 78089502 78106243   16741 1
1561 78106243 78129751   23508 1
1562 78129751 78148010   18259 1
1563 78148010 78172630   24620 1
1564 78172630 78198386   25756 1
1565 78199906 78328937  129031 2
1566 78330457 78540575  210118 1
1567 78540575 78540575       0 1
1568 78540575 78549210    8635 1
1569 78549210 78564721   15511 1
1570 78564721 78567292    2571 1
1571 78567292 78569705    2413 1
1572 78569705 78569705       0 1
1573 78569705 78576778    7073 1
1574 78576778 78591907   15129 1
1575 78591907 78591907       0 1
1576 78591907 78603968   12061 1
1577 78603968 78604015      47 1
1578 78604015 78629620   25605 1
1579 78629620 78629621       1 1
1580 78631141 79253070  621929 2
1581 79254590 79275384   20794 1
1582 79276904 79757890  480986 2
1583 79759410 79782474   23064 1
1584 79782474 79803109   20635 1
1585 79804629 80155215  350586 2
1586 80156735 80160345    3610 1
1587 80160345 80235639   75294 1
1588 80235639 80256890   21251 1
1589 80256890 80256891       1 1
1590 80258411 80433519  175108 2
1591 80435039 80458641   23602 1
1592 80460161 80668968  208807 2
1593 80670488 80695681   25193 1
1594 80695681 80699519    3838 1
1595 80726018 80731113    5095 1
1596 80731113 80731366     253 1
1597 80731366 80754943   23577 1
1598 80756463 81921952 1165489 2
1599 82604686 82731234  126548 4
1600 82731234 82731234       0 2
1601 82731234 82731235       1 2
1602 82731235 82732840    1605 2
1603 82732840 82820925   88085 2
1604 82820925 82947155  126230 2
1605 82947155 83027116   79961 2
1606 83027116 83051740   24624 2
1607 83051740 83051740       0 2
1608 83051740 83060463    8723 2
1609 83060463 83416127  355664 4
1610 83496929 83745945  249016 4
1611 83745945 83745945       0 2
1612 83745945 83745945       0 2
1613 83745945 83750125    4180 2
1614 83751645 83869133  117488 2
1615 83870653 84001706  131053 4
1616 84001706 84001707       1 1
1617 84001707 84025788   24081 1
1618 84025788 84044512   18724 1
1619 84044512 84066447   21935 1
1620 84066447 84074771    8324 1
1621 84076291 84423007  346716 2
1622 84424527 84463206   38679 1
1623 84463206 84466322    3116 1
1624 84466322 84474839    8517 1
1625 84513918 84545070   31152 1
1626 84546590 84688855  142265 2
1627 84690375 84716899   26524 1
1628 84716899 84717379     480 1
1629 84718899 85249354  530455 2
1630 85250874 85271652   20778 1
1631 85273172 85389900  116728 2
1632 85391420 85412222   20802 1
1633 85487310 85509890   22580 1
1634 85511410 85707737  196327 2
1635 85709257 85709911     654 1
1636 85709911 85720091   10180 1
1637 85720091 85731347   11256 1
1638 85731347 85731347       0 1
1639 85731347 85731347       0 1
1640 85731347 85731347       0 1
1641 85731347 85731347       0 1
1642 85731347 85731347       0 1
1643 85731347 85738547    7200 1
1644 85738547 85763511   24964 1
1645 85765031 86038084  273053 2
1646 86039604 86045881    6277 1
1647 86045881 86045881       0 1
1648 86045881 86072260   26379 1
1649 86073780 86217955  144175 2
1650 86219475 86241553   22078 1
1651 86298336 86307332    8996 1
1652 86307332 86330968   23636 1