   0   379353   381508    2155 1
   1   381508   381508       0 1
   2   381508   404520   23012 1
   3   404520   416606   12086 1
   4   416606   421199    4593 1
   5   422719   955028  532309 2
   6  1685521  2391386  705865 4
   7  2392906  2623090  230184 2
   8  2624610  2649126   24516 4
   9  2649126  2649126       0 2
  10  2649126  2649126       0 2
  11  2649126  2649126       0 2
  12  2649126  2649126       0 2
  13  2649126  2649126       0 2
  14  2649126  2649126       0 2
  15  2649126  2667521   18395 2
  16  2667521  2678696   11175 2
  17  2678787  2701103   22316 2
  18  2701103  2701103       0 2
  19  2701103  2701103       0 2
  20  2701103  2721360   20257 2
  21  2721360  2721360       0 2
  22  2721360  2743273   21913 2
  23  2743273  2745425    2152 2
  24  2745425  2753826    8401 2
  25  2753826  2757417    3591 2
  26  2757417  2760766    3349 2
  27  2760766  2761878    1112 2
  28  2761878  2784512   22634 2
  29  2784512  2789692    5180 2
  30  2789692  2792078    2386 2
  31  2792078  2801472    9394 2
  32  2801472  2824704   23232 2
  33  2824704  2929577  104873 4
  34  2929577  2929577       0 2
  35  2929577  2929577       0 2
  36  2929577  2929577       0 2
  37  2929577  2937608    8031 2
  38  2937608  2942381    4773 2
  39  2942381  2942381       0 2
  40  2942381  2945986    3605 2
  41  2945986  2982353   36367 2
  42  2982353  2982354       1 2
  43  2982354  2986505    4151 2
  44  2986505  2998893   12388 2
  45  2998893  3015297   16404 1
  46  3015297  3015298       1 1
  47  3015298  3031492   16194 1
  48  3031492  3033653    2161 1
  49  3033653  3060925   27272 1
  50  3062445  3403598  341153 2
  51  3405118  3413838    8720 1
  52  3413838  3440818   26980 1
  53  3442338  3814564  372226 2
  54  3816084  3836157   20073 1
  55  3836157  3851339   15182 1
  56  3851339  3879978   28639 1
  57  3881498  4642410  760912 2
  58  4643930  4675098   31168 1
  59  4675098  4675099       1 1
  60  4748110  4778851   30741 1
  61  4802405  4830964   28559 1
  62  4830964  4835566    4602 1
  63  4835566  4846976   11410 1
  64  4846976  4848677    1701 1
  65  4848677  4876391   27714 1
  66  4877911  5745411  867500 2
  67  5746931  6355212  608281 1
  68  6355212  6388177   32965 1
  69  6389697  6702489  312792 2
  70  6704009  6744621   40612 1
  71  6746142  6997108  250966 2
  72  7161554  7203454   41900 2
  73  7203454  7203455       1 2
  74  7203455  7223681   20226 2
  75  7225201  7676708  451507 2
  76  7678228  7678381     153 2
  77  7678381  7769334   90953 2
  78  7770854  8378367  607513 2
  79  8379887  8425697   45810 2
  80  8425697  8425698       1 2
  81  8425698  8474838   49140 2
  82  8476358  8706867  230509 2
  83  8708387  8717132    8745 2
  84  8717132  8726998    9866 2
  85  8726998  8726998       0 2
  86  8726998  8735857    8859 2
  87  8735857  8738411    2554 2
  88  8738411  8738411       0 2
  89  8738411  8739648    1237 2
  90  8739648  8785590   45942 4
  91  8785590  8820379   34789 4
  92  8820379  8820379       0 2
  93  8820379  8820379       0 2
  94  8820379  8826899    6520 2
  95  8826899  8826899       0 2
  96  8826899  8826899       0 2
  97  8826899  8826899       0 2
  98  8826899  8830111    3212 2
  99  8830111  8839144    9033 2
 100  8839144  8839144       0 2
 101  8839144  8840124     980 2
 102  8840124  8842263    2139 2
 103  8842263  8865227   22964 2
 104  8865227  8878596   13369 2
 105  8884859  8907422   22563 2
 106  8908148  8919808   11660 2
 107  8919808  8920322     514 2
 108  8920322  8940797   20475 2
 109  8940797  8940797       0 2
 110  8940797  8946531    5734 2
 111  8946531  8955331    8800 2
 112  8955331  8955331       0 2
 113  8955331  8960523    5192 2
 114  8960523  8960523       0 2
 115  8960523  8960720     197 2
 116  8960720  8967947    7227 2
 117  8967947  8976957    9010 2
 118  8976957  8976957       0 2
 119  8976957  8978994    2037 2
 120  8978994  8978994       0 2
 121  8978994  8985719    6725 2
 122  8985719  8985719       0 2
 123  8985719  8985719       0 2
 124  8985719  8985719       0 2
 125  8985719  8985719       0 2
 126  8985719  8985719       0 2
 127  8985719  8994209    8490 2
 128  8994209  8994209       0 2
 129  8994209  9019131   24922 2
 130  9019131  9019131       0 2
 131  9019131  9019131       0 2
 132  9019131  9019131       0 2
 133  9019131  9019131       0 2
 134  9019131  9019131       0 2
 135  9019131  9024466    5335 2
 136  9024466  9056398   31932 2
 137  9056398  9056772     374 1
 138  9058292  9321176  262884 2
 139  9322696  9344472   21776 1
 140  9344472  9363071   18599 1
 141  9363071  9395272   32201 1
 142  9403475  9408458    4983 1
 143  9408458  9769653  361195 1
 144  9769653  9970213  200560 1
 145  9970213  9996788   26575 1
 146  9996788 10019500   22712 1
 147 10021020 10116362   95342 2
 148 10117882 10121768    3886 1
 149 10121768 10147182   25414 1
 150 10181106 10193580   12474 1
 151 10225976 10247930   21954 1
 152 10247930 10248155     225 1
 153 10248155 10267847   19692 1
 154 10267847 10267847       0 1
 155 10267847 10290115   22268 1
 156 10291635 10477576  185941 2
 157 10479096 10499352   20256 1
 158 10499352 10520168   20816 1
 159 10564500 10605569   41069 1
 160 10605569 10605569       0 1
 161 10605569 10605570       1 1
 162 10619134 10742829  123695 1
 163 10755323 10778342   23019 1
 164 10778342 10778342       0 1
 165 10778342 10799361   21019 1
 166 10800881 11776607  975726 2
 167 11778127 11801989   23862 1
 168 11801989 11807635    5646 1
 169 11807635 11809057    1422 1
 170 11809057 11811166    2109 1
 171 11811166 11836121   24955 1
 172 11837641 12580568  742927 2
 173 12582088 12598900   16812 1
 174 12598900 12598900       0 1
 175 12598900 12598900       0 1
 176 12598900 12598900       0 1
 177 12598900 12598900       0 1
 178 12598900 12598900       0 1
 179 12598900 12598900       0 1
 180 12598900 12601410    2510 1
 181 12601410 12619694   18284 1
 182 12619694 12619694       0 1
 183 12619694 12619694       0 1
 184 12619694 12619694       0 1
 185 12619694 12619694       0 1
 186 12619694 12620674     980 1
 187 12620674 12644534   23860 1
 188 12644534 12644534       0 1
 189 12644534 12647679    3145 1
 190 12649199 12752660  103461 2
 191 12754180 12755506    1326 1
 192 12755506 12783114   27608 1
 193 12842155 13023122  180967 1
 194 13023122 13217951  194829 1
 195 13418414 13654866  236452 2
 196 13654866 13664792    9926 2
 197 13664792 13664793       1 2
 198 13702440 13735257   32817 2
 199 13806707 13810854    4147 2
 200 13810854 13837016   26162 2
 201 13838981 13880877   41896 2
 202 13895406 13917649   22243 2
 203 13917649 13937834   20185 2
 204 13937834 13977750   39916 2
 205 14044635 14053488    8853 2
 206 14053488 14090369   36881 2
 207 14184532 14199135   14603 2
 208 14199135 14220706   21571 2
 209 14222226 14495334  273108 2
 210 14496854 14632851  135997 2
 211 14632851 14861589  228738 4
 212 14861589 14861589       0 2
 213 14861589 14861589       0 2
 214 14861589 14861589       0 2
 215 14861589 14861589       0 2
 216 14861589 14861589       0 2
 217 14861589 14861589       0 2
 218 14861589 14861589       0 2
 219 14861589 14861589       0 2
 220 14861589 14861589       0 2
 221 14861589 14861589       0 2
 222 14861589 14861589       0 2
 223 14861589 14861589       0 2
 224 14861589 14870739    9150 2
 225 14870739 14870739       0 2
 226 14870739 14870739       0 2
 227 14870739 14892922   22183 2
 228 14900232 14923616   23384 2
 229 14924429 15011122   86693 4
 230 15011122 15011122       0 2
 231 15011122 15011122       0 2
 232 15011122 15011122       0 2
 233 15011122 15011122       0 2
 234 15011122 15011122       0 2
 235 15011122 15028067   16945 2
 236 15029587 15368647  339060 2
 237 15370167 15395653   25486 1
 238 15421924 15444219   22295 1
 239 15444219 15444219       0 1
 240 15444219 15444219       0 1
 241 15444219 15444219       0 1
 242 15444219 15444219       0 1
 243 15444219 15444219       0 1
 244 15444219 15444729     510 1
 245 15444729 15444729       0 1
 246 15444729 15466376   21647 1
 247 15466376 15470123    3747 1
 248 15471643 15827798  356155 2
 249 15829318 16004262  174944 1
 250 16004262 16202150  197888 1
 251 16202150 16245479   43329 1
 252 16245479 16282427   36948 1
 253 16282427 16350143   67716 1
 254 16350143 16350144       1 1
 255 16350144 16357483    7339 1
 256 16357483 16363836    6353 1
 257 16363836 16369458    5622 1
 258 16369458 16372004    2546 1
 259 16372004 16380845    8841 1
 260 16380845 16401942   21097 1
 261 16403462 17600621 1197159 2
 262 17602141 17626711   24570 1
 263 17628231 17854169  225938 2
 264 17855689 18309774  454085 1
 265 18309774 18311009    1235 1
 266 18311009 18341612   30603 1
 267 18413073 18491705   78632 1
 268 18491705 18491705       0 1
 269 18491705 18491989     284 1
 270 18491989 18491989       0 1
 271 18491989 18491990       1 1
 272 18504779 18517993   13214 1
 273 18517993 18518684     691 1
 274 18518684 18547141   28457 1
 275 18548661 19081266  532605 2
 276 20113987 20159092   45105 2
 277 20159092 20159093       1 2
 278 20159093 20159093       0 2
 279 20159093 20159093       0 2
 280 20159093 20165015    5922 2
 281 20165015 20189830   24815 2
 282 20215849 20244420   28571 2
 283 20253627 20542975  289348 2
 284 20542975 20945773  402798 4
 285 20945773 20945773       0 2
 286 20945773 20945773       0 2
 287 20945773 20946214     441 2
 288 21016424 21414355  397931 4
 289 21414355 21414355       0 1
 290 21414355 21414355       0 1
 291 21414355 21414355       0 1
 292 21414355 21414355       0 1
 293 21414355 21414355       0 1
 294 21414355 21414355       0 1
 295 21414355 21423889    9534 1
 296 21425409 21822555  397146 2
 297 21824075 22047969  223894 1
 298 22047969 22047969       0 1
 299 22047969 22088988   41019 1
 300 22088988 22109463   20475 1
 301 22109463 22145608   36145 1
 302 22145608 22235044   89436 1
 303 22235044 22268268   33224 1
 304 22268268 22324625   56357 1
 305 22331782 22389828   58046 1
 306 22391348 23081966  690618 2
 307 23083486 23113357   29871 1
 308 23114877 23525770  410893 2
 309 23527290 23527655     365 1
 310 23527655 23550935   23280 1
 311 23552455 23922732  370277 2
 312 23924252 24325726  401474 1
 313 24325726 24328028    2302 1
 314 24328028 24337114    9086 1
 315 24337114 24361327   24213 1
 316 24361327 24390553   29226 1
 317 24392073 24489948   97875 2
 318 24491468 24516136   24668 1
 319 24516136 24516136       0 1
 320 24516136 24516136       0 1
 321 24516136 24516136       0 1
 322 24516136 24516136       0 1
 323 24516136 24517778    1642 1
 324 24517778 24540517   22739 1
 325 24540517 24547181    6664 1
 326 24548701 25123343  574642 2
 327 26513490 26807403  293913 4
 328 26807403 26807403       0 2
 329 26807403 26807403       0 2
 330 26807403 26807403       0 2
 331 26807403 26807403       0 2
 332 26807403 26807403       0 2
 333 26807403 26807403       0 2
 334 26807403 26807403       0 2
 335 26807403 26807403       0 2
 336 26807403 26807403       0 2
 337 26807403 26822681   15278 2
 338 26822681 26825078    2397 2
 339 26826598 27067982  241384 2
 340 27069502 27395803  326301 4
 341 27395803 27395803       0 1
 342 27395803 27395803       0 1
 343 27395803 27395803       0 1
 344 27395803 27395803       0 1
 345 27395803 27395803       0 1
 346 27395803 27395803       0 1
 347 27395803 27395803       0 1
 348 27395803 27395803       0 1
 349 27395803 27404496    8693 1
 350 27404496 27425268   20772 1
 351 27425268 27425268       0 1
 352 27425268 27449008   23740 1
 353 27449008 27451911    2903 1
 354 27451911 27458423    6512 1
 355 27458423 27462071    3648 1
 356 27462071 27484251   22180 1
 357 27484251 27485667    1416 1
 358 27485667 27508124   22457 1
 359 27508729 27509153     424 1
 360 27509153 27512680    3527 1
 361 27512680 27518903    6223 1
 362 27518903 27543703   24800 1
 363 27543703 27546344    2641 1
 364 27546344 27546344       0 1
 365 27546344 27546345       1 1
 366 27589308 27592103    2795 1
 367 27592103 27599827    7724 1
 368 27599827 27622067   22240 1
 369 27623587 27893900  270313 2
 370 27895420 28035540  140120 4
 371 28035540 28035540       0 1
 372 28035540 28035540       0 1
 373 28035540 28035540       0 1
 374 28035540 28046375   10835 1
 375 28077761 28113685   35924 1
 376 28113685 28113685       0 1
 377 28113685 28113685       0 1
 378 28113685 28121239    7554 1
 379 28121239 28153055   31816 1
 380 28168726 28278182  109456 1
 381 28278182 28498677  220495 1
 382 28498677 28501119    2442 1
 383 28501119 28525829   24710 1
 384 28525829 28528294    2465 1
 385 28528294 28581439   53145 1
 386 28581439 28718155  136716 1
 387 28718155 28823702  105547 1
 388 28823702 28950908  127206 1
 389 28950908 28977200   26292 1
 390 28977200 28989848   12648 1
 391 28989848 28990021     173 1
 392 28990021 28990021       0 1
 393 28990021 28990022       1 1
 394 28990022 29011774   21752 1
 395 29011774 29049006   37232 1
 396 29068578 29166815   98237 1
 397 29166815 29268225  101410 1
 398 29268225 29268226       1 1
 399 29281323 29320305   38982 1
 400 29320305 29320306       1 1
 401 29321826 29988959  667133 2
 402 29990479 30036495   46016 1
 403 30036495 30036496       1 1
 404 30038016 30252420  214404 2
 405 30253940 30303078   49138 1
 406 30303078 30344151   41073 1
 407 30345671 30520122  174451 2
 408 30521642 30522105     463 1
 409 30522105 30529750    7645 1
 410 30529750 30567416   37666 1
 411 30567416 30570357    2941 1
 412 30571877 31165420  593543 2
 413 31512297 31527250   14953 2
 414 31527250 31550809   23559 2
 415 31552329 32178068  625739 2
 416 32179588 32204202   24614 2
 417 32204202 32204203       1 2
 418 32205723 32576073  370350 2
 419 32577593 32728808  151215 4
 420 32728808 32728808       0 2
 421 32728808 32728808       0 2
 422 32728808 32729678     870 2
 423 32767929 32787980   20051 2
 424 32787980 32800816   12836 2
 425 32833932 32861154   27222 2
 426 32911455 32924589   13134 2
 427 32924589 33035261  110672 2
 428 33035261 33035262       1 2
 429 33096663 33182921   86258 4
 430 33182921 33182922       1 2
 431 33184442 33346146  161704 2
 432 33347665 33361178   13513 1
 433 33361178 33361178       0 1
 434 33361178 33383487   22309 1
 435 33383487 33388590    5103 1
 436 33388590 33388591       1 1
 437 33388591 33391595    3004 1
 438 33391595 33409992   18397 1
 439 33409992 33434294   24302 1
 440 33483641 33491057    7416 1
 441 33491057 33496866    5809 1
 442 33496866 33520391   23525 1
 443 33521911 33639741  117830 2
 444 33641261 33717689   76428 1
 445 33717689 33717689       0 1
 446 33717689 33804859   87170 4
 447 33804859 33804860       1 1
 448 33848904 33871694   22790 1
 449 33871694 33876175    4481 1
 450 33876175 33920760   44585 1
 451 33920760 33920761       1 1
 452 33946545 34001600   55055 1
 453 34001600 34033443   31843 1
 454 34033443 34082610   49167 1
 455 34082610 34082610       0 1
 456 34082610 34113825   31215 1
 457 34113825 34140527   26702 1
 458 34140527 34140527       0 1
 459 34140527 34175028   34501 1
 460 34175028 34175028       0 1
 461 34175028 34175028       0 1
 462 34175028 34180591    5563 1
 463 34180591 34194592   14001 1
 464 34194592 34194592       0 1
 465 34194592 34194593       1 1
 466 34194593 34209344   14751 1
 467 34209344 34217623    8279 1
 468 34268369 34438625  170256 1
 469 34438625 34585565  146940 1
 470 34585565 34585566       1 1
 471 34609037 34610133    1096 1
 472 34610133 34763924  153791 1
 473 34763924 34763925       1 1
 474 34788955 34789434     479 1
 475 34789434 34810233   20799 1
 476 34810233 34835881   25648 1
 477 34857690 34909236   51546 1
 478 34909236 34909236       0 1
 479 34909236 34927654   18418 1
 480 34927654 34950070   22416 1
 481 34951590 36101406 1149816 2
 482 36102926 36134676   31750 1
 483 36136842 36225993   89151 1
 484 36225993 36235054    9061 1
 485 36235054 36271728   36674 1
 486 36271728 36291218   19490 1
 487 36291218 36548625  257407 1
 488 36548625 36550325    1700 1
 489 36550325 36576040   25715 1
 490 36577560 37207496  629936 2
 491 37494244 37518861   24617 2
 492 37520381 37613312   92931 2
 493 37614832 37625987   11155 2
 494 37625987 37649025   23038 2
 495 37650545 38758981 1108436 2
 496 38760501 38873620  113119 4
 497 38873620 38873620       0 2
 498 38873620 38873621       1 2
 499 38875141 39102560  227419 2
 500 39104080 39156889   52809 4
 501 39156889 39156889       0 2
 502 39156889 39161307    4418 2
 503 39161307 39161307       0 2
 504 39161307 39166514    5207 2
 505 39166514 39188517   22003 2
 506 39188517 39197317    8800 2
 507 39198837 39312227  113390 2
 508 39313747 39323421    9674 1
 509 39323421 39352605   29184 1
 510 39352605 39352605       0 1
 511 39352605 39366733   14128 1
 512 39370162 39395072   24910 1
 513 39408305 39408899     594 1
 514 39408899 39420983   12084 1
 515 39420983 39420983       0 1
 516 39420983 39420983       0 1
 517 39420983 39420983       0 1
 518 39420983 39420983       0 1
 519 39420983 39420983       0 1
 520 39420983 39420983       0 1
 521 39420983 39424096    3113 1
 522 39424096 39424096       0 1
 523 39424096 39424096       0 1
 524 39424096 39426464    2368 1
 525 39426464 39426464       0 1
 526 39426464 39426464       0 1
 527 39426464 39426464       0 1
 528 39426464 39426464       0 1
 529 39426464 39426464       0 1
 530 39426464 39429074    2610 1
 531 39429074 39429074       0 1
 532 39429074 39429074       0 1
 533 39429074 39429074       0 1
 534 39429074 39429074       0 1
 535 39429074 39431299    2225 1
 536 39431299 39431686     387 1
 537 39431686 39432536     850 1
 538 39432536 39432842     306 1
 539 39432842 39433481     639 1
 540 39433481 39438217    4736 1
 541 39438217 39438217       0 1
 542 39438217 39438217       0 1
 543 39438217 39438217       0 1
 544 39438217 39438217       0 1
 545 39438217 39438554     337 1
 546 39438554 39441586    3032 1
 547 39441586 39441586       0 1
 548 39441586 39441586       0 1
 549 39441586 39442105     519 1
 550 39442105 39450008    7903 1
 551 39450008 39450008       0 1
 552 39450008 39450546     538 1
 553 39450546 39451346     800 1
 554 39451346 39454215    2869 1
 555 39454215 39476106   21891 1
 556 39549853 39575947   26094 1
 557 39602714 39618585   15871 1
 558 39643906 39651839    7933 1
 559 39651839 39653627    1788 1
 560 39653627 39655808    2181 1
 561 39655808 39656132     324 1
 562 39656132 39657474    1342 1
 563 39657474 39658546    1072 1
 564 39658546 39658546       0 1
 565 39658546 39659592    1046 1
 566 39659592 39659612      20 1
 567 39659612 39660245     633 1
 568 39660245 39683672   23427 1
 569 39683672 39683672       0 1
 570 39683672 39684140     468 1
 571 39684140 39684140       0 1
 572 39684140 39684140       0 1
 573 39684140 39684140       0 1
 574 39684140 39684140       0 1
 575 39684140 39694984   10844 1
 576 39694984 39694984       0 1
 577 39694984 39694984       0 1
 578 39694984 39694984       0 1
 579 39694984 39694984       0 1
 580 39694984 39699560    4576 1
 581 39699560 39717554   17994 1
 582 39717554 39717554       0 1
 583 39717554 39717554       0 1
 584 39717554 39717554       0 1
 585 39717554 39717554       0 1
 586 39717554 39717554       0 1
 587 39717554 39717554       0 1
 588 39717554 39760514   42960 4
 589 39760514 39760514       0 1
 590 39760514 39760514       0 1
 591 39760514 39760514       0 1
 592 39760514 39760514       0 1
 593 39760514 39760514       0 1
 594 39760514 39760514       0 1
 595 39760514 39763780    3266 1
 596 39763780 39768166    4386 1
 597 39768166 39782552   14386 1
 598 39782552 39789826    7274 1
 599 39789826 39789826       0 1
 600 39789826 39789826       0 1
 601 39789826 39796119    6293 1
 602 39796119 39796119       0 1
 603 39796119 39796119       0 1
 604 39796119 39813750   17631 1
 605 39813750 39813750       0 1
 606 39813750 39813750       0 1
 607 39813750 39813750       0 1
 608 39813750 39813750       0 1
 609 39813750 39821753    8003 1
 610 39821753 39839571   17818 1
 611 39839571 39839571       0 1
 612 39839571 39863360   23789 1
 613 39863360 39863360       0 1
 614 39863360 39863360       0 1
 615 39863360 39863360       0 1
 616 39863360 39863360       0 1
 617 39863360 39863360       0 1
 618 39863360 39863360       0 1
 619 39863360 39879276   15916 1
 620 39879276 39886249    6973 1
 621 39970816 40003219   32403 1
 622 40003219 40003219       0 1
 623 40003219 40003219       0 1
 624 40003219 40003219       0 1
 625 40003219 40003219       0 1
 626 40003219 40003219       0 1
 627 40003219 40111125  107906 4
 628 40111125 40111125       0 1
 629 40111125 40116590    5465 1
 630 40136443 40262547  126104 1
 631 40262547 40266688    4141 1
 632 40266688 40266688       0 1
 633 40266688 40291996   25308 1
 634 40291996 40291997       1 1
 635 40330840 40419690   88850 1
 636 40419690 40507428   87738 1
 637 40507428 40507429       1 1
 638 40508949 40604172   95223 2
 639 40605692 40657931   52239 1
 640 40657931 40664366    6435 1
 641 40664366 40685327   20961 1
 642 40703597 40756302   52705 1
 643 40756302 40756302       0 1
 644 40756302 40769601   13299 1
 645 40771121 42253051 1481930 2
 646 42254571 42270041   15470 1
 647 42270041 42295318   25277 1
 648 42295318 42517591  222273 1
 649 42517591 42521074    3483 1
 650 42521074 42546699   25625 1
 651 42548219 43000863  452644 2
 652 43002383 43025817   23434 1
 653 43092285 43119416   27131 1
 654 43119416 43119416       0 1
 655 43119416 43125680    6264 1
 656 43125680 43149478   23798 1
 657 43150998 43249572   98574 2
 658 43744817 43756598   11781 2
 659 43756598 43756598       0 2
 660 43756598 43756598       0 2
 661 43756598 43760996    4398 2
 662 43760996 43760996       0 2
 663 43760996 43767560    6564 2
 664 43767560 43800174   32614 2
 665 43800174 43800175       1 2
 666 43800175 43826742   26567 2
 667 43826742 43834708    7966 2
 668 43836228 44605553  769325 2
 669 44607073 44663571   56498 2
 670 44663571 44686974   23403 2
 671 44686974 44690996    4022 2
 672 44690996 44715359   24363 2
 673 44715359 44821728  106369 2
 674 44821728 44822426     698 2
 675 44822426 44825953    3527 2
 676 44825953 44856273   30320 2
 677 44856273 44856315      42 2
 678 44857835 45083647  225812 2
 679 45085167 45093218    8051 4
 680 45093218 45169852   76634 4
 681 45169852 45169852       0 2
 682 45169852 45169852       0 2
 683 45169852 45169852       0 2
 684 45169852 45179063    9211 2
 685 45183236 45189229    5993 2
 686 45189229 45217880   28651 2
 687 45217880 45220962    3082 2
 688 45220962 45243367   22405 2
 689 45243367 45247255    3888 2
 690 45247255 45253553    6298 2
 691 45253553 45278193   24640 2
 692 45278193 45280518    2325 2
 693 45280518 45303593   23075 2
 694 45303593 45303593       0 1
 695 45303593 45303593       0 1
 696 45303593 45303593       0 1
 697 45303593 45306202    2609 1
 698 45306202 45306202       0 1
 699 45306202 45306202       0 1
 700 45306202 45328143   21941 1
 701 45328143 45328144       1 1
 702 45328144 45332527    4383 1
 703 45332527 45347038   14511 1
 704 45347038 45371447   24409 1
 705 45385307 45390795    5488 1
 706 45390795 45393464    2669 1
 707 45393464 45400168    6704 1
 708 45400168 45400168       0 1
 709 45400168 45400168       0 1
 710 45400168 45400168       0 1
 711 45400168 45400168       0 1
 712 45400168 45401373    1205 1
 713 45401373 45401391      18 1
 714 45401391 45403432    2041 1
 715 45403432 45403432       0 1
 716 45403432 45403432       0 1
 717 45403432 45403432       0 1
 718 45403432 45403432       0 1
 719 45403432 45403432       0 1
 720 45403432 45403432       0 1
 721 45403432 45404166     734 1
 722 45404166 45404826     660 1
 723 45404826 45404826       0 1
 724 45404826 45405114     288 1
 725 45405114 45405659     545 1
 726 45405659 45407752    2093 1
 727 45407752 45407752       0 1
 728 45407752 45409594    1842 1
 729 45409594 45410291     697 1
 730 45410291 45414665    4374 1
 731 45414665 45414665       0 1
 732 45414665 45414665       0 1
 733 45414665 45414665       0 1
 734 45414665 45414665       0 1
 735 45414665 45414665       0 1
 736 45414665 45414936     271 1
 737 45414936 45426665   11729 1
 738 45426665 45426665       0 1
 739 45426665 45426665       0 1
 740 45426665 45426665       0 1
 741 45426665 45426665       0 1
 742 45426665 45428997    2332 1
 743 45428997 45429821     824 1
 744 45429821 45461286   31465 1
 745 45471942 45489075   17133 1
 746 45489075 45489075       0 1
 747 45489075 45492178    3103 1
 748 45492178 45497255    5077 1
 749 45497255 45497255       0 1
 750 45497255 45497873     618 1
 751 45497873 45501457    3584 1
 752 45501457 45501729     272 1
 753 45501729 45516264   14535 1
 754 45516264 45516264       0 1
 755 45516264 45516264       0 1
 756 45516264 45516264       0 1
 757 45516264 45516264       0 1
 758 45516264 45516264       0 1
 759 45516264 45545284   29020 1
 760 45545284 45566860   21576 1
 761 45568380 45689332  120952 2
 762 45690852 45719962   29110 1
 763 45780423 45857971   77548 1
 764 45859491 45992477  132986 2
 765 45993997 46276812  282815 4
 766 46276812 46276812       0 1
 767 46276812 46276812       0 1
 768 46276812 46276812       0 1
 769 46276812 46283815    7003 1
 770 46285335 46962901  677566 2
 771 46964421 47328012  363591 1
 772 47328012 47328013       1 1
 773 47329533 47947428  617895 2
 774 47948948 47973436   24488 1
 775 47973436 47976251    2815 1
 776 47976251 47978857    2606 1
 777 47978857 47982654    3797 1
 778 47982654 47982654       0 1
 779 47982654 47982654       0 1
 780 47982654 47990274    7620 1
 781 47990274 47990274       0 1
 782 47990274 47990274       0 1
 783 47990274 47999640    9366 1
 784 47999640 47999640       0 1
 785 47999640 47999640       0 1
 786 47999640 47999640       0 1
 787 47999640 48012768   13128 1
 788 48012768 48012768       0 1
 789 48012768 48012768       0 1
 790 48012768 48018872    6104 1
 791 48018872 48022942    4070 1
 792 48022942 48025889    2947 1
 793 48025889 48051084   25195 1
 794 48073990 48078922    4932 1
 795 48078922 48102073   23151 1
 796 48102073 48106676    4603 1
 797 48106676 48107086     410 1
 798 48107086 48109775    2689 1
 799 48109775 48156121   46346 1
 800 48156121 48178180   22059 1
 801 48178180 48179188    1008 1
 802 48179188 48185515    6327 1
 803 48185515 48209567   24052 1
 804 48209567 48217372    7805 1
 805 48218892 48493423  274531 2
 806 48494943 48535890   40947 1
 807 48599137 48618198   19061 1
 808 48618198 48641303   23105 1
 809 48646642 48677013   30371 1
 810 48677013 48677014       1 1
 811 48752131 48776751   24620 1
 812 48776751 48778922    2171 1
 813 48780442 49287882  507440 2
 814 49289402 49328805   39403 1
 815 49328805 49358258   29453 2
 816 49359778 49737669  377891 2
 817 49739189 49744875    5686 2
 818 49744875 49757019   12144 2
 819 49757019 49764224    7205 2
 820 49798161 49807147    8986 2
 821 49807147 49807147       0 2
 822 49807147 49811230    4083 2
 823 49811230 49813199    1969 2
 824 49813199 49836718   23519 2
 825 49871204 49911909   40705 2
 826 49911909 49911909       0 2
 827 49911909 49911909       0 2
 828 49911909 49925886   13977 2
 829 49925886 49925886       0 2
 830 49925886 49925886       0 2
 831 49925886 49926089     203 2
 832 49926089 49927105    1016 2
 833 49927105 49954819   27714 2
 834 49954819 49959582    4763 2
 835 49973596 50003603   30007 2
 836 50061704 50105009   43305 2
 837 50105009 50105009       0 2
 838 50105009 50121176   16167 2
 839 50121176 50126523    5347 2
 840 50126523 50173559   47036 2
 841 50175079 50345524  170445 2
 842 50347044 50347518     474 2
 843 50347518 50372046   24528 2
 844 50417005 50439247   22242 2
 845 50439247 50462272   23025 2
 846 50462272 50468419    6147 2
 847 50468419 50469368     949 2
 848 50469368 50497478   28110 2
 849 50498998 50598255   99257 2
 850 50599775 50617214   17439 2
 851 50618734 50710761   92027 2
 852 50712281 50772766   60485 2
 853 50772766 51064864  292098 2
 854 51064864 51262939  198075 4
 855 51262939 51262939       0 2
 856 51262939 51262939       0 2
 857 51262939 51262939       0 2
 858 51262939 51262939       0 2
 859 51262939 51266662    3723 2
 860 51266662 51266662       0 2
 861 51266662 51266662       0 2
 862 51266662 51267268     606 2
 863 51267268 51268109     841 2
 864 51268109 51287637   19528 2
 865 51287637 51287637       0 2
 866 51287637 51310235   22598 2
 867 51323442 51349591   26149 1
 868 51365145 51370429    5284 1
 869 51370429 51371236     807 1
 870 51371236 51371483     247 1
 871 51371483 51372885    1402 1
 872 51372885 51375234    2349 1
 873 51375234 51375234       0 1
 874 51375234 51375234       0 1
 875 51375234 51378199    2965 1
 876 51378199 51378199       0 1
 877 51378199 51379237    1038 1
 878 51379237 51379237       0 1
 879 51379237 51379237       0 1
 880 51379237 51380005     768 1
 881 51380005 51380246     241 1
 882 51380246 51381379    1133 1
 883 51381379 51382269     890 1
 884 51382269 51382269       0 1
 885 51382269 51382269       0 1
 886 51382269 51382444     175 1
 887 51382444 51383141     697 1
 888 51383141 51383380     239 1
 889 51383380 51384307     927 1
 890 51384307 51384494     187 1
 891 51384494 51384552      58 1
 892 51384552 51385266     714 1
 893 51385266 51385274       8 1
 894 51385274 51396660   11386 1
 895 51396660 51396660       0 1
 896 51396660 51396660       0 1
 897 51396660 51396660       0 1
 898 51396660 51396660       0 1
 899 51396660 51396660       0 1
 900 51396660 51396660       0 1
 901 51396660 51396660       0 1
 902 51396660 51396660       0 1
 903 51396660 51396660       0 1
 904 51396660 51396660       0 1
 905 51396660 51396660       0 1
 906 51396660 51397799    1139 1
 907 51397799 51398919    1120 1
 908 51398919 51400647    1728 1
 909 51400647 51404061    3414 1
 910 51404061 51435303   31242 1
 911 51444578 51460434   15856 1
 912 51460434 51463585    3151 1
 913 51463585 51470263    6678 1
 914 51470263 51477576    7313 1
 915 51477576 51485968    8392 1
 916 51485968 51485968       0 1
 917 51485968 51485968       0 1
 918 51485968 51508737   22769 1
 919 51508737 51510133    1396 1
 920 51510133 51510286     153 1
 921 51510286 51532274   21988 1
 922 51593655 51599646    5991 1
 923 51599646 51599646       0 1
 924 51599646 51600142     496 1
 925 51600142 51601112     970 1
 926 51601112 51602008     896 1
 927 51602008 51608226    6218 1
 928 51608226 51608226       0 1
 929 51608226 51608226       0 1
 930 51608226 51608226       0 1
 931 51608226 51626800   18574 1
 932 51626800 51626800       0 1
 933 51626800 51626800       0 1
 934 51626800 51626800       0 1
 935 51626800 51626800       0 1
 936 51626800 51626800       0 1
 937 51626800 51626800       0 1
 938 51626800 51632252    5452 1
 939 51632252 51632252       0 1
 940 51632252 51632252       0 1
 941 51632252 51632252       0 1
 942 51632252 51654819   22567 1
 943 51654819 51654819       0 1
 944 51654819 51666537   11718 1
 945 51666537 51669684    3147 1
 946 51669684 51669685       1 1
 947 51669685 51677352    7667 1
 948 51677352 51679545    2193 1
 949 51679545 51684033    4488 1
 950 51684033 51709669   25636 1
 951 51709669 51709670       1 1
 952 51711190 51818616  107426 2
 953 51820136 51825267    5131 1
 954 51825267 51825267       0 1
 955 51825267 51825267       0 1
 956 51825267 51825267       0 1
 957 51825267 51846872   21605 1
 958 51846872 51846872       0 1
 959 51846872 51871767   24895 1
 960 51871767 51871767       0 1
 961 51871767 51871767       0 1
 962 51871767 51878735    6968 1
 963 51878735 51878735       0 1
 964 51878735 51878735       0 1
 965 51878735 51902184   23449 1
 966 51902184 51907163    4979 1
 967 51907163 51909818    2655 1
 968 51909818 51915145    5327 1
 969 51915145 51925898   10753 1
 970 51925898 51926188     290 1
 971 51926188 51929332    3144 1
 972 51929332 51929504     172 1
 973 51929504 51930500     996 1
 974 51930500 51930719     219 1
 975 51930719 51931362     643 1
 976 51931362 51955409   24047 1
 977 51955409 51955409       0 1
 978 51955409 51956926    1517 1
 979 51958446 52705260  746814 2
 980 52706780 52718829   12049 1
 981 52718829 52731272   12443 1
 982 52731272 52731272       0 1
 983 52731272 52751105   19833 1
 984 52751105 52762935   11830 1
 985 52762935 52772185    9250 1
 986 52772185 52776287    4102 1
 987 52776287 52800456   24169 1
 988 52800456 52801616    1160 1
 989 52801616 52806734    5118 1
 990 52806734 52806734       0 1
 991 52806734 52806734       0 1
 992 52806734 52807375     641 1
 993 52807375 52808734    1359 1
 994 52808734 52831633   22899 1
 995 52831633 52832382     749 1
 996 52863170 53117985  254815 1
 997 53117985 53280126  162141 1
 998 53280126 53329657   49531 1
 999 53329657 53662255  332598 1
1000 53662255 53693227   30972 1
1001 53693227 53693227       0 1
1002 53693227 53694857    1630 1
1003 53694857 53695127     270 1
1004 53695127 53697342    2215 1
1005 53697342 53700462    3120 1
1006 53700462 53702686    2224 1
1007 53702686 53702686       0 1
1008 53702686 53702999     313 1
1009 53702999 53706569    3570 1
1010 53706569 53706569       0 1
1011 53706569 53706569       0 1
1012 53706569 53707165     596 1
1013 53707165 53707588     423 1
1014 53707588 53710130    2542 1
1015 53710130 53710130       0 1
1016 53710130 53710130       0 1
1017 53710130 53710532     402 1
1018 53710532 53711265     733 1
1019 53711265 53711620     355 1
1020 53711620 53711755     135 1
1021 53711755 53714355    2600 1
1022 53714355 53714355       0 1
1023 53714355 53714949     594 1
1024 53714949 53720915    5966 1
1025 53720915 53720915       0 1
1026 53720915 53720915       0 1
1027 53720915 53720993      78 1
1028 53720993 53731501   10508 1
1029 53731501 53731501       0 1
1030 53731501 53731501       0 1
1031 53731501 53731501       0 1
1032 53731501 53731501       0 1
1033 53731501 53731501       0 1
1034 53731501 53731501       0 1
1035 53731501 53731501       0 1
1036 53731501 53731501       0 1
1037 53731501 53731501       0 1
1038 53731501 53748423   16922 1
1039 53748423 53749627    1204 1
1040 53749627 53761625   11998 1
1041 53761625 53769636    8011 1
1042 53769636 53769636       0 1
1043 53769636 53769636       0 1
1044 53769636 53769636       0 1
1045 53769636 53769636       0 1
1046 53769636 53769636       0 1
1047 53769636 53769636       0 1
1048 53769636 53769636       0 1
1049 53769636 53777057    7421 1
1050 53777057 53777057       0 1
1051 53777057 53777057       0 1
1052 53777057 53777057       0 1
1053 53777057 53777057       0 1
1054 53777057 53780226    3169 1
1055 53780226 53780226       0 1
1056 53780226 53780226       0 1
1057 53780226 53804519   24293 1
1058 53804519 53804519       0 1
1059 53804519 53804519       0 1
1060 53804519 53807478    2959 1
1061 53807478 53807478       0 1
1062 53807478 53807478       0 1
1063 53807478 53834108   26630 1
1064 53835628 54134547  298919 2
1065 54136067 54159813   23746 1
1066 54197630 54199548    1918 1
1067 54199548 54202481    2933 1
1068 54202481 54204690    2209 1
1069 54204690 54207872    3182 1
1070 54207872 54214537    6665 1
1071 54214537 54214537       0 1
1072 54214537 54241883   27346 1
1073 54243403 54564126  320723 2
1074 54565646 54599203   33557 1
1075 54599203 54599204       1 1
1076 54600724 55333718  732994 2
1077 55804650 55827451   22801 2
1078 55850238 55868395   18157 2
1079 55868395 55891498   23103 2
1080 55891498 55927721   36223 2
1081 55927721 55972275   44554 2
1082 55972275 55972663     388 2
1083 55972663 55974993    2330 2
1084 55974993 55979062    4069 2
1085 55979062 55992334   13272 2
1086 55992334 55992334       0 2
1087 55992334 55996118    3784 2
1088 55996118 55996118       0 2
1089 55996118 55996118       0 2
1090 55996118 55996118       0 2
1091 55996118 55996299     181 2
1092 55996299 55997937    1638 2
1093 55997937 56001346    3409 2
1094 56001346 56024121   22775 2
1095 56024121 56024121       0 2
1096 56024121 56047856   23735 2
1097 56079435 56120879   41444 2
1098 56159682 56172515   12833 2
1099 56172515 56172895     380 2
1100 56172895 56203583   30688 2
1101 56203583 56203584       1 2
1102 56272204 56315272   43068 2
1103 56315272 56338752   23480 2
1104 56338752 56501144  162392 2
1105 56501144 56501145       1 2
1106 56502665 56726811  224146 2
1107 56728331 56822802   94471 2
1108 56822802 57023952  201150 2
1109 57023952 57251206  227254 4
1110 57251206 57251206       0 2
1111 57251206 57251206       0 2
1112 57251206 57262214   11008 2
1113 57287114 57305436   18322 2
1114 57305436 57327427   21991 2
1115 57327427 57327654     227 2
1116 57372277 57380175    7898 1
1117 57380175 57380175       0 1
1118 57380175 57380175       0 1
1119 57380175 57408016   27841 1
1120 57408016 57415083    7067 1
1121 57417488 57431682   14194 1
1122 57431682 57442857   11175 1
1123 57442857 57442857       0 1
1124 57442857 57453101   10244 1
1125 57453101 57453101       0 1
1126 57453101 57454740    1639 1
1127 57454740 57476432   21692 1
1128 57476432 57480478    4046 1
1129 57527696 57571662   43966 4
1130 57571662 57571662       0 1
1131 57571662 57571662       0 1
1132 57571662 57571662       0 1
1133 57571662 57571662       0 1
1134 57571662 57571662       0 1
1135 57571662 57571662       0 1
1136 57571662 57591830   20168 1
1137 57593350 57728140  134790 2
1138 57729660 57732791    3131 1
1139 57732791 57733242     451 1
1140 57733242 57733716     474 1
1141 57733716 57734616     900 1
1142 57734616 57734874     258 1
1143 57734874 57738104    3230 1
1144 57738104 57738104       0 1
1145 57738104 57738104       0 1
1146 57738104 57740374    2270 1
1147 57740374 57742478    2104 1
1148 57742478 57743112     634 1
1149 57743112 57743112       0 1
1150 57743112 57744621    1509 1
1151 57744621 57744621       0 1
1152 57744621 57745955    1334 1
1153 57745955 57748951    2996 1
1154 57748951 57753427    4476 1
1155 57753427 57756783    3356 1
1156 57756783 57756819      36 1
1157 57756819 57760645    3826 1
1158 57760645 57776662   16017 1
1159 57776662 57776662       0 1
1160 57776662 57805014   28352 1
1161 57837773 57865076   27303 1
1162 57865076 57865076       0 1
1163 57865076 57865076       0 1
1164 57865076 57865076       0 1
1165 57865076 57865076       0 1
1166 57865076 57867020    1944 1
1167 57867020 57867762     742 1
1168 57867762 57890234   22472 1
1169 57890384 57894424    4040 1
1170 57894424 57907778   13354 1
1171 57907778 57907778       0 1
1172 57907778 57907778       0 1
1173 57907778 57907778       0 1
1174 57907778 57907778       0 1
1175 57907778 57907778       0 1
1176 57907778 57907778       0 1
1177 57907778 57922286   14508 1
1178 57922286 57936919   14633 1
1179 57936919 57936919       0 1
1180 57936919 57936919       0 1
1181 57936919 57936919       0 1
1182 57936919 57962133   25214 1
1183 57962133 57962536     403 1
1184 57962536 57988278   25742 1
1185 57988278 58012679   24401 1
1186 58014199 58227600  213401 2
1187 58229120 58511074  281954 1
1188 58511074 58537568   26494 1
1189 58537568 58544601    7033 1
1190 58602015 58625224   23209 1
1191 58625224 58654116   28892 1
1192 58727368 58741656   14288 1
1193 58741656 58830118   88462 1
1194 58830118 58852750   22632 1
1195 58854270 59008378  154108 2
1196 59009898 59035686   25788 1
1197 59037206 60259625 1222419 2
1198 60261145 60298348   37203 1
1199 60298348 60298348       0 1
1200 60298348 60298348       0 1
1201 60298348 60298348       0 1
1202 60298348 60324129   25781 1
1203 60324129 60325861    1732 1
1204 60327381 60431122  103741 2
1205 60432642 60466078   33436 1
1206 60527846 60898255  370409 1
1207 60898255 60898255       0 1
1208 60898255 60898255       0 1
1209 60898255 60900916    2661 1
1210 60900916 60927181   26265 1
1211 60928701 61375792  447091 2
1212 62157195 62494695  337500 2
1213 62494695 62583939   89244 2
1214 62583939 62664629   80690 2
1215 62664629 62664629       0 2
1216 62664629 62742432   77803 2
1217 62742432 62742433       1 2
1218 62742433 62925502  183069 2
1219 62925502 62983377   57875 2
1220 62983377 63218521  235144 4
1221 63218521 63218522       1 2
1222 63218522 63236610   18088 2
1223 63236610 63257970   21360 2
1224 63257970 63269103   11133 2
1225 63270623 63391899  121276 2
1226 63393419 63394773    1354 2
1227 63394773 63398333    3560 2
1228 63398333 63422279   23946 2
1229 63422279 63422279       0 1
1230 63422279 63422279       0 1
1231 63422279 63422279       0 1
1232 63422279 63432958   10679 1
1233 63432958 63432958       0 1
1234 63432958 63432958       0 1
1235 63432958 63433967    1009 1
1236 63433967 63433967       0 1
1237 63433967 63434908     941 1
1238 63434908 63448534   13626 1
1239 63448534 63449254     720 1
1240 63449254 63471373   22119 1
1241 63507938 63555685   47747 4
1242 63555685 63555685       0 1
1243 63555685 63555685       0 1
1244 63555685 63555685       0 1
1245 63555685 63555685       0 1
1246 63555685 63555685       0 1
1247 63555685 63559886    4201 1
1248 63561406 63685125  123719 2
1249 63686645 63706160   19515 1
1250 63706160 63706160       0 1
1251 63706160 63706160       0 1
1252 63706160 63706160       0 1
1253 63706160 63728924   22764 1
1254 63728924 63731125    2201 1
1255 63747026 63767145   20119 1
1256 63767145 63774447    7302 1
1257 63774447 63788256   13809 1
1258 63788256 63788256       0 1
1259 63788256 63810708   22452 1
1260 63810708 63810913     205 1
1261 63828390 63833880    5490 1
1262 63833880 63835097    1217 1
1263 63835097 63837461    2364 1
1264 63837461 63837461       0 1
1265 63837461 63859855   22394 1
1266 63859855 63863953    4098 1
1267 63867455 63867764     309 1
1268 63867764 63897452   29688 1
1269 63902657 63919489   16832 1
1270 63951540 63973455   21915 1
1271 63973455 63982789    9334 1
1272 63982789 64005351   22562 1
1273 64006871 64200457  193586 2
1274 64201977 64541497  339520 1
1275 64541497 64675357  133860 1
1276 64676877 66370826 1693949 2
1277 66372346 66410308   37962 1
1278 66410308 66444580   34272 1
1279 66517365 66924187  406822 1
1280 66925706 67212404  286698 2
1281 67213925 67248347   34422 1
1282 67248347 67248348       1 1
1283 67249868 67417865  167997 2
1284 67719656 67749099   29443 2
1285 67750619 67979955  229336 2
1286 67981475 68006235   24760 2
1287 68007755 68217413  209658 2
1288 68218933 68287429   68496 2
1289 68287429 68288455    1026 2
1290 68313178 68369924   56746 2
1291 68369924 68542669  172745 2
1292 68542669 68555950   13281 2
1293 68555950 68560250    4300 2
1294 68560250 68567413    7163 2
1295 68567413 68742079  174666 4
1296 68742079 68742079       0 2
1297 68742079 68742079       0 2
1298 68742079 68742079       0 2
1299 68742079 68742079       0 2
1300 68742079 68742080       1 2
1301 68745592 68752785    7193 2
1302 68752785 68752785       0 2
1303 68752785 68774148   21363 2
1304 68774148 68776016    1868 2
1305 68776016 68776017       1 2
1306 68776017 68781458    5441 2
1307 68781458 68938772  157314 2
1308 68938772 68938773       1 2
1309 68962694 69267728  305034 4
1310 69267728 69267728       0 2
1311 69267728 69267728       0 2
1312 69267728 69273232    5504 2
1313 69273232 69273310      78 2
1314 69273310 69273448     138 2
1315 69273448 69274466    1018 2
1316 69274466 69276549    2083 2
1317 69276549 69276549       0 2
1318 69276549 69276901     352 2
1319 69276901 69279060    2159 2
1320 69279060 69279060       0 2
1321 69279060 69279060       0 2
1322 69279060 69280631    1571 2
1323 69280631 69302913   22282 2
1324 69302913 69303547     634 2
1325 69342789 69366607   23818 2
1326 69379893 69416918   37025 2
1327 69501128 69507177    6049 1
1328 69507177 69507177       0 1
1329 69507177 69538979   31802 4
1330 69538979 69538979       0 1
1331 69538979 69538979       0 1
1332 69538979 69538979       0 1
1333 69538979 69544574    5595 1
1334 69576290 69584135    7845 1
1335 69584135 69606821   22686 1
1336 69606821 69615006    8185 1
1337 69615006 69615007       1 1
1338 69615007 69628583   13576 1
1339 69628583 69635586    7003 1
1340 69635586 69657288   21702 1
1341 69670316 69692709   22393 1
1342 69692709 69695745    3036 1
1343 69695745 69709222   13477 1
1344 69709222 69711475    2253 1
1345 69711475 69724497   13022 1
1346 69724497 69725187     690 1
1347 69725187 69725986     799 1
1348 69725986 69730150    4164 1
1349 69730150 69730460     310 1
1350 69730460 69733152    2692 1
1351 69733152 69737815    4663 1
1352 69737815 69741418    3603 1
1353 69741418 69748226    6808 1
1354 69748226 69760280   12054 1
1355 69760280 69760280       0 1
1356 69760280 69760280       0 1
1357 69760280 69760280       0 1
1358 69760280 69760280       0 1
1359 69760280 69760280       0 1
1360 69760280 69772690   12410 1
1361 69772690 69772690       0 1
1362 69772690 69772690       0 1
1363 69772690 69780904    8214 1
1364 69780904 69780904       0 1
1365 69780904 69780904       0 1
1366 69780904 69780904       0 1
1367 69780904 69785723    4819 1
1368 69785723 69787942    2219 1
1369 69787942 69794092    6150 1
1370 69794092 69794092       0 1
1371 69794092 69794093       1 1
1372 69794093 69812301   18208 1
1373 69812301 69819806    7505 1
1374 69819806 69842650   22844 1
1375 69842650 69878649   35999 1
1376 69878649 69900748   22099 1
1377 69900748 69903433    2685 1
1378 69903433 69904796    1363 1
1379 69904796 69906336    1540 1
1380 69906336 69906743     407 1
1381 69906743 69907164     421 1
1382 69907164 69907252      88 1
1383 69907252 69930611   23359 1
1384 69930611 69930611       0 1
1385 69930611 69935630    5019 1
1386 69937150 70220498  283348 2
1387 70222018 70244745   22727 1
1388 70244745 70244745       0 1
1389 70244745 70244745       0 1
1390 70244745 70244745       0 1
1391 70244745 70244745       0 1
1392 70244745 70244745       0 1
1393 70244745 70244745       0 1
1394 70244745 70244745       0 1
1395 70244745 70244745       0 1
1396 70244745 70244745       0 1
1397 70244745 70244745       0 1
1398 70244745 70244745       0 1
1399 70244745 70244745       0 1
1400 70244745 70245804    1059 1
1401 70245804 70245804       0 1
1402 70245804 70245804       0 1
1403 70245804 70257381   11577 1
1404 70257381 70257381       0 1
1405 70257381 70297586   40205 1
1406 70299106 71225723  926617 2
1407 71227243 71250778   23535 1
1408 71252298 72444673 1192375 2
1409 72446193 72457240   11047 1
1410 72457240 72461388    4148 1
1411 72461388 72485362   23974 1
1412 72485362 72998161  512799 1
1413 72999681 73459938  460257 2
1414 73680108 73745489   65381 2
1415 73745489 73859840  114351 2
1416 73859840 73899576   39736 2
1417 73899576 73899577       1 2
1418 73949456 74030609   81153 2
1419 74030609 74030609       0 2
1420 74030609 74057353   26744 2
1421 74057353 74078508   21155 2
1422 74078508 74129961   51453 2
1423 74176466 74250545   74079 2
1424 74250545 74250546       1 2
1425 74252066 74359511  107445 2
1426 74361031 74470802  109771 4
1427 74470802 74470803       1 2
1428 74470803 74498880   28077 2
1429 74498880 74498881       1 2
1430 74500401 74737204  236803 2
1431 74738724 74745624    6900 2
1432 74745624 74749741    4117 2
1433 74749741 74768397   18656 2
1434 74768397 74768397       0 2
1435 74768397 74768397       0 2
1436 74768397 74779642   11245 2
1437 74779642 74779642       0 2
1438 74779642 74824443   44801 2
1439 74824443 74824443       0 2
1440 74824443 74824443       0 2
1441 74824443 74828227    3784 2
1442 74828227 74851714   23487 2
1443 74851714 74851714       0 2
1444 74851714 74851714       0 2
1445 74851714 74851714       0 2
1446 74851714 74851714       0 2
1447 74851714 74851714       0 2
1448 74851714 74863636   11922 2
1449 74876325 74896589   20264 2
1450 74896589 74896589       0 2
1451 74896589 74910066   13477 2
1452 74910066 74926352   16286 2
1453 74926352 74981619   55267 2
1454 74981619 74981619       0 2
1455 74981619 74981619       0 2
1456 74981619 75044398   62779 4
1457 75044398 75044398       0 2
1458 75044398 75044398       0 2
1459 75044398 75044398       0 2
1460 75044398 75044398       0 2
1461 75044398 75044398       0 2
1462 75044398 75044398       0 2
1463 75044398 75044398       0 2
1464 75044398 75044398       0 2
1465 75044398 75044398       0 2
1466 75044398 75044398       0 2
1467 75044398 75044398       0 2
1468 75044398 75045609    1211 2
1469 75045609 75045609       0 2
1470 75045609 75056313   10704 2
1471 75056313 75077359   21046 2
1472 75077359 75077359       0 2
1473 75077359 75079370    2011 2
1474 75079370 75079706     336 2
1475 75079706 75101588   21882 2
1476 75101588 75112149   10561 2
1477 75112149 75115604    3455 2
1478 75115604 75167325   51721 2
1479 75167325 75171588    4263 2
1480 75171588 75172020     432 2
1481 75172020 75173283    1263 2
1482 75173283 75179298    6015 2
1483 75179298 75179298       0 2
1484 75179298 75179298       0 2
1485 75179298 75182168    2870 2
1486 75182168 75182168       0 2
1487 75182168 75182168       0 2
1488 75182168 75183408    1240 2
1489 75183408 75184112     704 2
1490 75184112 75187666    3554 2
1491 75187666 75210461   22795 2
1492 75211981 75422018  210037 2
1493 75423538 75437218   13680 2
1494 75437218 75437368     150 2
1495 75437368 75441953    4585 2
1496 75441953 75446467    4514 2
1497 75446467 75449793    3326 2
1498 75449793 75449793       0 2
1499 75449793 75449793       0 2
1500 75449793 75449793       0 2
1501 75449793 75450913    1120 2
1502 75450913 75457339    6426 2
1503 75457339 75457339       0 2
1504 75457339 75467309    9970 2
1505 75467309 75467309       0 2
1506 75467309 75467309       0 2
1507 75467309 75467309       0 2
1508 75467309 75467309       0 2
1509 75467309 75469611    2302 2
1510 75469611 75469611       0 2
1511 75469611 75469611       0 2
1512 75469611 75469611       0 2
1513 75469611 75470162     551 2
1514 75470162 75478643    8481 2
1515 75478643 75478643       0 2
1516 75478643 75478643       0 2
1517 75478643 75478643       0 2
1518 75478643 75500982   22339 2
1519 75502324 75587870   85546 4
1520 75587870 75587871       1 1
1521 75587871 75600846   12975 1
1522 75600846 75600847       1 1
1523 75600847 75610642    9795 1
1524 75610642 75610931     289 1
1525 75610931 75632884   21953 1
1526 75668511 75685284   16773 1
1527 75685284 75685284       0 1
1528 75685284 75699441   14157 1
1529 75699441 75706042    6601 1
1530 75706042 75713913    7871 1
1531 75713913 75740564   26651 1
1532 75740564 75740564       0 1
1533 75740564 75740564       0 1
1534 75740564 75746354    5790 1
1535 75746354 75770760   24406 1
1536 75770760 75770760       0 1
1537 75770760 75770760       0 1
1538 75770760 75770760       0 1
1539 75770760 75776036    5276 1
1540 75776036 75790403   14367 1
1541 75790403 75822784   32381 1
1542 75822784 75825606    2822 1
1543 75825606 75827105    1499 1
1544 75827105 75840922   13817 1
1545 75840922 75862959   22037 1
1546 75906676 75931009   24333 1
1547 75931009 75931009       0 1
1548 75931009 75935676    4667 1
1549 75935676 75958567   22891 1
1550 75965208 76093109  127901 1
1551 76093109 76096855    3746 1
1552 76096855 76096855       0 1
1553 76096855 76099128    2273 1
1554 76099128 76099957     829 1
1555 76099957 76126687   26730 1
1556 76128207 76746999  618792 2
1557 76748519 76753753    5234 1
1558 76753753 76778554   24801 1
1559 76778554 76781353    2799 1
1560 76782873 77303028  520155 2
1561 77304548 77325495   20947 1
1562 77327015 77865250  538235 2
1563 77866770 77894657   27887 1
1564 77896177 78334856  438679 2
1565 78336376 78983087  646711 1
1566 78984607 79502010  517403 2
1567 80248392 80265495   17103 2
1568 80265495 80265495       0 2
1569 80265495 80265495       0 2
1570 80265495 80265495       0 2
1571 80265495 80423098  157603 4
1572 80423098 80423098       0 2
1573 80423098 80423099       1 2
1574 80423099 80458727   35628 2
1575 80458727 80707278  248551 4
1576 80707278 80707279       1 2
1577 80707279 80753694   46415 2
1578 80753694 80757036    3342 2
1579 80757036 80779663   22627 2
1580 80779663 80779664       1 2
1581 80789668 80884090   94422 2
1582 80885610 81015534  129924 2
1583 81017054 81053371   36317 2
1584 81053371 81081050   27679 4
1585 81081050 81081051       1 2
1586 81082571 81228721  146150 2
1587 81230241 81309753   79512 2
1588 81331204 81338260    7056 2
1589 81338260 81361065   22805 2
1590 81361065 81363796    2731 2
1591 81363796 81386736   22940 2
1592 81386736 81388617    1881 2
1593 81390137 81482883   92746 2
1594 81484403 81609071  124668 4
1595 81609071 81609071       0 1
1596 81609071 81609071       0 1
1597 81609071 81615628    6557 1
1598 81640982 81661722   20740 1
1599 81661722 81661722       0 1
1600 81661722 81685847   24125 1
1601 81685847 81697353   11506 1
1602 81698873 81931228  232355 2
1603 81932748 82035290  102542 1
1604 82035290 82035290       0 1
1605 82035290 82059169   23879 1
1606 82085594 82115947   30353 1
1607 82128896 82142426   13530 1
1608 82142426 82163966   21540 1
1609 82187121 82195159    8038 1
1610 82195159 82217436   22277 1
1611 82270329 82274375    4046 1
1612 82274375 82276690    2315 1
1613 82276690 82283896    7206 1
1614 82283896 82287762    3866 1
1615 82287762 82310299   22537 1
1616 82310299 82310299       0 1
1617 82310299 82313066    2767 1
1618 82314586 83394855 1080269 2
1619 83396375 83420816   24441 1
1620 83420816 83420816       0 1
1621 83420816 83420816       0 1
1622 83420816 83420816       0 1
1623 83420816 83428441    7625 1
1624 83428441 83428441       0 1
1625 83428441 83432334    3893 1
1626 83432334 83433489    1155 1
1627 83433489 83441477    7988 1
1628 83441477 83456578   15101 1
1629 83456578 83481535   24957 1
1630 83507564 83510802    3238 1
1631 83510802 83539595   28793 1
1632 83539595 83560532   20937 1
1633 83562052 84312545  750493 2
1634 84314065 85003106  689041 1
1635 85004626 85544095  539469 2
1636 86219843 86399000  179157 4