  0 39611770 39660976   49206 2
  1 39662496 40367342  704846 2
  2 40368863 40390115   21252 2
  3 40394744 40416365   21621 2
  4 40420763 40441738   20975 2
  5 40443258 40594079  150821 2
  6 40595599 40617076   21477 2
  7 40618596 41108694  490098 2
  8 41110214 41112715    2501 2
  9 41112715 41130439   17724 2
 10 41130439 41130439       0 2
 11 41130439 41133947    3508 2
 12 41133947 41158361   24414 2
 13 41158361 41158362       1 2
 14 41159882 41270824  110942 2
 15 41272344 41274569    2225 2
 16 41274569 41302281   27712 4
 17 41302281 41302282       1 2
 18 41303802 41501888  198086 2
 19 41503408 41504728    1320 2
 20 41504728 41526672   21944 4
 21 41526672 41526673       1 2
 22 41543034 41565984   22950 2
 23 41565984 41577716   11732 2
 24 41579236 41679395  100159 2
 25 41680915 41719331   38416 1
 26 41719331 41726214    6883 1
 27 41726214 41726214       0 1
 28 41726214 41726214       0 1
 29 41726214 41726214       0 1
 30 41726214 41727550    1336 1
 31 41727550 41735784    8234 1
 32 41735784 41761049   25265 1
 33 41763291 41787974   24683 1
 34 41802383 41809020    6637 1
 35 41809020 41809020       0 1
 36 41809020 41811319    2299 1
 37 41811319 41816692    5373 1
 38 41816692 41816692       0 1
 39 41816692 41816692       0 1
 40 41816692 41816692       0 1
 41 41816692 41816692       0 1
 42 41816692 41817196     504 1
 43 41817196 41818334    1138 1
 44 41818334 41820925    2591 1
 45 41820925 41820925       0 1
 46 41820925 41820925       0 1
 47 41820925 41820925       0 1
 48 41820925 41820925       0 1
 49 41820925 41820925       0 1
 50 41820925 41820925       0 1
 51 41820925 41820925       0 1
 52 41820925 41820925       0 1
 53 41820925 41827543    6618 1
 54 41827543 41827543       0 1
 55 41827543 41827543       0 1
 56 41827543 41827543       0 1
 57 41827543 41827543       0 1
 58 41827543 41827543       0 1
 59 41827543 41827543       0 1
 60 41827543 41828608    1065 1
 61 41828608 41830949    2341 1
 62 41830949 41830949       0 1
 63 41830949 41831156     207 1
 64 41831156 41831156       0 1
 65 41831156 41853309   22153 1
 66 41853309 41853309       0 1
 67 41853309 41853309       0 1
 68 41853309 41856244    2935 1
 69 41856244 41856244       0 1
 70 41856244 41861159    4915 1
 71 41861159 41861160       1 1
 72 41861160 41868712    7552 1
 73 41868712 41868712       0 1
 74 41868712 41868939     227 1
 75 41868939 41870088    1149 1
 76 41870088 41870089       1 1
 77 41886007 41910350   24343 1
 78 41910350 41910350       0 1
 79 41910350 41935805   25455 1
 80 41935805 41935805       0 1
 81 41935805 41935805       0 1
 82 41935805 41945342    9537 1
 83 41945342 41948083    2741 1
 84 41948083 41989949   41866 1
 85 41990258 42013794   23536 1
 86 42015314 42156892  141578 2
 87 42158412 42271432  113020 4
 88 42271432 42271433       1 1
 89 42271433 42274902    3469 1
 90 42274902 42275944    1042 1
 91 42275944 42284482    8538 1
 92 42284482 42284482       0 1
 93 42284482 42288112    3630 1
 94 42288112 42288112       0 1
 95 42288112 42298198   10086 1
 96 42298198 42313566   15368 1
 97 42313566 42313566       0 1
 98 42313566 42313727     161 1
 99 42313727 42337657   23930 1
100 42337657 42339367    1710 1
101 42339367 42339367       0 1
102 42339367 42339367       0 1
103 42339367 42339367       0 1
104 42339367 42339367       0 1
105 42339367 42340555    1188 1
106 42340555 42340555       0 1
107 42340555 42340555       0 1
108 42340555 42340555       0 1
109 42340555 42340555       0 1
110 42340555 42365888   25333 1
111 42365888 42366188     300 1
112 42366188 42366188       0 1
113 42366188 42366189       1 1
114 42377719 42832932  455213 4
115 42832932 42832932       0 1
116 42832932 42832932       0 1
117 42832932 42832932       0 1
118 42832932 42832932       0 1
119 42832932 42832933       1 1
120 42892827 42926536   33709 1
121 42926536 42957810   31274 1
122 42959330 44204482 1245152 2
123 44206003 44233654   27651 1
124 44235174 44329368   94194 2
125 44330888 44331423     535 1
126 44331423 44355328   23905 1
127 44356848 44547006  190158 2
128 44548526 44571155   22629 1
129 44571155 44650449   79294 1
130 44650449 44695264   44815 1
131 44696784 44909188  212404 2
132 44910708 44953757   43049 1
133 44955277 45385658  430381 2
134 45387178 45412805   25627 1
135 45414325 45648899  234574 2
136 45741730 45910530  168800 2
137 45910530 45937399   26869 2
138 45938919 46139692  200773 2
139 46141212 46231325   90113 2
140 46231325 46231326       1 2
141 46234261 46258763   24502 2
142 46260283 46880998  620715 2
143 46882518 46918635   36117 2
144 46918635 46918635       0 2
145 46918635 46918636       1 2
146 46920156 47037456  117300 2
147 47038976 47046739    7763 2
148 47046739 47069327   22588 2
149 47069327 47182713  113386 2
150 47184233 47485125  300892 2
151 47486645 47613406  126761 4
152 47613406 47613407       1 2
153 47648879 47651728    2849 2
154 47651728 47651939     211 2
155 47651939 47663099   11160 2
156 47663099 47663099       0 2
157 47663099 47663099       0 2
158 47663099 47663099       0 2
159 47663099 47663099       0 2
160 47663099 47663099       0 2
161 47663099 47663099       0 2
162 47663099 47663099       0 2
163 47663099 47663099       0 2
164 47663099 47663242     143 2
165 47663242 47665368    2126 2
166 47665368 47678971   13603 2
167 47678971 47683437    4466 2
168 47683437 47683437       0 2
169 47683437 47683437       0 2
170 47683437 47706327   22890 2
171 47706327 47721398   15071 1
172 47721398 47723151    1753 1
173 47723151 47723151       0 1
174 47723151 47728216    5065 1
175 47738179 47742795    4616 1
176 47742795 47767130   24335 1
177 47779001 47801234   22233 1
178 47801234 47801234       0 1
179 47801234 47801234       0 1
180 47801234 47801234       0 1
181 47801234 47801234       0 1
182 47801234 47801234       0 1
183 47801234 47801234       0 1
184 47801234 47801234       0 1
185 47801234 47801234       0 1
186 47801234 47801234       0 1
187 47801234 47801234       0 1
188 47801234 47801234       0 1
189 47801234 47801234       0 1
190 47801234 47801234       0 1
191 47801234 47801234       0 1
192 47801234 47801234       0 1
193 47801234 47801234       0 1
194 47801234 47801234       0 1
195 47801234 47801234       0 1
196 47801234 47801234       0 1
197 47801234 47801234       0 1
198 47801234 47801234       0 1
199 47801234 47801234       0 1
200 47801234 47801234       0 1
201 47801234 47801234       0 1
202 47801234 47803088    1854 1
203 47803088 47803968     880 1
204 47803968 47803968       0 1
205 47803968 47825949   21981 1
206 47825949 47827091    1142 1
207 47827091 47827091       0 1
208 47827091 47827091       0 1
209 47827091 47827091       0 1
210 47827091 47827091       0 1
211 47827091 47827091       0 1
212 47827091 47831411    4320 1
213 47831411 47839176    7765 1
214 47839176 47839177       1 1
215 47839177 47839177       0 1
216 47839177 47853800   14623 1
217 47864595 47892131   27536 1
218 47892131 47892131       0 1
219 47892131 47892131       0 1
220 47892131 47893661    1530 1
221 47893661 47894388     727 1
222 47894388 47897992    3604 1
223 47897992 47919721   21729 1
224 47919721 47925684    5963 1
225 47925684 47925684       0 1
226 47925684 47930512    4828 1
227 47930512 47948693   18181 1
228 47948693 47948693       0 1
229 47948693 47949320     627 1
230 47949320 47960419   11099 1
231 47961939 48119473  157534 2
232 48120993 48144221   23228 1
233 48144221 48166892   22671 1
234 48191755 48255306   63551 1
235 48256826 48467744  210918 2
236 48469264 49020816  551552 4
237 49022336 49335435  313099 2
238 49336955 49338893    1938 1
239 49338893 49339959    1066 1
240 49339959 49373437   33478 1
241 49373437 49373438       1 1
242 49373438 49384425   10987 1
243 49384425 49385920    1495 1
244 49387440 49735290  347850 2
245 49736810 49819946   83136 1
246 49819946 49848617   28671 1
247 49848617 49924379   75762 1
248 49924379 50014243   89864 1
249 50015763 50196757  180994 2
250 50198277 50208238    9961 1
251 50208238 50208238       0 1
252 50208238 50232587   24349 1
253 50262596 50264727    2131 1
254 50264727 50289509   24782 1
255 50289509 50289509       0 1
256 50289509 50289509       0 1
257 50289509 50289509       0 1
258 50289509 50306819   17310 1
259 50306819 50309926    3107 1
260 50311446 50507493  196047 2
261 50509013 50517823    8810 1
262 50517823 50538553   20730 1
263 50538553 50538553       0 1
264 50538553 50574418   35865 1
265 50574418 50574975     557 1
266 50574975 50589426   14451 1
267 50589426 50589426       0 1
268 50589426 50886525  297099 1
269 50886525 50918411   31886 1
270 50986200 50990743    4543 1
271 50990743 51015443   24700 1
272 51015443 51015443       0 1
273 51015443 51015443       0 1
274 51015443 51035311   19868 1
275 51036831 51691033  654202 2
276 51810829 52104025  293196 2
277 52170397 52178099    7702 2
278 52178099 52187075    8976 2
279 52187075 52224033   36958 2
280 52224033 52237533   13500 2
281 52237533 52237533       0 2
282 52237533 52260519   22986 2
283 52260519 52262840    2321 2
284 52262840 52263392     552 2
285 52263392 52276430   13038 2
286 52277950 52370362   92412 2
287 52371882 52418293   46411 2
288 52418293 52418293       0 2
289 52418293 52426389    8096 2
290 52426389 52429708    3319 2
291 52429708 52429708       0 2
292 52429708 52429708       0 2
293 52429708 52456800   27092 2
294 52456800 52456801       1 2
295 52470313 52478964    8651 2
296 52478964 52495987   17023 2
297 52495987 52495987       0 2
298 52495987 52495987       0 2
299 52495987 52498593    2606 2
300 52498593 52539076   40483 2
301 52540908 52561901   20993 2
302 52563421 52728550  165129 2
303 52730070 52754672   24602 2
304 52754672 52754672       0 2
305 52754672 52754672       0 2
306 52754672 52766332   11660 2
307 52767852 53071989  304137 2
308 53073509 53237360  163851 2
309 53237360 53452278  214918 2
310 53452278 53642960  190682 4
311 53642960 53642960       0 2
312 53642960 53642960       0 2
313 53642960 53642960       0 2
314 53642960 53642960       0 2
315 53642960 53642960       0 2
316 53642960 53642960       0 2
317 53642960 53642960       0 2
318 53642960 53642960       0 2
319 53642960 53642960       0 2
320 53642960 53642960       0 2
321 53642960 53642960       0 2
322 53642960 53646492    3532 2
323 53646492 53646493       1 2
324 53651255 53661919   10664 2
325 53661919 53661919       0 2
326 53661919 53663288    1369 2
327 53663288 53686748   23460 2
328 53704764 53736834   32070 2
329 53765474 53773981    8507 1
330 53773981 53773981       0 1
331 53773981 53773981       0 1
332 53773981 53773981       0 1
333 53773981 53773981       0 1
334 53773981 53773981       0 1
335 53773981 53773981       0 1
336 53773981 53773981       0 1
337 53773981 53775540    1559 1
338 53775540 53777866    2326 1
339 53777866 53777866       0 1
340 53777866 53778050     184 1
341 53778050 53778340     290 1
342 53778340 53778340       0 1
343 53778340 53779542    1202 1
344 53779542 53779542       0 1
345 53779542 53779542       0 1
346 53779542 53781022    1480 1
347 53781022 53781022       0 1
348 53781022 53781470     448 1
349 53781470 53782918    1448 1
350 53782918 53782918       0 1
351 53782918 53782918       0 1
352 53782918 53782918       0 1
353 53782918 53782918       0 1
354 53782918 53782918       0 1
355 53782918 53785566    2648 1
356 53785566 53808604   23038 1
357 53808604 53811015    2411 1
358 53811015 53811015       0 1
359 53811015 53811015       0 1
360 53811015 53813482    2467 1
361 53813482 53813483       1 1
362 53813483 53813483       0 1
363 53813483 53828646   15163 1
364 53835806 53851334   15528 1
365 53851334 53854799    3465 1
366 53854799 53861925    7126 1
367 53861925 53870188    8263 1
368 53870188 53871143     955 1
369 53871143 53893378   22235 1
370 53893378 53893378       0 1
371 53893378 53900445    7067 1
372 53957874 53975431   17557 1
373 53975431 53999681   24250 1
374 53999681 54007044    7363 1
375 54007044 54008724    1680 1
376 54008724 54008724       0 1
377 54008724 54008724       0 1
378 54008724 54008724       0 1
379 54008724 54008724       0 1
380 54008724 54008724       0 1
381 54008724 54008724       0 1
382 54008724 54008724       0 1
383 54008724 54019471   10747 1
384 54019471 54019471       0 1
385 54019471 54024516    5045 1
386 54024516 54024516       0 1
387 54024516 54024516       0 1
388 54024516 54024516       0 1
389 54024516 54034801   10285 1
390 54034801 54042634    7833 1
391 54044154 54271037  226883 2
392 54272557 54272918     361 1
393 54272918 54276845    3927 1
394 54276845 54292893   16048 1
395 54292893 54315387   22494 1
396 54315387 54316390    1003 1
397 54316390 54331265   14875 1
398 54332785 54439110  106325 2
399 54440630 54442950    2320 1
400 54442950 54466916   23966 1
401 54466916 54482862   15946 1
402 54496467 54567694   71227 1
403 54567694 54567695       1 1
404 54568933 54576899    7966 1
405 54576899 54589429   12530 1
406 54589429 54598686    9257 1
407 54598686 54624168   25482 1
408 54624168 54624169       1 1
409 54625689 54823496  197807 2
410 54825016 54848021   23005 1
411 54849541 55043580  194039 2
412 55045100 55066302   21202 1
413 55066302 55088155   21853 1
414 55160275 55161930    1655 1
415 55161930 55167174    5244 1
416 55167174 55167174       0 1
417 55167174 55277409  110235 1
418 55277409 55383676  106267 1
419 55383676 55526208  142532 1
420 55526208 55526209       1 1
421 55527729 56603143 1075414 2
422 56604663 56628919   24256 1
423 56628919 56628919       0 1
424 56628919 56654518   25599 1
425 56674110 56677359    3249 1
426 56677359 56700984   23625 1
427 56702504 56946516  244012 2
428 56948036 57290098  342062 1
429 57291618 57733181  441563 2
430 58193683 58215638   21955 2
431 58217158 58508771  291613 2
432 58510291 58518930    8639 2
433 58518930 58529534   10604 2
434 58529534 58552864   23330 2
435 58552864 58555898    3034 2
436 58555898 58574642   18744 2
437 58575126 58588404   13278 2
438 58588404 58611649   23245 2
439 58611649 58611649       0 2
440 58611649 58611649       0 2
441 58611649 58623656   12007 2
442 58625176 58762706  137530 2
443 58764226 58766930    2704 2
444 58766930 58766930       0 2
445 58766930 58767045     115 2
446 58767045 58789434   22389 2
447 58844533 58857886   13353 2
448 58857886 58857886       0 2
449 58857886 59163055  305169 2
450 59163055 59348992  185937 2
451 59348992 59409487   60495 2
452 59409487 59563086  153599 4
453 59563086 59563087       1 2
454 59581378 59587323    5945 2
455 59587323 59587323       0 2
456 59587323 59610455   23132 2
457 59661970 59669392    7422 2
458 59669392 59722187   52795 2
459 59810400 59835819   25419 1
460 59835819 59835819       0 1
461 59835819 59836313     494 1
462 59836313 59836313       0 1
463 59836313 59845614    9301 1
464 59845614 59846852    1238 1
465 59846852 59846852       0 1
466 59846852 59869406   22554 1
467 59869406 59869406       0 1
468 59869406 59872788    3382 1
469 59915770 59967316   51546 4
470 59967316 59967316       0 1
471 59967316 59967316       0 1
472 59967316 59967316       0 1
473 59967316 59967316       0 1
474 59967316 59973580    6264 1
475 59973580 59979088    5508 1
476 59980608 60114797  134189 2
477 60116317 60116373      56 1
478 60116373 60123909    7536 1
479 60123909 60147115   23206 1
480 60147115 60150333    3218 1
481 60197090 60203555    6465 1
482 60203555 60203555       0 1
483 60203555 60214956   11401 1
484 60214956 60215473     517 1
485 60215473 60229179   13706 1
486 60229179 60251108   21929 1
487 60251108 60269836   18728 1
488 60269836 60273506    3670 1
489 60273506 60273506       0 1
490 60273506 60281200    7694 1
491 60281200 60293980   12780 1
492 60307896 60332961   25065 1
493 60332961 60332961       0 1
494 60332961 60333215     254 1
495 60333215 60335780    2565 1
496 60335780 60335780       0 1
497 60335780 60338601    2821 1
498 60338601 60346145    7544 1
499 60346145 60349811    3666 1
500 60349811 60371741   21930 1
501 60371741 60378562    6821 1
502 60378562 60402506   23944 1
503 60402506 60421421   18915 1
504 60421421 60423884    2463 1
505 60433361 60445635   12274 1
506 60445635 60445635       0 1
507 60445635 60448765    3130 1
508 60448765 60448765       0 1
509 60448765 60450210    1445 1
510 60450210 60477867   27657 1
511 60479276 60507400   28124 1
512 60507400 60534937   27537 1
513 60607678 60916600  308922 1
514 60916600 60939778   23178 1
515 60941298 61098820  157522 2
516 61100341 61175838   75497 1
517 61177358 62691619 1514261 2
518 62693139 62718427   25288 1
519 62718427 62719737    1310 1
520 62719737 62760803   41066 1
521 62760803 62760803       0 1
522 62760803 62760803       0 1
523 62760803 62775184   14381 1
524 62775184 62780163    4979 1
525 62780163 62785853    5690 1
526 62785853 62787234    1381 1
527 62787234 62787234       0 1
528 62787234 62787234       0 1
529 62787234 62792301    5067 1
530 62792301 62792301       0 1
531 62792301 62792301       0 1
532 62792301 62792301       0 1
533 62792301 62792301       0 1
534 62792301 62792301       0 1
535 62792301 62792301       0 1
536 62792301 62792301       0 1
537 62792301 62803783   11482 1
538 62825207 62858135   32928 1
539 62923849 63291924  368075 1
540 63291924 63314224   22300 1
541 63314224 63314224       0 1
542 63314224 63338198   23974 1
543 63339718 63775324  435606 2
544 64862453 64875096   12643 2
545 64875096 65061869  186773 2
546 65061869 65061869       0 2
547 65061869 65136174   74305 2
548 65136174 65230271   94097 2
549 65230271 65296690   66419 2
550 65296690 65374355   77665 2
551 65374355 65608534  234179 4
552 65608534 65608535       1 2
553 65610055 65769591  159536 2
554 65771111 65786988   15877 2
555 65786988 65823056   36068 2
556 65823056 65829276    6220 2
557 65829276 65829277       1 2
558 65829277 65829277       0 1
559 65829277 65829277       0 1
560 65829277 65841323   12046 1
561 65841323 65842746    1423 1
562 65842746 65865103   22357 1
563 65865103 65865748     645 1
564 65910296 65949635   39339 4
565 65949635 65949635       0 1
566 65949635 65949635       0 1
567 65949635 65949635       0 1
568 65949635 65949635       0 1
569 65949635 65949635       0 1
570 65949635 65955278    5643 1
571 65986825 66003518   16693 1
572 66003518 66027149   23631 1
573 66048214 66070042   21828 1
574 66070042 66086492   16450 1
575 66086492 66086492       0 1
576 66086492 66095129    8637 1
577 66095129 66095129       0 1
578 66095129 66104969    9840 1
579 66104969 66127674   22705 1
580 66130250 66137488    7238 1
581 66137488 66159458   21970 1
582 66159458 66168933    9475 1
583 66168933 66185287   16354 1
584 66185287 66207695   22408 1
585 66207695 66222234   14539 1
586 66222234 66222235       1 1
587 66226155 66230096    3941 1
588 66230096 66241236   11140 1
589 66241236 66263515   22279 1
590 66263515 66263568      53 1
591 66263568 66265701    2133 1
592 66265701 66265701       0 1
593 66265701 66290978   25277 1
594 66290978 66290979       1 1
595 66297672 66299633    1961 1
596 66299633 66321651   22018 1
597 66323171 66620080  296909 2
598 66621600 66932183  310583 1
599 66932183 66970460   38277 1
600 66970460 66994590   24130 1
601 66996110 67865030  868920 2
602 67866550 67882864   16314 1
603 67882864 67904165   21301 1
604 67905685 68907968 1002283 2
605 68909488 69270576  361088 1
606 69270576 69298289   27713 1
607 69299810 69817470  517660 2
608 70093066 70273034  179968 2
609 70285713 70306867   21154 2
610 70322800 70344991   22191 2
611 70346511 70479926  133415 2
612 70481446 70548632   67186 2
613 70548632 70574511   25879 2
614 70574511 70681506  106995 2
615 70681506 70681507       1 2
616 70681507 70690200    8693 2
617 70690200 70745697   55497 2
618 70745697 70772444   26747 2
619 70787253 70815052   27799 2
620 70815052 70849927   34875 2
621 70849927 71043755  193828 4
622 71043755 71043755       0 2
623 71043755 71043755       0 2
624 71043755 71043755       0 2
625 71043755 71043755       0 2
626 71043755 71043755       0 2
627 71043755 71043755       0 2
628 71043755 71088155   44400 2
629 71088155 71088155       0 2
630 71088155 71214530  126375 2
631 71230737 71272632   41895 2
632 71272632 71325562   52930 2
633 71350190 71367398   17208 2
634 71367398 71468710  101312 4
635 71468710 71468710       0 2
636 71468710 71468710       0 2
637 71468710 71468710       0 2
638 71468710 71508615   39905 2
639 71508615 71508615       0 2
640 71508615 71508616       1 2
641 71508616 71514426    5810 2
642 71514426 71514426       0 2
643 71514426 71527938   13512 2
644 71527938 71527938       0 2
645 71527938 71527938       0 2
646 71527938 71527938       0 2
647 71527938 71527938       0 2
648 71527938 71537226    9288 2
649 71537226 71540501    3275 2
650 71563009 71586414   23405 2
651 71586414 71591630    5216 2
652 71591630 71651359   59729 2
653 71651359 71651359       0 2
654 71651359 71658551    7192 2
655 71658551 71658551       0 2
656 71658551 71658551       0 2
657 71658551 71658551       0 2
658 71658551 71658551       0 2
659 71658551 71658783     232 2
660 71658783 71664007    5224 2
661 71664007 71664007       0 2
662 71664007 71664007       0 2
663 71664007 71664007       0 2
664 71664007 71664007       0 2
665 71664007 71664007       0 2
666 71664007 71664007       0 2
667 71664007 71691993   27986 2
668 71691993 71691994       1 2
669 71691994 71694056    2062 2
670 71694056 71694056       0 2
671 71694056 71694057       1 2
672 71695577 71883700  188123 2
673 71885220 71892870    7650 1
674 71892870 71892870       0 1
675 71892870 71892870       0 1
676 71892870 71892870       0 1
677 71892870 71892870       0 1
678 71892870 71892870       0 1
679 71892870 71905862   12992 1
680 71905862 71905863       1 1
681 71905863 71909083    3220 1
682 71909083 72002321   93238 4
683 72002321 72002321       0 1
684 72002321 72004617    2296 1
685 72004617 72010531    5914 1
686 72010531 72010531       0 1
687 72010531 72024889   14358 1
688 72024889 72029286    4397 1
689 72029286 72051075   21789 1
690 72083488 72115506   32018 1
691 72115506 72115507       1 1
692 72115507 72115507       0 1
693 72115507 72118298    2791 1
694 72118298 72136194   17896 1
695 72136194 72136194       0 1
696 72136194 72136194       0 1
697 72136194 72136194       0 1
698 72136194 72136194       0 1
699 72136194 72136194       0 1
700 72136194 72162105   25911 1
701 72162105 72162105       0 1
702 72162105 72162105       0 1
703 72162105 72165178    3073 1
704 72165178 72165178       0 1
705 72165178 72166311    1133 1
706 72166311 72166311       0 1
707 72166311 72166311       0 1
708 72166311 72166311       0 1
709 72166311 72166311       0 1
710 72166311 72166311       0 1
711 72166311 72169732    3421 1
712 72169732 72169732       0 1
713 72169732 72169732       0 1
714 72169732 72173273    3541 1
715 72173273 72195915   22642 1
716 72195915 72208227   12312 1
717 72208227 72208228       1 1
718 72214451 72218902    4451 1
719 72218902 72281052   62150 1
720 72281052 72281052       0 1
721 72281052 72303260   22208 1
722 72303260 72304798    1538 1
723 72305871 72545430  239559 1
724 72545430 72545430       0 1
725 72545430 72545430       0 1
726 72545430 72545430       0 1
727 72545430 72545430       0 1
728 72545430 72545430       0 1
729 72545430 72545430       0 1
730 72545430 72545430       0 1
731 72545430 72546675    1245 1
732 72546675 72574447   27772 1
733 72574447 72574447       0 1
734 72574447 72574447       0 1
735 72574447 72576960    2513 1
736 72576960 72576960       0 1
737 72576960 72580867    3907 1
738 72580867 72580867       0 1
739 72580867 72580867       0 1
740 72580867 72580867       0 1
741 72580867 72581593     726 1
742 72581593 72581593       0 1
743 72581593 72581593       0 1
744 72581593 72581593       0 1
745 72581593 72581593       0 1
746 72581593 72585626    4033 1
747 72585626 72585626       0 1
748 72585626 72585626       0 1
749 72585626 72585626       0 1
750 72585626 72590369    4743 1
751 72590369 72598723    8354 1
752 72598723 72598723       0 1
753 72598723 72622275   23552 1
754 72623795 73778168 1154373 2
755 73779688 73803179   23491 1
756 73804699 74785299  980600 2
757 74786819 74810856   24037 1
758 74826160 74833481    7321 1
759 74833481 74852588   19107 1
760 74852588 74852588       0 1
761 74852588 74878439   25851 1
762 74878439 74880839    2400 1
763 74882359 75354046  471687 2
764 75355566 75379693   24127 1
765 75381213 75859614  478401 2
766 75951928 76012108   60180 2
767 76012108 76012109       1 2
768 76012109 76041938   29829 2
769 76088115 76211170  123055 2
770 76211170 76224318   13148 2
771 76224318 76325445  101127 2
772 76325445 76325446       1 2
773 76332749 76609344  276595 2
774 76609344 76609345       1 2
775 76609345 76652826   43481 2
776 76652826 76667467   14641 2
777 76667467 76680445   12978 2
778 76695110 76757485   62375 2
779 76757485 76757486       1 2
780 76762410 76945975  183565 4
781 76945975 76945975       0 2
782 76945975 76959971   13996 4
783 76959971 76959971       0 2
784 76959971 76959972       1 2
785 77042640 77092777   50137 2
786 77092777 77117913   25136 2
787 77117913 77131922   14009 2
788 77132198 77174057   41859 2
789 77182972 77241485   58513 2
790 77241485 77269718   28233 2
791 77269718 77269718       0 2
792 77269718 77286664   16946 2
793 77286664 77299823   13159 2
794 77299823 77348571   48748 2
795 77348571 77394135   45564 2
796 77394135 77394135       0 2
797 77394135 77394135       0 2
798 77394135 77406436   12301 2
799 77406436 77406436       0 2
800 77406436 77434269   27833 4
801 77434269 77434269       0 2
802 77434269 77434269       0 2
803 77434269 77434269       0 2
804 77434269 77445513   11244 2
805 77445513 77448214    2701 2
806 77539568 77558273   18705 2
807 77558273 77558273       0 2
808 77558273 77558273       0 2
809 77558273 77581956   23683 2
810 77583476 77734085  150609 2
811 77735605 77760225   24620 2
812 77802669 77811562    8893 2
813 77811562 77836289   24727 2
814 77836289 77836289       0 2
815 77836289 77836289       0 2
816 77836289 77836289       0 2
817 77836289 77845248    8959 2
818 77845248 77846564    1316 2
819 77846564 77846564       0 2
820 77846564 77846564       0 2
821 77846564 77846564       0 2
822 77846564 77846564       0 2
823 77846564 77846564       0 2
824 77846564 77846564       0 2
825 77846564 77846659      95 2
826 77846659 77869489   22830 2
827 77900086 77999811   99725 4
828 77999811 77999811       0 1
829 77999811 78003359    3548 1
830 78003359 78025447   22088 1
831 78025447 78028308    2861 1
832 78060781 78067117    6336 1
833 78067117 78088938   21821 1
834 78088938 78103546   14608 1
835 78103546 78109733    6187 1
836 78109733 78133242   23509 1
837 78133242 78151498   18256 1
838 78151498 78176122   24624 1
839 78176122 78201852   25730 1
840 78203372 78332427  129055 2
841 78333947 78525922  191975 1
842 78525922 78548365   22443 1
843 78548365 78550844    2479 1
844 78550844 78550844       0 1
845 78550844 78570746   19902 1
846 78570746 78580273    9527 1
847 78580273 78580273       0 1
848 78580273 78580273       0 1
849 78580273 78586973    6700 1
850 78586973 78595401    8428 1
851 78595401 78607461   12060 1
852 78607461 78631958   24497 1
853 78631958 78631958       0 1
854 78631958 78633110    1152 1
855 78634630 79256549  621919 2
856 79258069 79278860   20791 1
857 79280380 79761357  480977 2
858 79762877 79784505   21628 1
859 79784505 79806573   22068 1
860 79808093 80158420  350327 2
861 80159940 80163800    3860 1
862 80163800 80239097   75297 1
863 80239097 80246705    7608 1
864 80246705 80260470   13765 1
865 80261990 80436974  174984 2
866 80438494 80462091   23597 1
867 80463611 80672419  208808 2
868 80673939 80678660    4721 1
869 80678660 80702972   24312 1
870 80729471 80734562    5091 1
871 80734562 80757814   23252 1
872 80757814 80758392     578 1
873 80759912 81901758 1141846 2
874 82608122 82734719  126597 4
875 82734719 82734719       0 2
876 82734719 82734719       0 2
877 82734719 82736324    1605 2
878 82736324 82824410   88086 2
879 82824410 83025305  200895 2
880 83025305 83030631    5326 2
881 83030631 83061204   30573 2
882 83061204 83061204       0 2
883 83061204 83064221    3017 2
884 83064221 83419411  355190 4
885 83500470 83749451  248981 4
886 83749451 83749451       0 2
887 83749451 83749452       1 2
888 83749452 83753632    4180 2
889 83755152 83872624  117472 2
890 83874144 84005216  131072 4
891 84005216 84005217       1 1
892 84005217 84048019   42802 1
893 84048019 84048019       0 1
894 84048019 84054096    6077 1
895 84054096 84078275   24179 1
896 84079795 84426502  346707 2
897 84428022 84473120   45098 1
898 84473120 84473120       0 1
899 84473120 84476462    3342 1
900 84517425 84548572   31147 1
901 84550092 84692354  142262 2
902 84693874 84697175    3301 1
903 84697175 84720880   23705 1
904 84722400 85252841  530441 2
905 85254362 85272992   18630 1
906 85274512 85393387  118875 2
907 85394907 85415706   20799 1
908 85490795 85513372   22577 1
909 85514892 85711214  196322 2
910 85712734 85723571   10837 1
911 85723571 85723571       0 1
912 85723571 85725861    2290 1
913 85725861 85739924   14063 1
914 85739924 85739924       0 1
915 85739924 85739924       0 1
916 85739924 85739924       0 1
917 85739924 85739924       0 1
918 85739924 85739925       1 1
919 85739925 85766984   27059 1
920 85768504 86041087  272583 2
921 86042607 86043091     484 1
922 86043091 86069677   26586 1
923 86069677 86075727    6050 1
924 86077247 86221014  143767 2
925 86222535 86245053   22518 1
926 86301723 86334429   32706 1
927 86334429 86334430       1 1