   0   438649  1240388  801739 4
   1  1241908  1394515  152607 2
   2  1396035  1439563   43528 4
   3  1439563  1439563       0 1
   4  1439563  1439563       0 1
   5  1439563  1439563       0 1
   6  1439563  1441204    1641 1
   7  1441204  1441204       0 1
   8  1441204  1443575    2371 1
   9  1443575  1443576       1 1
  10  1443576  1449972    6396 1
  11  1449972  1451889    1917 1
  12  1451889  1451889       0 1
  13  1451889  1456810    4921 1
  14  1456810  1456810       0 1
  15  1456810  1456810       0 1
  16  1456810  1465821    9011 1
  17  1550086  1563964   13878 1
  18  1563964  1566184    2220 1
  19  1566184  1566184       0 1
  20  1566184  1568111    1927 1
  21  1568111  1590680   22569 1
  22  1590680  1590680       0 1
  23  1590680  1590680       0 1
  24  1590680  1590680       0 1
  25  1590680  1590680       0 1
  26  1590680  1600575    9895 1
  27  1600575  1606634    6059 1
  28  1606634  1606634       0 1
  29  1606634  1606851     217 1
  30  1606851  1630337   23486 1
  31  1630337  1638914    8577 1
  32  1638914  1638915       1 1
  33  1638915  1638915       0 1
  34  1638915  1638915       0 1
  35  1638915  1639633     718 1
  36  1639633  1661926   22293 4
  37  1661926  1661926       0 1
  38  1661926  1661926       0 1
  39  1661926  1661926       0 1
  40  1661926  1661926       0 1
  41  1661926  1661926       0 1
  42  1661926  1667375    5449 1
  43  1667375  1667375       0 1
  44  1667375  1673560    6185 1
  45  1673560  1673560       0 1
  46  1673560  1674725    1165 1
  47  1674725  1674725       0 1
  48  1674725  1676971    2246 1
  49  1676971  1676972       1 1
  50  1676972  1680355    3383 1
  51  1680355  1680355       0 1
  52  1680355  1680355       0 1
  53  1680355  1695321   14966 1
  54  1695321  1695712     391 1
  55  1712839  1730898   18059 1
  56  1730898  1730898       0 1
  57  1730898  1753397   22499 1
  58  1753397  1753397       0 1
  59  1753397  1757052    3655 1
  60  1757052  1757052       0 1
  61  1757052  1766723    9671 1
  62  1766723  1768426    1703 1
  63  1768426  1791386   22960 1
  64  1798917  1822729   23812 1
  65  1822729  1836546   13817 1
  66  1836546  1837403     857 1
  67  1837403  1841203    3800 1
  68  1841203  1868064   26861 1
  69  1869584  2168742  299158 2
  70  2170262  2200986   30724 1
  71  2202809  2219786   16977 1
  72  2219786  2246716   26930 1
  73  2248236  2395983  147747 2
  74  2397503  2433554   36051 1
  75  2435074  2550571  115497 2
  76  2552091  2553030     939 1
  77  2553030  2576063   23033 1
  78  2576063  2576063       0 1
  79  2576063  2601551   25488 1
  80  2601551  2606008    4457 1
  81  2607528  3156003  548475 2
  82  3157523  3160924    3401 1
  83  3160924  3184483   23559 1
  84  3189736  3209911   20175 1
  85  3211431  3460275  248844 2
  86  3461795  3489635   27840 1
  87  3489635  3580563   90928 1
  88  3580563  3588475    7912 1
  89  3588475  3611919   23444 1
  90  3611919  3665393   53474 1
  91  3689792  3699381    9589 1
  92  3699381  3699381       0 1
  93  3699381  3722808   23427 1
  94  3724328  4544579  820251 2
  95  4546099  5199586  653487 1
  96  5201106  5775972  574866 2
  97  6036643  6046677   10034 2
  98  6046677  6046677       0 2
  99  6046677  6069764   23087 2
 100  6071284  6405687  334403 2
 101  6407207  6430039   22832 2
 102  6430039  6430039       0 2
 103  6430039  6430039       0 2
 104  6430039  6439054    9015 2
 105  6439054  6439054       0 2
 106  6439054  6440477    1423 2
 107  6440477  6440477       0 2
 108  6440477  6443663    3186 2
 109  6443663  6463172   19509 2
 110  6463172  6463172       0 2
 111  6463172  6463172       0 2
 112  6463172  6463172       0 2
 113  6463172  6463173       1 2
 114  6471460  6475533    4073 2
 115  6475533  6497797   22264 2
 116  6499317  7198617  699300 2
 117  7200137  7230070   29933 2
 118  7230070  7230070       0 2
 119  7230070  7230070       0 2
 120  7230070  7237952    7882 2
 121  7237952  7264694   26742 2
 122  7267951  7308843   40892 2
 123  7310363  7443603  133240 2
 124  7445123  7462802   17679 2
 125  7462802  7488892   26090 2
 126  7489348  7504453   15105 2
 127  7504453  7527451   22998 2
 128  7527451  7540385   12934 2
 129  7540385  7540385       0 2
 130  7540385  7543831    3446 2
 131  7543831  7555918   12087 2
 132  7555918  7561361    5443 4
 133  7561361  7623067   61706 4
 134  7623067  7623067       0 2
 135  7623067  7623068       1 2
 136  7623068  7623068       0 2
 137  7623068  7623068       0 2
 138  7623068  7631762    8694 2
 139  7631762  7636145    4383 2
 140  7636145  7636145       0 2
 141  7636145  7636145       0 2
 142  7636145  7636145       0 2
 143  7636145  7636145       0 2
 144  7636145  7636145       0 2
 145  7636145  7646083    9938 2
 146  7646083  7668888   22805 2
 147  7668888  7669981    1093 2
 148  7675987  7698688   22701 2
 149  7698688  7698688       0 2
 150  7698688  7698688       0 2
 151  7698688  7714000   15312 2
 152  7714000  7714000       0 2
 153  7714000  7723503    9503 2
 154  7723503  7726954    3451 2
 155  7726954  7749457   22503 2
 156  7749457  7750314     857 2
 157  7750314  7768431   18117 2
 158  7768431  7768431       0 2
 159  7768431  7768431       0 2
 160  7768431  7768431       0 2
 161  7768431  7768431       0 2
 162  7768431  7768431       0 2
 163  7768431  7781398   12967 2
 164  7781398  7781398       0 2
 165  7781398  7781398       0 2
 166  7781398  7781879     481 2
 167  7781879  7784466    2587 2
 168  7784466  7799872   15406 2
 169  7799872  7799872       0 2
 170  7799872  7799872       0 2
 171  7799872  7799873       1 2
 172  7799873  7799873       0 2
 173  7799873  7799930      57 2
 174  7799930  7802945    3015 2
 175  7802945  7826630   23685 2
 176  7826630  7826631       1 2
 177  7826631  7831657    5026 2
 178  7831657  7831658       1 2
 179  7831658  7831658       0 1
 180  7831658  7853932   22274 1
 181  7853932  7864034   10102 1
 182  7865554  8213404  347850 2
 183  8214924  8514302  299378 1
 184  8514302  8520521    6219 1
 185  8522041  8621960   99919 2
 186  8623480  8724759  101279 1
 187  8724759  8840445  115686 1
 188  8840445  8840445       0 1
 189  8840445  8840445       0 1
 190  8840445  8861593   21148 1
 191  8861593  8870988    9395 1
 192  8870988  8886207   15219 1
 193  8886207  8914139   27932 1
 194  8915659  9029635  113976 2
 195  9031155  9042553   11398 1
 196  9042553  9042553       0 1
 197  9042553  9065705   23152 1
 198  9129992  9153014   23022 1
 199  9153014  9159202    6188 1
 200  9159202  9224128   64926 1
 201  9224128  9224128       0 1
 202  9224128  9224128       0 1
 203  9224128  9224128       0 1
 204  9224128  9224128       0 1
 205  9224128  9250381   26253 1
 206  9250381  9250381       0 1
 207  9250381  9250613     232 1
 208  9250613  9250613       0 1
 209  9250613  9254850    4237 1
 210  9254850  9262546    7696 1
 211  9262546  9285539   22993 1
 212  9285539  9285539       0 1
 213  9285539  9300863   15324 1
 214  9344201  9358088   13887 1
 215  9358088  9362263    4175 1
 216  9362263  9377276   15013 1
 217  9377276  9386081    8805 1
 218  9386081  9387076     995 1
 219  9387076  9410267   23191 1
 220  9410267  9411583    1316 1
 221  9411583  9411583       0 1
 222  9411583  9420663    9080 1
 223  9420663  9420664       1 1
 224  9495696  9513957   18261 1
 225  9513957  9513957       0 1
 226  9513957  9539104   25147 1
 227  9572944  9588751   15807 1
 228  9588751  9592810    4059 1
 229  9592810  9593253     443 1
 230  9593253  9625324   32071 1
 231  9625324  9625324       0 1
 232  9625324  9625325       1 1
 233  9626845  9818614  191769 2
 234  9820134  9883324   63190 1
 235  9883324  9914401   31077 1
 236  9915921 10578873  662952 2
 237 10580393 10583908    3515 1
 238 10583908 10607727   23819 1
 239 10607727 11160650  552923 1
 240 11162170 11400127  237957 2
 241 11401647 11407366    5719 1
 242 11407366 11424087   16721 1
 243 11424087 11431138    7051 1
 244 11432399 11435140    2741 1
 245 11435140 11460378   25238 1
 246 11461898 11587370  125472 2
 247 11588890 11593559    4669 1
 248 11593559 11623298   29739 1
 249 11623298 11623298       0 1
 250 11623298 11623298       0 1
 251 11623298 11629880    6582 1
 252 11631400 11745795  114395 2
 253 11747315 12006997  259682 1
 254 12006997 12089957   82960 2
 255 12089957 12170198   80241 2
 256 12170198 12417871  247673 2
 257 12417871 12417872       1 2
 258 12435152 12460524   25372 2
 259 12460524 12507554   47030 2
 260 12509074 12609693  100619 2
 261 12611213 12658222   47009 2
 262 12659742 12773788  114046 2
 263 12775308 12811132   35824 2
 264 12811132 12852677   41545 2
 265 12852677 12860755    8078 2
 266 12860755 12860755       0 2
 267 12860755 12885325   24570 2
 268 12901855 12928316   26461 2
 269 12928316 12937336    9020 2
 270 12937336 12955767   18431 2
 271 12955767 12982195   26428 2
 272 12983715 13270097  286382 2
 273 13271617 13456459  184842 2
 274 13456459 13552073   95614 4
 275 13552073 13552074       1 2
 276 13630925 13653368   22443 2
 277 13653368 13654270     902 2
 278 13654270 13655178     908 2
 279 13655178 13655591     413 2
 280 13655591 13656988    1397 2
 281 13656988 13663053    6065 2
 282 13663053 13663053       0 2
 283 13663053 13663053       0 2
 284 13663053 13685973   22920 2
 285 13685973 13690725    4752 2
 286 13690725 13702405   11680 2
 287 13702405 13764813   62408 4
 288 13764813 13764813       0 2
 289 13764813 13764813       0 2
 290 13764813 13764813       0 2
 291 13764813 13804552   39739 2
 292 13804552 13804552       0 2
 293 13804552 13804552       0 2
 294 13804552 13829729   25177 2
 295 13829729 13829729       0 2
 296 13829729 13829730       1 2
 297 13829730 13835202    5472 2
 298 13836722 14156563  319841 2
 299 14158083 14159615    1532 1
 300 14159615 14181911   22296 1
 301 14181911 14181911       0 1
 302 14181911 14198997   17086 1
 303 14198997 14221736   22739 1
 304 14228807 14230009    1202 1
 305 14230009 14230009       0 1
 306 14230009 14232049    2040 1
 307 14232049 14232049       0 1
 308 14232049 14232476     427 1
 309 14232476 14254836   22360 1
 310 14254836 14256073    1237 1
 311 14256073 14258724    2651 1
 312 14258724 14258724       0 1
 313 14258724 14258724       0 1
 314 14258724 14258724       0 1
 315 14258724 14271638   12914 1
 316 14271638 14271638       0 1
 317 14271638 14271638       0 1
 318 14271638 14271639       1 1
 319 14271639 14274721    3082 1
 320 14276241 14641731  365490 2
 321 14643251 14784043  140792 1
 322 14784043 15023966  239923 1
 323 15023966 15222283  198317 1
 324 15222283 15222283       0 1
 325 15222283 15241150   18867 1
 326 15242670 15359450  116780 2
 327 15360970 15373431   12461 1
 328 15373431 15373431       0 1
 329 15373431 15376391    2960 1
 330 15376391 15398173   21782 1
 331 15398173 15398173       0 1
 332 15398173 15428689   30516 1
 333 15430209 16651043 1220834 2
 334 16652562 17115007  462445 1
 335 17115007 17115007       0 1
 336 17115007 17148999   33992 1
 337 17218782 17275220   56438 1
 338 17275220 17298313   23093 1
 339 17298313 17298314       1 1
 340 17311701 17325128   13427 1
 341 17325128 17325128       0 1
 342 17325128 17351283   26155 1
 343 17352803 17860238  507435 2
 344 18821614 19039878  218264 2
 345 19039878 19359522  319644 2
 346 19359522 19359522       0 2
 347 19359522 19753109  393587 4
 348 19753109 19753110       1 2
 349 19803817 20226887  423070 4
 350 20226887 20226887       0 1
 351 20226887 20226887       0 1
 352 20226887 20226887       0 1
 353 20226887 20229339    2452 1
 354 20231813 20245556   13743 1
 355 20247076 20668125  421049 2
 356 20669645 20766036   96391 1
 357 20766036 20880378  114342 1
 358 20880378 20880379       1 1
 359 20917396 20977363   59967 1
 360 20977363 20981817    4454 1
 361 20981817 21070675   88858 1
 362 21072195 21868624  796429 2
 363 21870144 21892736   22592 1
 364 21894256 22690450  796194 2
 365 22691970 23093989  402019 1
 366 23093989 23133593   39604 1
 367 23133593 23175391   41798 1
 368 23175391 23196895   21504 1
 369 23196895 23301188  104293 1
 370 23301188 23301188       0 1
 371 23301188 23310441    9253 1
 372 23310441 23334100   23659 1
 373 23334100 23334100       0 1
 374 23334100 23334100       0 1
 375 23334100 23355726   21626 1
 376 23357246 23902373  545127 2
 377 25314964 25607057  292093 4
 378 25607057 25607057       0 2
 379 25607057 25607057       0 2
 380 25607057 25607057       0 2
 381 25607057 25607057       0 2
 382 25607057 25607057       0 2
 383 25607057 25620601   13544 2
 384 25622121 25861946  239825 2
 385 25863466 26201960  338494 4
 386 26201960 26201960       0 1
 387 26201960 26201960       0 1
 388 26201960 26201960       0 1
 389 26201960 26201960       0 1
 390 26201960 26201960       0 1
 391 26201960 26201960       0 1
 392 26201960 26201960       0 1
 393 26201960 26211091    9131 1
 394 26211091 26218606    7515 1
 395 26218606 26218606       0 1
 396 26218606 26222024    3418 1
 397 26222024 26243697   21673 1
 398 26243697 26247104    3407 1
 399 26247104 26250362    3258 1
 400 26250362 26250362       0 1
 401 26250362 26258732    8370 1
 402 26258732 26264901    6169 1
 403 26264901 26288228   23327 1
 404 26288228 26288228       0 1
 405 26288228 26288228       0 1
 406 26288228 26288228       0 1
 407 26288228 26297264    9036 1
 408 26297264 26297265       1 1
 409 26297265 26299435    2170 1
 410 26299435 26300488    1053 1
 411 26300488 26300488       0 1
 412 26300488 26303308    2820 1
 413 26303308 26310474    7166 1
 414 26310474 26312171    1697 1
 415 26312171 26313556    1385 1
 416 26313556 26314716    1160 1
 417 26314716 26315422     706 1
 418 26315422 26315422       0 1
 419 26315422 26315422       0 1
 420 26315422 26324430    9008 1
 421 26324430 26324430       0 1
 422 26324430 26325135     705 1
 423 26325135 26350040   24905 1
 424 26394871 26397721    2850 1
 425 26397721 26419923   22202 1
 426 26419923 26427740    7817 1
 427 26432695 26457618   24923 1
 428 26459138 26707265  248127 2
 429 26708785 26799179   90394 1
 430 26799179 26822457   23278 1
 431 26822457 26842861   20404 1
 432 26861994 26905611   43617 1
 433 26905611 26937184   31573 4
 434 26951969 27082111  130142 1
 435 27082111 27082111       0 1
 436 27082111 27082111       0 1
 437 27082111 27100630   18519 1
 438 27100630 27285327  184697 1
 439 27285327 27392311  106984 1
 440 27395173 27455749   60576 1
 441 27455749 27493174   37425 1
 442 27493174 27599747  106573 1
 443 27599747 27617387   17640 1
 444 27617387 27641046   23659 1
 445 27711784 27729176   17392 1
 446 27729176 27756573   27397 1
 447 27756573 27875896  119323 1
 448 27875896 27875897       1 1
 449 27877417 28774561  897144 2
 450 28776081 28776697     616 1
 451 28776697 28803565   26868 1
 452 28803565 28811023    7458 1
 453 28812543 29061897  249354 2
 454 29063417 29111079   47662 1
 455 29111079 29152158   41079 1
 456 29153678 29325694  172016 2
 457 29327214 29328043     829 1
 458 29328043 29353335   25292 1
 459 29353335 29361930    8595 1
 460 29363450 29944502  581052 2
 461 30928491 30957592   29101 2
 462 30957592 30983630   26038 2
 463 30985150 31356668  371518 2
 464 31358188 31541691  183503 4
 465 31541691 31541691       0 2
 466 31541691 31541691       0 2
 467 31541691 31541691       0 2
 468 31541691 31541691       0 2
 469 31541691 31541691       0 2
 470 31541691 31541691       0 2
 471 31541691 31541692       1 2
 472 31573528 31596047   22519 2
 473 31618790 31640260   21470 2
 474 31640260 31663101   22841 2
 475 31675370 31704395   29025 2
 476 31704395 31708477    4082 2
 477 31708477 31730785   22308 2
 478 31730785 31733015    2230 2
 479 31774525 31823781   49256 2
 480 31823781 31823781       0 2
 481 31823781 31853618   29837 2
 482 31895095 31990125   95030 4
 483 31990125 31990126       1 2
 484 31991646 32152655  161009 2
 485 32154175 32155800    1625 1
 486 32155800 32168893   13093 1
 487 32168893 32177680    8787 1
 488 32177680 32177680       0 1
 489 32177680 32177680       0 1
 490 32177680 32200404   22724 1
 491 32200404 32216607   16203 1
 492 32216607 32240667   24060 1
 493 32267604 32297929   30325 1
 494 32297929 32321472   23543 1
 495 32321472 32327081    5609 1
 496 32348140 32383771   35631 1
 497 32383771 32409082   25311 1
 498 32420795 32455011   34216 1
 499 32455011 32479262   24251 1
 500 32479262 32501627   22365 1
 501 32516259 32533885   17626 1
 502 32533885 32776495  242610 4
 503 32776495 32776496       1 1
 504 32776496 32810305   33809 1
 505 32810305 32830139   19834 1
 506 32830139 32878899   48760 1
 507 32878899 32948171   69272 1
 508 32948171 32948171       0 1
 509 32948171 32948171       0 1
 510 32948171 32956838    8667 1
 511 32956838 32956838       0 1
 512 32956838 32958653    1815 1
 513 32958653 32985869   27216 1
 514 32985869 33000095   14226 1
 515 33000095 33006480    6385 1
 516 33006480 33006480       0 1
 517 33006480 33006480       0 1
 518 33006480 33006480       0 1
 519 33006480 33010109    3629 1
 520 33010109 33010109       0 1
 521 33010109 33010109       0 1
 522 33010109 33010109       0 1
 523 33010109 33010109       0 1
 524 33010109 33010109       0 1
 525 33010109 33032138   22029 1
 526 33032138 33041985    9847 1
 527 33041985 33055282   13297 1
 528 33082171 33085766    3595 1
 529 33085766 33190036  104270 1
 530 33269076 33458787  189711 1
 531 33458787 33586618  127831 1
 532 33586618 33586618       0 1
 533 33586618 33720459  133841 1
 534 33720459 33909265  188806 1
 535 33909265 34003755   94490 1
 536 34005275 34541738  536463 2
 537 34543258 34566038   22780 1
 538 34567558 34834068  266510 2
 539 34835588 34908621   73033 1
 540 34908621 34940310   31689 1
 541 35009197 35023312   14115 1
 542 35023312 35093060   69748 1
 543 35093060 35093060       0 1
 544 35093060 35342721  249661 1
 545 35342721 35342721       0 1
 546 35342721 35365855   23134 1
 547 35367375 35986636  619261 2
 548 36322126 36345915   23789 2
 549 36402102 36415086   12984 2
 550 36415086 36415086       0 2
 551 36415086 36442038   26952 2
 552 36489025 36503378   14353 2
 553 36504898 36652901  148003 2
 554 36654421 36664234    9813 2
 555 36664234 36685261   21027 2
 556 36686781 37514070  827289 2
 557 37515590 37603812   88222 4
 558 37603812 37603812       0 2
 559 37603812 37615807   11995 2
 560 37652983 37664229   11246 2
 561 37664229 37906242  242013 2
 562 37906242 37956128   49886 4
 563 37956128 37956128       0 2
 564 37956128 37956129       1 2
 565 37956129 37967597   11468 2
 566 37967597 37989861   22264 2
 567 37989861 37994296    4435 2
 568 37995816 38123335  127519 2
 569 38124855 38130624    5769 1
 570 38130624 38168746   38122 1
 571 38168746 38173375    4629 1
 572 38177119 38202130   25011 1
 573 38213988 38218194    4206 1
 574 38218194 38218194       0 1
 575 38218194 38240165   21971 1
 576 38240165 38240165       0 1
 577 38240165 38240165       0 1
 578 38240165 38240165       0 1
 579 38240165 38240165       0 1
 580 38240165 38240165       0 1
 581 38240165 38240165       0 1
 582 38240165 38240165       0 1
 583 38240165 38240165       0 1
 584 38240165 38240165       0 1
 585 38240165 38240165       0 1
 586 38240165 38242935    2770 1
 587 38242935 38242935       0 1
 588 38242935 38242935       0 1
 589 38242935 38242935       0 1
 590 38242935 38242935       0 1
 591 38242935 38242935       0 1
 592 38242935 38242935       0 1
 593 38242935 38242935       0 1
 594 38242935 38242935       0 1
 595 38242935 38242935       0 1
 596 38242935 38242935       0 1
 597 38242935 38242935       0 1
 598 38242935 38242935       0 1
 599 38242935 38242935       0 1
 600 38242935 38242935       0 1
 601 38242935 38242935       0 1
 602 38242935 38242935       0 1
 603 38242935 38243660     725 1
 604 38243660 38244129     469 1
 605 38244129 38244129       0 1
 606 38244129 38245724    1595 1
 607 38245724 38246349     625 1
 608 38246349 38247995    1646 1
 609 38247995 38248447     452 1
 610 38248447 38259772   11325 1
 611 38259772 38259772       0 1
 612 38259772 38259772       0 1
 613 38259772 38259772       0 1
 614 38259772 38281732   21960 1
 615 38283252 38428066  144814 2
 616 38429586 38434009    4423 1
 617 38434009 38440471    6462 1
 618 38440471 38440471       0 1
 619 38440471 38463167   22696 1
 620 38463167 38469630    6463 1
 621 38469630 38469630       0 1
 622 38469630 38474817    5187 1
 623 38474817 38474817       0 1
 624 38474817 38474817       0 1
 625 38474817 38474817       0 1
 626 38474817 38474817       0 1
 627 38474817 38474817       0 1
 628 38474817 38474817       0 1
 629 38474817 38474817       0 1
 630 38474817 38474817       0 1
 631 38474817 38474817       0 1
 632 38474817 38489803   14986 1
 633 38489803 38489804       1 1
 634 38489804 38489804       0 1
 635 38489804 38504497   14693 1
 636 38504497 38504497       0 1
 637 38504497 38504497       0 1
 638 38504497 38504497       0 1
 639 38504497 38504497       0 1
 640 38504497 38504497       0 1
 641 38504497 38510813    6316 1
 642 38510813 38510813       0 1
 643 38510813 38510813       0 1
 644 38510813 38510813       0 1
 645 38510813 38510813       0 1
 646 38510813 38546358   35545 4
 647 38546358 38546359       1 1
 648 38576455 38580695    4240 1
 649 38668996 38685620   16624 1
 650 38685620 38685620       0 1
 651 38685620 38685620       0 1
 652 38685620 38697289   11669 1
 653 38697289 38697289       0 1
 654 38697289 38723243   25954 1
 655 38723243 38733049    9806 1
 656 38733049 38733049       0 1
 657 38733049 38733049       0 1
 658 38733049 38733049       0 1
 659 38733049 38733049       0 1
 660 38733049 38748375   15326 1
 661 38748375 38748376       1 1
 662 38748376 38748376       0 1
 663 38748376 38755563    7187 1
 664 38758594 38761486    2892 1
 665 38761486 38775104   13618 1
 666 38775104 38775104       0 1
 667 38775104 38794537   19433 1
 668 38794537 38813383   18846 1
 669 38813383 38834636   21253 1
 670 38834636 38834636       0 1
 671 38834636 38899347   64711 4
 672 38899347 38899348       1 1
 673 38945732 38946119     387 1
 674 38946119 38970617   24498 1
 675 38982154 38986956    4802 1
 676 38986956 39003828   16872 1
 677 39003828 39029662   25834 1
 678 39029662 39029662       0 1
 679 39029662 39035838    6176 1
 680 39037853 39113146   75293 1
 681 39113146 39146533   33387 1
 682 39148053 39256974  108921 2
 683 39258494 39391004  132510 1
 684 39391004 39427178   36174 1
 685 39434728 39519534   84806 1
 686 39519534 39567133   47599 1
 687 39567133 39613830   46697 1
 688 39615351 40659094 1043743 2
 689 40660614 40683584   22970 1
 690 40685104 41055270  370166 2
 691 41056790 41061613    4823 1
 692 41061613 41105044   43431 1
 693 41105044 41321420  216376 1
 694 41321420 41322138     718 1
 695 41322138 41324776    2638 1
 696 41324776 41324776       0 1
 697 41324776 41325230     454 1
 698 41325230 41349439   24209 1
 699 41349439 41352406    2967 1
 700 41352406 41352932     526 1
 701 41352932 41352932       0 1
 702 41352932 41352933       1 1
 703 41352933 41352933       0 1
 704 41352933 41354780    1847 1
 705 41354780 41359229    4449 1
 706 41360749 41906573  545824 2
 707 41908093 42001704   93611 1
 708 42194167 42213278   19111 2
 709 42214798 42314175   99377 2
 710 42315695 42371871   56176 2
 711 42373391 42504664  131273 2
 712 42506184 42525116   18932 2
 713 42525116 42525116       0 2
 714 42525116 42537924   12808 2
 715 42537924 42537924       0 2
 716 42537924 42541123    3199 2
 717 42541123 42562194   21071 2
 718 42563714 42802206  238492 2
 719 42803726 42827773   24047 2
 720 42829293 43432330  603037 2
 721 43433850 43444231   10381 2
 722 43444231 43444430     199 2
 723 43444430 43478562   34132 2
 724 43478562 43478563       1 2
 725 43518644 43637533  118889 2
 726 43671729 43809158  137429 2
 727 43809158 43899001   89843 4
 728 43899001 43951187   52186 4
 729 43951187 43951187       0 2
 730 43951187 43951187       0 2
 731 43951187 43951187       0 2
 732 43951187 43951187       0 2
 733 43951187 43951187       0 2
 734 43951187 43960232    9045 2
 735 43960232 43960232       0 2
 736 43960232 43960232       0 2
 737 43960232 43960232       0 2
 738 43960232 43972065   11833 2
 739 43972065 43972980     915 2
 740 43972980 43972981       1 2
 741 43972981 43972981       0 2
 742 43972981 43977357    4376 2
 743 43977357 43984949    7592 2
 744 43984949 43984950       1 2
 745 43990538 44009462   18924 2
 746 44009462 44046490   37028 2
 747 44046490 44046490       0 2
 748 44046490 44052142    5652 2
 749 44052142 44072890   20748 2
 750 44072890 44076012    3122 2
 751 44076012 44084259    8247 2
 752 44084259 44084259       0 1
 753 44084259 44088414    4155 1
 754 44088414 44094545    6131 1
 755 44094545 44110919   16374 1
 756 44110919 44110919       0 1
 757 44110919 44132954   22035 1
 758 44132954 44134226    1272 1
 759 44134226 44134226       0 1
 760 44134226 44134226       0 1
 761 44134226 44139319    5093 1
 762 44139319 44153141   13822 1
 763 44153393 44177898   24505 1
 764 44192282 44196755    4473 1
 765 44196755 44200664    3909 1
 766 44200664 44200697      33 1
 767 44200697 44202221    1524 1
 768 44202221 44210020    7799 1
 769 44210020 44210020       0 1
 770 44210020 44210020       0 1
 771 44210020 44210020       0 1
 772 44210020 44210020       0 1
 773 44210020 44210020       0 1
 774 44210020 44210020       0 1
 775 44210020 44210020       0 1
 776 44210020 44210020       0 1
 777 44210020 44210020       0 1
 778 44210020 44210020       0 1
 779 44210020 44210020       0 1
 780 44210020 44211178    1158 1
 781 44211178 44211592     414 1
 782 44211592 44211592       0 1
 783 44211592 44235471   23879 1
 784 44235471 44235472       1 1
 785 44235472 44239749    4277 1
 786 44239749 44239749       0 1
 787 44239749 44239749       0 1
 788 44239749 44239750       1 1
 789 44239750 44239750       0 1
 790 44239750 44239750       0 1
 791 44239750 44239750       0 1
 792 44239750 44239750       0 1
 793 44239750 44239750       0 1
 794 44239750 44239750       0 1
 795 44239750 44239750       0 1
 796 44239750 44239750       0 1
 797 44239750 44239750       0 1
 798 44239750 44239750       0 1
 799 44239750 44239750       0 1
 800 44239750 44239750       0 1
 801 44239750 44257074   17324 1
 802 44257074 44257836     762 1
 803 44257836 44258745     909 1
 804 44258745 44258746       1 1
 805 44278483 44292550   14067 1
 806 44292550 44294992    2442 1
 807 44294992 44298186    3194 1
 808 44298186 44299900    1714 1
 809 44299900 44326007   26107 1
 810 44326007 44331433    5426 1
 811 44331433 44341413    9980 1
 812 44341413 44341414       1 1
 813 44341414 44341414       0 1
 814 44341414 44341414       0 1
 815 44341414 44348140    6726 1
 816 44348140 44372235   24095 1
 817 44373755 44671456  297701 2
 818 44672976 44781175  108199 4
 819 44781175 45093493  312318 4
 820 45093493 45093494       1 1
 821 45093494 45105576   12082 1
 822 45107096 45796110  689014 2
 823 45797630 45910202  112572 1
 824 45911722 46750503  838781 2
 825 46752023 46753677    1654 1
 826 46753677 46779603   25926 1
 827 46787354 46812010   24656 1
 828 46812010 46816449    4439 1
 829 46816449 46816449       0 1
 830 46816449 46816449       0 1
 831 46816449 46816449       0 1
 832 46816449 46816449       0 1
 833 46816449 46816449       0 1
 834 46816449 46829525   13076 1
 835 46829525 46853110   23585 1
 836 46887237 46888249    1012 1
 837 46888249 46897484    9235 1
 838 46897484 46907553   10069 1
 839 46907553 46914740    7187 1
 840 46914740 46939506   24766 1
 841 46939506 46940123     617 1
 842 46940123 46986093   45970 1
 843 46986093 46986094       1 1
 844 46987243 46993615    6372 1
 845 46993615 47017955   24340 1
 846 47019475 47300574  281099 2
 847 47302094 47343824   41730 1
 848 47345344 47456587  111243 2
 849 47458107 47458735     628 1
 850 47458735 47568708  109973 1
 851 47576779 47583164    6385 1
 852 47583164 47609261   26097 1
 853 47610781 47986945  376164 2
 854 47988465 47989390     925 1
 855 47989390 48014609   25219 1
 856 48014609 48017265    2656 1
 857 48040925 48052961   12036 1
 858 48052961 48074858   21897 1
 859 48074858 48074858       0 1
 860 48074858 48077108    2250 2
 861 48077108 48100497   23389 2
 862 48102017 48437914  335897 2
 863 48439434 48462511   23077 2
 864 48462511 48466796    4285 2
 865 48466796 48471110    4314 2
 866 48471110 48493986   22876 2
 867 48493986 48501052    7066 2
 868 48501052 48510380    9328 2
 869 48510380 48536564   26184 2
 870 48536564 48560258   23694 2
 871 48560258 48566882    6624 2
 872 48586056 48595658    9602 2
 873 48620542 48625122    4580 2
 874 48625122 48625333     211 2
 875 48625333 48646095   20762 2
 876 48646095 48646095       0 2
 877 48646095 48646095       0 2
 878 48646095 48646096       1 2
 879 48646096 48696755   50659 2
 880 48696755 48708237   11482 2
 881 48708237 48735998   27761 2
 882 48735998 48735999       1 2
 883 48737519 49172073  434554 2
 884 49173593 49202721   29128 2
 885 49202721 49202721       0 2
 886 49202721 49227130   24409 2
 887 49292798 49312018   19220 2
 888 49312018 49312018       0 2
 889 49312018 49336178   24160 2
 890 49344800 49366804   22004 2
 891 49366804 49366804       0 2
 892 49366804 49439991   73187 2
 893 49439991 49583412  143421 2
 894 49583412 49873961  290549 2
 895 49873961 50062107  188146 4
 896 50062107 50062107       0 2
 897 50062107 50062107       0 2
 898 50062107 50066426    4319 2
 899 50066426 50070056    3630 2
 900 50070056 50072810    2754 2
 901 50072810 50074432    1622 2
 902 50074432 50074432       0 2
 903 50074432 50076250    1818 2
 904 50076250 50076250       0 2
 905 50076250 50076250       0 2
 906 50076250 50076250       0 2
 907 50076250 50076250       0 2
 908 50076250 50096302   20052 2
 909 50096302 50116800   20498 2
 910 50128824 50155016   26192 1
 911 50170533 50179538    9005 1
 912 50179538 50179538       0 1
 913 50179538 50179538       0 1
 914 50179538 50179538       0 1
 915 50179538 50180231     693 1
 916 50180231 50180488     257 1
 917 50180488 50181984    1496 1
 918 50181984 50182564     580 1
 919 50182564 50185608    3044 1
 920 50185608 50185608       0 1
 921 50185608 50185608       0 1
 922 50185608 50185608       0 1
 923 50185608 50186404     796 1
 924 50186404 50188206    1802 1
 925 50188206 50188206       0 1
 926 50188206 50188206       0 1
 927 50188206 50188206       0 1
 928 50188206 50188206       0 1
 929 50188206 50189901    1695 1
 930 50189901 50189901       0 1
 931 50189901 50194398    4497 1
 932 50194398 50194398       0 1
 933 50194398 50194398       0 1
 934 50194398 50194398       0 1
 935 50194398 50194398       0 1
 936 50194398 50194398       0 1
 937 50194398 50194398       0 1
 938 50194398 50194398       0 1
 939 50194398 50194398       0 1
 940 50194398 50194398       0 1
 941 50194398 50194398       0 1
 942 50194398 50194398       0 1
 943 50194398 50195417    1019 1
 944 50195417 50199187    3770 1
 945 50199187 50199187       0 1
 946 50199187 50199187       0 1
 947 50199187 50221241   22054 1
 948 50221241 50221241       0 1
 949 50221241 50228574    7333 1
 950 50228574 50228574       0 1
 951 50228574 50228574       0 1
 952 50228574 50228574       0 1
 953 50228574 50242603   14029 1
 954 50252611 50277795   25184 1
 955 50277795 50277795       0 1
 956 50277795 50277795       0 1
 957 50277795 50284550    6755 1
 958 50284550 50285361     811 1
 959 50285361 50288608    3247 1
 960 50288608 50310319   21711 1
 961 50310319 50310319       0 1
 962 50310319 50317575    7256 1
 963 50317575 50339426   21851 1
 964 50339426 50339781     355 1
 965 50415897 50425109    9212 1
 966 50425109 50426794    1685 1
 967 50426794 50426794       0 1
 968 50426794 50433406    6612 1
 969 50433406 50433406       0 1
 970 50433406 50433406       0 1
 971 50433406 50456140   22734 1
 972 50456140 50456582     442 1
 973 50456582 50460545    3963 1
 974 50460545 50470094    9549 1
 975 50470094 50470094       0 1
 976 50470094 50470094       0 1
 977 50470094 50476894    6800 1
 978 50476894 50484224    7330 1
 979 50484224 50485673    1449 1
 980 50485673 50513565   27892 1
 981 50513565 50513565       0 1
 982 50513565 50516404    2839 1
 983 50521046 50528947    7901 1
 984 50528947 50528947       0 1
 985 50528947 50553149   24202 1
 986 50574990 50580025    5035 1
 987 50580025 50602216   22191 1
 988 50626346 50649129   22783 1
 989 50649129 50649129       0 1
 990 50649129 50649129       0 1
 991 50649129 50649129       0 1
 992 50649129 50654318    5189 1
 993 50655838 51636127  980289 2
 994 51637647 51733159   95512 1
 995 51733159 51733159       0 1
 996 51733159 51972414  239255 1
 997 51972414 52074492  102078 1
 998 52074492 52153974   79482 1
 999 52153974 52505464  351490 1
1000 52505464 52612644  107180 1
1001 52612644 52630474   17830 1
1002 52630474 52630474       0 1
1003 52630474 52630474       0 1
1004 52630474 52630474       0 1
1005 52630474 52630474       0 1
1006 52630474 52630474       0 1
1007 52630474 52630474       0 1
1008 52630474 52630474       0 1
1009 52630474 52630474       0 1
1010 52630474 52630474       0 1
1011 52630474 52631384     910 1
1012 52631384 52631638     254 1
1013 52631638 52631882     244 1
1014 52631882 52633802    1920 1
1015 52633802 52637301    3499 1
1016 52637301 52637301       0 1
1017 52637301 52637301       0 1
1018 52637301 52637301       0 1
1019 52637301 52637543     242 1
1020 52637543 52640129    2586 1
1021 52640129 52640129       0 1
1022 52640129 52663510   23381 1
1023 52663510 52667909    4399 1
1024 52667909 52667909       0 1
1025 52667909 52667909       0 1
1026 52667909 52667909       0 1
1027 52667909 52667909       0 1
1028 52667909 52667909       0 1
1029 52667909 52667909       0 1
1030 52667909 52667909       0 1
1031 52667909 52667909       0 1
1032 52667909 52689058   21149 1
1033 52689058 52689059       1 1
1034 52689059 52691963    2904 1
1035 52691963 52691964       1 1
1036 52693484 52994762  301278 2
1037 52996282 52999524    3242 1
1038 52999524 53005428    5904 1
1039 53005428 53005428       0 1
1040 53005428 53028867   23439 1
1041 53028867 53028867       0 1
1042 53028867 53028867       0 1
1043 53028867 53033664    4797 1
1044 53035184 53376305  341121 2
1045 53377825 53381353    3528 1
1046 53381353 53387153    5800 1
1047 53387153 53387153       0 1
1048 53387153 53413699   26546 1
1049 53415219 54113012  697793 2
1050 54178691 54417574  238883 2
1051 54417574 54440521   22947 2
1052 54442041 54627252  185211 2
1053 54628772 54685714   56942 2
1054 54718892 54747389   28497 2
1055 54747389 54770147   22758 2
1056 54770147 54777766    7619 2
1057 54786113 54827189   41076 2
1058 54827189 54835814    8625 2
1059 54835814 54865422   29608 2
1060 54933103 54949281   16178 2
1061 54949281 54956872    7591 2
1062 54956872 55041113   84241 2
1063 55041113 55041113       0 2
1064 55041113 55107780   66667 2
1065 55107780 55153673   45893 2
1066 55153673 55490991  337318 2
1067 55490991 55612860  121869 2
1068 55612860 55834806  221946 2
1069 55834806 55993698  158892 4
1070 55993698 55993699       1 2
1071 55993699 55993699       0 2
1072 55993699 55997537    3838 2
1073 55997537 55997538       1 2
1074 55997538 56006156    8618 2
1075 56015173 56017463    2290 2
1076 56017463 56030067   12604 2
1077 56030067 56030904     837 2
1078 56030904 56034144    3240 2
1079 56034144 56058432   24288 2
1080 56058432 56058432       0 2
1081 56058432 56068427    9995 2
1082 56068427 56068428       1 2
1083 56094036 56112505   18469 2
1084 56112505 56134662   22157 2
1085 56166648 56192204   25556 1
1086 56192204 56192204       0 1
1087 56192204 56192204       0 1
1088 56192204 56196493    4289 1
1089 56196493 56196493       0 1
1090 56196493 56196493       0 1
1091 56196493 56196493       0 1
1092 56196493 56202210    5717 1
1093 56202210 56202210       0 1
1094 56202210 56204785    2575 1
1095 56204785 56204786       1 1
1096 56204786 56204786       0 1
1097 56204786 56220260   15474 1
1098 56224451 56239187   14736 1
1099 56239187 56240496    1309 1
1100 56240496 56250253    9757 1
1101 56250253 56259220    8967 1
1102 56259220 56281075   21855 1
1103 56281075 56281075       0 1
1104 56281075 56283886    2811 1
1105 56283886 56288295    4409 1
1106 56341138 56355971   14833 1
1107 56355971 56392647   36676 4
1108 56392647 56392647       0 1
1109 56392647 56392647       0 1
1110 56392647 56392647       0 1
1111 56392647 56392647       0 1
1112 56392647 56392647       0 1
1113 56392647 56403337   10690 1
1114 56404857 56558524  153667 2
1115 56560044 56562157    2113 1
1116 56562157 56576965   14808 1
1117 56576965 56576965       0 1
1118 56576965 56576965       0 1
1119 56576965 56582896    5931 1
1120 56582896 56582896       0 1
1121 56582896 56582896       0 1
1122 56582896 56582896       0 1
1123 56582896 56582896       0 1
1124 56582896 56583046     150 1
1125 56583046 56619467   36421 1
1126 56619467 56619467       0 1
1127 56619467 56619467       0 1
1128 56619467 56631026   11559 1
1129 56631026 56631026       0 1
1130 56631026 56642765   11739 1
1131 56653883 56670288   16405 1
1132 56670288 56686417   16129 1
1133 56686417 56695907    9490 1
1134 56708279 56708404     125 1
1135 56708404 56710517    2113 1
1136 56710517 56711564    1047 1
1137 56711564 56737153   25589 1
1138 56737153 56737153       0 1
1139 56737153 56751101   13948 1
1140 56751101 56751102       1 1
1141 56751102 56763759   12657 1
1142 56763759 56763759       0 1
1143 56763759 56764131     372 1
1144 56764131 56770392    6261 1
1145 56770392 56794121   23729 1
1146 56795641 56980621  184980 2
1147 56982141 56993491   11350 1
1148 56993491 57017830   24339 1
1149 57081483 57104893   23410 1
1150 57104893 57104893       0 1
1151 57104893 57128252   23359 1
1152 57187730 57217769   30039 1
1153 57219289 57335726  116437 2
1154 57337246 57340726    3480 1
1155 57340726 57357196   16470 1
1156 57357196 57366547    9351 1
1157 57366547 57366579      32 1
1158 57366579 57380151   13572 1
1159 57380151 57410018   29867 1
1160 57410018 57410220     202 1
1161 57410220 57433337   23117 1
1162 57433337 57434796    1459 1
1163 57434796 57437156    2360 1
1164 57437156 57437156       0 1
1165 57437156 57439761    2605 1
1166 57474579 57503577   28998 1
1167 57580823 57603192   22369 1
1168 57628545 57646035   17490 1
1169 57646035 57654186    8151 1
1170 57660104 57661732    1628 1
1171 57661732 57687346   25614 1
1172 57688866 59056808 1367942 2
1173 59058328 59060968    2640 1
1174 59060968 59066067    5099 1
1175 59066067 59078799   12732 1
1176 59078799 59078799       0 1
1177 59078799 59108126   29327 1
1178 59108126 59121120   12994 1
1179 59122640 59238982  116342 2
1180 59240502 59272253   31751 1
1181 59334709 59710578  375869 1
1182 59712098 60155141  443043 2
1183 60924186 60999569   75383 2
1184 61025899 61360364  334465 2
1185 61360364 61394088   33724 2
1186 61398410 61412497   14087 2
1187 61412497 61440492   27995 2
1188 61440492 61473627   33135 2
1189 61473627 61483938   10311 2
1190 61483938 61544271   60333 2
1191 61544271 61544272       1 2
1192 61544272 61747232  202960 2
1193 61747232 61792752   45520 2
1194 61792752 62013601  220849 4
1195 62013601 62013601       0 2
1196 62013601 62013601       0 2
1197 62013601 62034278   20677 2
1198 62034278 62042846    8568 2
1199 62042846 62042846       0 2
1200 62042846 62064885   22039 2
1201 62066405 62198852  132447 2
1202 62200372 62204687    4315 1
1203 62204687 62208975    4288 1
1204 62208975 62208975       0 1
1205 62208975 62228914   19939 1
1206 62228914 62228914       0 1
1207 62228914 62228914       0 1
1208 62228914 62228914       0 1
1209 62228914 62228914       0 1
1210 62228914 62228914       0 1
1211 62228914 62228914       0 1
1212 62228914 62251745   22831 1
1213 62251745 62256586    4841 1
1214 62256586 62256586       0 1
1215 62256586 62256586       0 1
1216 62256586 62256586       0 1
1217 62256586 62256586       0 1
1218 62256586 62278704   22118 1
1219 62310907 62361000   50093 4
1220 62361000 62361000       0 1
1221 62361000 62361000       0 1
1222 62361000 62361000       0 1
1223 62361000 62361000       0 1
1224 62361000 62361000       0 1
1225 62361000 62367011    6011 1
1226 62368531 62490578  122047 2
1227 62492098 62508068   15970 1
1228 62508068 62514585    6517 1
1229 62514585 62514585       0 1
1230 62514585 62536627   22042 1
1231 62572595 62583102   10507 1
1232 62583102 62585707    2605 1
1233 62585707 62593723    8016 1
1234 62593723 62593723       0 1
1235 62593723 62593723       0 1
1236 62593723 62593723       0 1
1237 62593723 62593723       0 1
1238 62593723 62594970    1247 1
1239 62594970 62616314   21344 1
1240 62630960 62631980    1020 1
1241 62631980 62636909    4929 1
1242 62636909 62636909       0 1
1243 62636909 62661814   24905 1
1244 62661814 62661814       0 1
1245 62661814 62661814       0 1
1246 62661814 62661814       0 1
1247 62661814 62661814       0 1
1248 62661814 62673199   11385 1
1249 62673199 62677946    4747 1
1250 62677946 62683575    5629 1
1251 62695685 62701794    6109 1
1252 62701794 62725568   23774 1
1253 62725568 62725568       0 1
1254 62725568 62725568       0 1
1255 62725568 62772358   46790 1
1256 62847275 63027007  179732 1
1257 63027007 63329251  302244 1
1258 63329251 63542658  213407 1
1259 63544178 65128511 1584333 2
1260 65130031 65143234   13203 1
1261 65143234 65143234       0 1
1262 65143234 65143234       0 1
1263 65143234 65155775   12541 1
1264 65155775 65155775       0 1
1265 65155775 65155775       0 1
1266 65155775 65158431    2656 1
1267 65158431 65158431       0 1
1268 65158431 65159118     687 1
1269 65159118 65163059    3941 1
1270 65163059 65163059       0 1
1271 65163059 65163059       0 1
1272 65163059 65163059       0 1
1273 65163059 65185067   22008 1
1274 65185067 65185067       0 1
1275 65185067 65185067       0 1
1276 65185067 65191296    6229 1
1277 65191296 65194796    3500 1
1278 65215720 65249390   33670 1
1279 65320612 65703019  382407 1
1280 65703019 65710644    7625 1
1281 65710644 65710644       0 1
1282 65710644 65733966   23322 1
1283 65735486 65952272  216786 2
1284 65953792 65979376   25584 1
1285 66021926 66049907   27981 1
1286 66051428 66197269  145841 2
1287 66523845 66546009   22164 2
1288 66547529 67142485  594956 2
1289 67144005 67188035   44030 2
1290 67188035 67263402   75367 2
1291 67263402 67263402       0 2
1292 67263402 67286397   22995 2
1293 67293757 67304483   10726 2
1294 67304483 67455862  151379 2
1295 67455862 67591869  136007 4
1296 67591869 67591869       0 2
1297 67591869 67593025    1156 2
1298 67593025 67593026       1 2
1299 67627131 67651513   24382 2
1300 67662442 67720521   58079 2
1301 67766414 67991860  225446 4
1302 67991860 67991861       1 2
1303 68018863 68046447   27584 2
1304 68046447 68046447       0 2
1305 68046447 68055390    8943 2
1306 68055390 68078578   23188 2
1307 68082988 68087139    4151 2
1308 68087139 68088219    1080 2
1309 68088219 68088219       0 2
1310 68088219 68106435   18216 2
1311 68148885 68172665   23780 2
1312 68184332 68216154   31822 2
1313 68216154 68249469   33315 2
1314 68305967 68309541    3574 1
1315 68309541 68337752   28211 4
1316 68337752 68337752       0 1
1317 68337752 68337752       0 1
1318 68337752 68346586    8834 1
1319 68346586 68346586       0 1
1320 68346586 68347675    1089 1
1321 68381198 68397483   16285 1
1322 68397483 68397483       0 1
1323 68397483 68397937     454 1
1324 68397937 68419923   21986 1
1325 68420189 68433448   13259 1
1326 68433448 68455869   22421 1
1327 68455869 68463354    7485 1
1328 68477800 68500125   22325 1
1329 68500125 68514494   14369 1
1330 68514494 68514494       0 1
1331 68514494 68514494       0 1
1332 68514494 68528526   14032 1
1333 68528526 68528526       0 1
1334 68528526 68530124    1598 1
1335 68530124 68556803   26679 1
1336 68556803 68556803       0 1
1337 68556803 68556803       0 1
1338 68556803 68560323    3520 1
1339 68560323 68560323       0 1
1340 68560323 68582927   22604 1
1341 68582927 68586263    3336 1
1342 68586263 68586263       0 1
1343 68586263 68591079    4816 1
1344 68591079 68591080       1 1
1345 68591080 68591080       0 1
1346 68591080 68591080       0 1
1347 68591080 68597765    6685 1
1348 68597765 68597765       0 1
1349 68597765 68597765       0 1
1350 68597765 68597765       0 1
1351 68597765 68606067    8302 1
1352 68606067 68610008    3941 1
1353 68610008 68633814   23806 1
1354 68637779 68651791   14012 1
1355 68651791 68669835   18044 1
1356 68669835 68682856   13021 1
1357 68682856 68682856       0 1
1358 68682856 68692251    9395 1
1359 68692251 68711657   19406 1
1360 68711657 68711657       0 1
1361 68711657 68711657       0 1
1362 68711657 68711657       0 1
1363 68711657 68712960    1303 1
1364 68712960 68735421   22461 1
1365 68735421 68735421       0 1
1366 68735421 68735421       0 1
1367 68735421 68735421       0 1
1368 68735421 68735421       0 1
1369 68735421 68735421       0 1
1370 68735421 68740915    5494 1
1371 68740915 68741134     219 1
1372 68741134 68742492    1358 1
1373 68742492 68745009    2517 1
1374 68745009 68749517    4508 1
1375 68751037 69036209  285172 2
1376 69037729 69059022   21293 1
1377 69059022 69086498   27476 1
1378 69086498 69096090    9592 1
1379 69097610 71252311 2154701 2
1380 71253831 71264639   10808 1
1381 71264639 71270327    5688 1
1382 71270327 71270327       0 1
1383 71270327 71646364  376037 1
1384 71646364 71669683   23319 1
1385 71669683 71669684       1 1
1386 71671204 72239397  568193 2
1387 72590122 72640975   50853 2
1388 72640975 72685393   44418 2
1389 72698916 72709702   10786 2
1390 72709702 72732202   22500 2
1391 72733723 72863583  129860 2
1392 72865103 72882647   17544 2
1393 72882647 72959559   76912 2
1394 72959559 72960558     999 2
1395 72960558 73058287   97729 2
1396 73058287 73058288       1 2
1397 73059808 73179144  119336 2
1398 73180664 73457330  276666 4
1399 73457330 73457330       0 2
1400 73457330 73464768    7438 2
1401 73488709 73517414   28705 2
1402 73517414 73517414       0 2
1403 73517414 73519546    2132 2
1404 73519546 73542266   22720 2
1405 73542266 73542266       0 2
1406 73542266 73542266       0 2
1407 73542266 73542266       0 2
1408 73542266 73542266       0 2
1409 73542266 73542266       0 2
1410 73542266 73555822   13556 2
1411 73555822 73557478    1656 2
1412 73557478 73560888    3410 2
1413 73560888 73560888       0 2
1414 73560888 73560888       0 2
1415 73560888 73560888       0 2
1416 73560888 73560888       0 2
1417 73560888 73568616    7728 2
1418 73568616 73583048   14432 2
1419 73583048 73595004   11956 2
1420 73595004 73639276   44272 2
1421 73639276 73639277       1 2
1422 73639277 73639277       0 2
1423 73639277 73683166   43889 2
1424 73683166 73710053   26887 2
1425 73710053 73715970    5917 2
1426 73715970 73727465   11495 2
1427 73727465 73740218   12753 2
1428 73740218 73776084   35866 2
1429 73776084 73842896   66812 4
1430 73842896 73842896       0 2
1431 73842896 73842897       1 2
1432 73842897 73864928   22031 2
1433 73864928 73893718   28790 2
1434 73893718 73893719       1 2
1435 73893719 73897076    3357 2
1436 73904744 73927431   22687 2
1437 73927431 73990528   63097 2
1438 73990528 74014127   23599 2
1439 74014127 74016765    2638 2
1440 74016765 74016765       0 2
1441 74016765 74016765       0 2
1442 74016765 74016765       0 2
1443 74016765 74016765       0 2
1444 74016765 74016765       0 2
1445 74016765 74038526   21761 2
1446 74038526 74038526       0 2
1447 74038526 74045185    6659 2
1448 74046705 74252176  205471 2
1449 74253696 74277315   23619 2
1450 74277315 74277315       0 2
1451 74277315 74277315       0 2
1452 74277315 74287136    9821 2
1453 74287136 74289177    2041 2
1454 74289177 74290921    1744 2
1455 74290921 74293069    2148 2
1456 74293069 74293070       1 2
1457 74293070 74293070       0 1
1458 74293070 74293070       0 1
1459 74293070 74293070       0 1
1460 74293070 74293070       0 1
1461 74293070 74293070       0 1
1462 74293070 74293070       0 1
1463 74293070 74293070       0 1
1464 74293070 74293070       0 1
1465 74293070 74302601    9531 1
1466 74302601 74302601       0 1
1467 74302601 74306248    3647 1
1468 74306248 74396076   89828 4
1469 74396076 74396076       0 1
1470 74396076 74396076       0 1
1471 74396076 74396076       0 1
1472 74396076 74404283    8207 1
1473 74404283 74416734   12451 1
1474 74416734 74439237   22503 1
1475 74439237 74440275    1038 1
1476 74475198 74475672     474 1
1477 74475672 74490944   15272 1
1478 74490944 74514574   23630 1
1479 74514574 74531164   16590 1
1480 74531164 74541397   10233 1
1481 74541397 74546381    4984 1
1482 74546381 74546381       0 1
1483 74546381 74546381       0 1
1484 74546381 74546381       0 1
1485 74546381 74546543     162 1
1486 74546543 74548724    2181 1
1487 74548724 74552741    4017 1
1488 74552741 74563652   10911 1
1489 74563652 74565068    1416 1
1490 74565068 74595985   30917 1
1491 74595985 74595986       1 1
1492 74595986 74596935     949 1
1493 74596935 74596935       0 1
1494 74596935 74606940   10005 1
1495 74606940 74631452   24512 1
1496 74631452 74632450     998 1
1497 74632450 74647513   15063 1
1498 74647513 74669610   22097 1
1499 74700586 74700650      64 1
1500 74700650 74723579   22929 1
1501 74729988 74765780   35792 1
1502 74767300 74864306   97006 2
1503 74865827 74930298   64471 1
1504 74931818 75577680  645862 2
1505 75579201 75620184   40983 1
1506 75621704 75877987  256283 2
1507 75879507 75904929   25422 1
1508 75925024 75946143   21119 1
1509 75947663 76219837  272174 2
1510 76221357 76242706   21349 1
1511 76244226 77141450  897224 2
1512 77142970 77174774   31804 1
1513 77174774 77201542   26768 1
1514 77203062 78281524 1078462 2
1515 78355840 78404246   48406 2
1516 78422292 78477412   55120 2
1517 78477412 78547385   69973 2
1518 78547385 78577597   30212 2
1519 78644505 78736972   92467 2
1520 78738492 78879351  140859 2
1521 78880871 78927750   46879 2
1522 78927750 78951192   23442 2
1523 78956377 78969221   12844 2
1524 78969221 78992679   23458 2
1525 78993238 79016199   22961 2
1526 79016199 79016199       0 2
1527 79016199 79016202       3 2
1528 79016202 79121393  105191 2
1529 79121393 79285886  164493 4
1530 79285886 79285886       0 2
1531 79285886 79285886       0 2
1532 79285886 79575616  289730 4
1533 79575616 79575616       0 2
1534 79575616 79701740  126124 2
1535 79701740 79712409   10669 2
1536 79726906 79740220   13314 2
1537 79740220 79763093   22873 2
1538 79765976 79786939   20963 2
1539 79788492 79825764   37272 2
1540 79825764 79836725   10961 2
1541 79836725 79860064   23339 4
1542 79860064 79860064       0 2
1543 79860064 79875929   15865 2
1544 79875929 79908190   32261 2
1545 79908190 79908190       0 2
1546 79908190 79908432     242 2
1547 79908432 79908432       0 2
1548 79908432 79908432       0 2
1549 79908432 79908432       0 2
1550 79908432 79908432       0 2
1551 79908432 79908432       0 2
1552 79908432 79908475      43 2
1553 79908475 79913461    4986 2
1554 79913461 79935995   22534 2
1555 79935995 79938938    2943 2
1556 79938938 79947357    8419 2
1557 80039186 80102189   63003 2
1558 80144205 80167544   23339 2
1559 80167544 80167545       1 2
1560 80167545 80170227    2682 2
1561 80170227 80178684    8457 2
1562 80178684 80186246    7562 2
1563 80186246 80194920    8674 2
1564 80194920 80194920       0 2
1565 80194920 80225582   30662 2
1566 80291677 80415396  123719 4
1567 80415396 80415396       0 1
1568 80415396 80415397       1 1
1569 80415397 80420759    5362 1
1570 80449064 80458946    9882 1
1571 80458946 80469123   10177 1
1572 80469123 80493186   24063 1
1573 80493186 80506422   13236 1
1574 80507942 80732884  224942 2
1575 80734404 80872684  138280 1
1576 80872684 80895522   22838 1
1577 80932373 80964147   31774 1
1578 81030982 81035662    4680 1
1579 81035662 81037354    1692 1
1580 81037354 81060800   23446 1
1581 81060800 81067282    6482 1
1582 81067282 81067282       0 1
1583 81067282 81091102   23820 1
1584 81092622 81479895  387273 2
1585 81481415 81502763   21348 1
1586 81504283 82449650  945367 2
1587 82451170 82473351   22181 1
1588 82474871 82886190  411319 2
1589 82887710 82913708   25998 1
1590 82915228 83125137  209909 2
1591 83126657 83766443  639786 1
1592 83766443 83793093   26650 1
1593 83793093 83798781    5688 1
1594 83800301 84323650  523349 2
1595 85002580 85628448  625868 4
1596 85628448 85628449       1 2
1597 85628449 85638805   10356 2
1598 85638805 85639173     368 2
1599 85639173 85661919   22746 2
1600 85663439 85950555  287116 2
1601 85952075 86089452  137377 4
1602 86089452 86089452       0 2
1603 86089452 86089452       0 2
1604 86089452 86089452       0 2
1605 86089452 86089452       0 2
1606 86089452 86101239   11787 2
1607 86101239 86101239       0 2
1608 86101239 86101239       0 2
1609 86101239 86101239       0 2
1610 86101239 86101239       0 2
1611 86101239 86101240       1 2
1612 86102760 86211256  108496 2
1613 86212776 86221002    8226 2
1614 86221002 86225694    4692 2
1615 86225694 86231639    5945 2
1616 86231639 86243937   12298 2
1617 86243937 86255907   11970 2
1618 86255907 86255907       0 2
1619 86255907 86255907       0 2
1620 86255907 86255907       0 2
1621 86255907 86255907       0 2
1622 86255907 86255907       0 2
1623 86255907 86255907       0 2
1624 86255907 86255907       0 2
1625 86255907 86279496   23589 4
1626 86279496 86279496       0 2
1627 86279496 86279496       0 2
1628 86279496 86279496       0 2
1629 86279496 86279496       0 2
1630 86279496 86279496       0 2
1631 86279496 86279496       0 2
1632 86279496 86279496       0 2
1633 86279496 86279496       0 2
1634 86279496 86279496       0 2
1635 86279496 86300604   21108 2
1636 86300604 86300605       1 2
1637 86319438 86340277   20839 2
1638 86340277 86349258    8981 2
1639 86349258 86374199   24941 2
1640 86374199 86377378    3179 2
1641 86377378 86377378       0 1
1642 86377378 86396974   19596 1