   0   270490   294260   23770 1
   1   295780   473346  177566 2
   2   474866   482073    7207 1
   3   482073   523419   41346 1
   4   543925   568928   25003 1
   5   570885   578738    7853 1
   6   578738   581310    2572 1
   7   581310   606388   25078 1
   8   607908   761512  153604 2
   9   763032   784482   21450 1
  10   784482   810531   26049 1
  11   812051  1039560  227509 2
  12  1041080  1043671    2591 1
  13  1043671  1066457   22786 1
  14  1069556  1095350   25794 1
  15  1095350  1095350       0 1
  16  1095350  1145321   49971 1
  17  1146841  1495774  348933 2
  18  1497294  2211204  713910 1
  19  2211204  2211204       0 1
  20  2211204  2215325    4121 1
  21  2215325  2221838    6513 1
  22  2221838  2222370     532 1
  23  2223890  2765860  541970 2
  24  3252527  3356477  103950 2
  25  3357997  3629958  271961 2
  26  3631478  4059363  427885 4
  27  4060883  4471349  410466 2
  28  4472869  4564567   91698 4
  29  4564567  4564567       0 2
  30  4564567  4564567       0 2
  31  4564567  4564567       0 2
  32  4564567  4586729   22162 2
  33  4586729  4586730       1 2
  34  4586730  4586730       0 2
  35  4586730  4590417    3687 2
  36  4590417  4590417       0 2
  37  4590417  4602317   11900 2
  38  4602317  4603177     860 2
  39  4603177  4635966   32789 4
  40  4635966  4635966       0 2
  41  4635966  4638927    2961 2
  42  4644917  4668498   23581 2
  43  4668498  4668498       0 2
  44  4668498  4668498       0 2
  45  4668498  4680595   12097 2
  46  4680595  4682174    1579 2
  47  4682174  4685245    3071 2
  48  4685245  4719807   34562 2
  49  4719807  4732817   13010 2
  50  4732817  4739777    6960 2
  51  4739777  4753297   13520 2
  52  4753297  4768530   15233 2
  53  4768530  4780306   11776 2
  54  4780306  4780306       0 2
  55  4780306  4780306       0 2
  56  4780306  4791166   10860 2
  57  4791166  4791166       0 2
  58  4791166  4791166       0 2
  59  4791166  4791166       0 2
  60  4791166  4821394   30228 2
  61  4821394  4821394       0 1
  62  4821394  4823765    2371 1
  63  4823765  4827014    3249 1
  64  4827014  4827331     317 1
  65  4827331  4851245   23914 1
  66  4852765  5211835  359070 2
  67  5213355  5214405    1050 1
  68  5214405  5218581    4176 1
  69  5218581  5230151   11570 1
  70  5230151  5232943    2792 1
  71  5232943  5232943       0 1
  72  5232943  5263469   30526 1
  73  5264989  5419985  154996 2
  74  5421505  5445220   23715 1
  75  5446740  5554831  108091 2
  76  5556351  5677067  120716 1
  77  5677067  5677067       0 1
  78  5677067  5677067       0 1
  79  5677067  5691971   14904 1
  80  5729975  5787866   57891 1
  81  5787866  5817766   29900 1
  82  5819286  6430236  610950 2
  83  6431756  6439671    7915 1
  84  6439671  6439671       0 1
  85  6439671  6439671       0 1
  86  6439671  6444038    4367 1
  87  6444038  6468468   24430 1
  88  6468468  6474111    5643 1
  89  6474111  6475028     917 1
  90  6475028  6480233    5205 1
  91  6480233  6493970   13737 1
  92  6493970  6503943    9973 1
  93  6503943  6517164   13221 1
  94  6552310  6575521   23211 1
  95  6575521  6575521       0 1
  96  6575521  6575521       0 1
  97  6575521  6594150   18629 1
  98  6665154  7030014  364860 1
  99  7031534  7560374  528840 2
 100  7561894  7584373   22479 1
 101  7584373  8149929  565556 1
 102  8149929  8182135   32206 1
 103  8183655  8423657  240002 2
 104  8425177  8447779   22602 1
 105  8449299  8807949  358650 2
 106  8869304  8966432   97128 2
 107  8966432  8968303    1871 2
 108  8968303  9052601   84298 2
 109  9052601  9118809   66208 2
 110  9118809  9206912   88103 2
 111  9208432  9493763  285331 2
 112  9495283  9639736  144453 2
 113  9639736  9643132    3396 2
 114  9643132  9665477   22345 2
 115  9752979  9775345   22366 2
 116  9775345  9775345       0 2
 117  9775345  9777390    2045 2
 118  9777390  9777391       1 2
 119  9778911 10146336  367425 2
 120 10147856 10174392   26536 2
 121 10174392 10174392       0 2
 122 10174392 10175100     708 2
 123 10175100 10179862    4762 2
 124 10215231 10414249  199018 2
 125 10414249 10414250       1 2
 126 10414250 10415644    1394 2
 127 10415644 10415644       0 2
 128 10415644 10415644       0 2
 129 10415644 10421272    5628 2
 130 10421272 10424392    3120 2
 131 10424392 10424392       0 2
 132 10424392 10448011   23619 2
 133 10448011 10458518   10507 2
 134 10458518 10470922   12404 2
 135 10470922 10472604    1682 2
 136 10472604 10495437   22833 2
 137 10500986 10508920    7934 2
 138 10508920 10551575   42655 4
 139 10551575 10551576       1 2
 140 10551576 10564688   13112 2
 141 10564688 10573252    8564 2
 142 10573252 10575252    2000 2
 143 10575252 10576374    1122 2
 144 10576374 10581592    5218 2
 145 10581592 10605464   23872 2
 146 10613559 10631877   18318 2
 147 10631877 10659832   27955 4
 148 10659832 10659832       0 2
 149 10659832 10659832       0 2
 150 10659832 10659832       0 2
 151 10659832 10659832       0 2
 152 10659832 10659832       0 2
 153 10659832 10659832       0 2
 154 10659832 10679121   19289 2
 155 10690851 10695383    4532 2
 156 10695383 10713281   17898 2
 157 10713281 10713281       0 2
 158 10713281 10713281       0 2
 159 10713281 10716296    3015 2
 160 10716296 10741158   24862 2
 161 10741158 10741158       0 2
 162 10741158 10741158       0 2
 163 10741158 10741158       0 2
 164 10741158 10741158       0 2
 165 10741158 10748928    7770 2
 166 10748928 10763957   15029 2
 167 10763957 10763957       0 2
 168 10763957 10763957       0 2
 169 10763957 10770203    6246 2
 170 10770203 10770203       0 2
 171 10770203 10772838    2635 2
 172 10772838 10791415   18577 2
 173 10791415 10791415       0 2
 174 10791415 10791415       0 2
 175 10791415 10791415       0 2
 176 10791415 10791415       0 2
 177 10791415 10791415       0 2
 178 10791415 10792838    1423 2
 179 10792838 10811203   18365 2
 180 10811203 10811203       0 2
 181 10811203 10823048   11845 2
 182 10823048 10823048       0 2
 183 10823048 10823048       0 2
 184 10823048 10823048       0 2
 185 10823048 10849819   26771 2
 186 10851339 11115224  263885 2
 187 11116744 11138552   21808 1
 188 11138552 11140104    1552 1
 189 11140104 11164967   24863 1
 190 11164967 11165261     294 1
 191 11165261 11174303    9042 1
 192 11174303 11196135   21832 1
 193 11196135 11196438     303 1
 194 11196438 11231158   34720 1
 195 11231158 11236748    5590 1
 196 11236748 11240606    3858 1
 197 11240606 11265070   24464 1
 198 11266590 11556848  290258 2
 199 11558368 11730056  171688 1
 200 11730056 11730057       1 1
 201 11731577 12103489  371912 2
 202 12105009 12115731   10722 1
 203 12115731 12117807    2076 1
 204 12117807 12132867   15060 1
 205 12132867 12188277   55410 1
 206 12201412 12252040   50628 1
 207 12252040 12252041       1 1
 208 12252041 12294862   42821 1
 209 12296836 12321628   24792 1
 210 12323148 12422013   98865 2
 211 12423533 12447839   24306 1
 212 12457099 12472602   15503 1
 213 12472602 12476008    3406 1
 214 12476008 12493499   17491 1
 215 12493499 12493499       0 1
 216 12493499 12497287    3788 1
 217 12497287 12539861   42574 1
 218 12581043 12584046    3003 1
 219 12584046 12606425   22379 1
 220 12607945 13615831 1007886 2
 221 13617351 13694285   76934 1
 222 13694285 13720100   25815 1
 223 13722946 13728943    5997 1
 224 13728943 13753876   24933 1
 225 13755396 14122833  367437 2
 226 14124353 14142531   18178 1
 227 14142531 14169579   27048 1
 228 14171099 14282380  111281 2
 229 14283900 14290597    6697 1
 230 14290597 14301841   11244 1
 231 14301841 14309698    7857 1
 232 14309698 14309698       0 1
 233 14309698 14319832   10134 1
 234 14319832 14343471   23639 1
 235 14345826 14368631   22805 1
 236 14376966 14385876    8910 1
 237 14385876 14387891    2015 1
 238 14387891 14390039    2148 1
 239 14390039 14407272   17233 1
 240 14407272 14407272       0 1
 241 14407272 14412488    5216 1
 242 14412488 14435945   23457 1
 243 14437465 14542137  104672 2
 244 14543657 14558319   14662 1
 245 14558319 14558337      18 1
 246 14558337 14558579     242 1
 247 14558579 14558736     157 1
 248 14558736 14560602    1866 1
 249 14560602 14563754    3152 1
 250 14563754 14563754       0 1
 251 14563754 14573088    9334 1
 252 14573088 14573088       0 1
 253 14573088 14574115    1027 1
 254 14574115 14574840     725 1
 255 14574840 14575580     740 1
 256 14575580 14582121    6541 1
 257 14582121 14582121       0 1
 258 14582121 14582121       0 1
 259 14582121 14582121       0 1
 260 14582121 14582121       0 1
 261 14582121 14592287   10166 1
 262 14592287 14592287       0 1
 263 14592287 14594248    1961 1
 264 14594248 14605802   11554 1
 265 14605802 14605802       0 1
 266 14605802 14606550     748 1
 267 14606550 14615435    8885 1
 268 14615435 14615435       0 1
 269 14615435 14615435       0 1
 270 14615435 14615435       0 1
 271 14615435 14615435       0 1
 272 14615435 14619369    3934 1
 273 14619369 14627758    8389 1
 274 14627758 14627758       0 1
 275 14627758 14627758       0 1
 276 14627758 14627758       0 1
 277 14627758 14627758       0 1
 278 14627758 14627758       0 1
 279 14627758 14628317     559 1
 280 14628317 14628795     478 1
 281 14628795 14629521     726 1
 282 14629521 14631433    1912 1
 283 14631433 14632428     995 1
 284 14632428 14638219    5791 1
 285 14638219 14638219       0 1
 286 14638219 14638219       0 1
 287 14638219 14638219       0 1
 288 14638219 14646824    8605 1
 289 14646824 14646824       0 1
 290 14646824 14646824       0 1
 291 14646824 14646824       0 1
 292 14646824 14658165   11341 1
 293 14658165 14658165       0 1
 294 14658165 14658165       0 1
 295 14658165 14673907   15742 1
 296 14673907 14673907       0 1
 297 14673907 14673907       0 1
 298 14673907 14673907       0 1
 299 14673907 14673907       0 1
 300 14673907 14673907       0 1
 301 14673907 14673907       0 1
 302 14673907 14674436     529 1
 303 14674436 14675026     590 1
 304 14675026 14675841     815 1
 305 14675841 14675841       0 1
 306 14675841 14676037     196 1
 307 14676037 14676707     670 1
 308 14676707 14679394    2687 1
 309 14679394 14679394       0 1
 310 14679394 14683990    4596 1
 311 14683990 14689486    5496 1
 312 14689486 14689486       0 1
 313 14689486 14689486       0 1
 314 14689486 14697462    7976 1
 315 14697462 14698143     681 1
 316 14698143 14712048   13905 1
 317 14712048 14714778    2730 1
 318 14714778 14716022    1244 1
 319 14716022 14716645     623 1
 320 14716645 14719035    2390 1
 321 14719035 14719035       0 1
 322 14719035 14720829    1794 1
 323 14720829 14720829       0 1
 324 14720829 14726103    5274 1
 325 14726103 14726103       0 1
 326 14726103 14726103       0 1
 327 14726103 14726103       0 1
 328 14726103 14732452    6349 1
 329 14732452 14732452       0 1
 330 14732452 14732452       0 1
 331 14732452 14732452       0 1
 332 14732452 14732452       0 1
 333 14732452 14733871    1419 1
 334 14733871 14743123    9252 1
 335 14743123 14743123       0 1
 336 14743123 14743123       0 1
 337 14743123 14743123       0 1
 338 14743123 14743123       0 1
 339 14743123 14743123       0 1
 340 14743123 14743123       0 1
 341 14743123 14743123       0 1
 342 14743123 14743123       0 1
 343 14743123 14743123       0 1
 344 14743123 14743123       0 1
 345 14743123 14743123       0 1
 346 14743123 14743123       0 1
 347 14743123 14767354   24231 1
 348 14767354 14767855     501 1
 349 14767855 14773120    5265 1
 350 14773120 14773120       0 1
 351 14773120 14786779   13659 1
 352 15718764 15730906   12142 2
 353 15730906 15770903   39997 2
 354 15770903 15770904       1 2
 355 15770904 15814968   44064 2
 356 15814968 15837367   22399 2
 357 15838887 15989446  150559 2
 358 15990966 15993639    2673 2
 359 15993639 16017435   23796 2
 360 16018955 16323653  304698 2
 361 16325173 16402400   77227 2
 362 16402400 16677972  275572 4
 363 16677972 16677972       0 2
 364 16677972 16677972       0 2
 365 16677972 16685215    7243 2
 366 16685215 16687160    1945 2
 367 16687160 16708751   21591 2
 368 16708751 16710733    1982 2
 369 16710733 16733189   22456 2
 370 16734052 16757398   23346 2
 371 16757398 16795208   37810 4
 372 16795208 16795209       1 2
 373 16801602 16823579   21977 2
 374 16825099 17232452  407353 2
 375 17233972 17238626    4654 1
 376 17238626 17238662      36 1
 377 17238662 17240553    1891 1
 378 17240553 17263901   23348 1
 379 17265421 17656141  390720 2
 380 17657661 17774590  116929 1
 381 17774590 18039453  264863 1
 382 18039453 18041378    1925 1
 383 18041378 18089943   48565 1
 384 18091463 18366950  275487 2
 385 18368470 18439362   70892 1
 386 18440882 19335824  894942 2
 387 19337344 19370603   33259 1
 388 19372123 19645999  273876 2
 389 19647519 20114171  466652 1
 390 20114171 20143550   29379 1
 391 20143550 20172594   29044 1
 392 20176878 20202174   25296 1
 393 20206595 20287148   80553 1
 394 20287148 20287148       0 1
 395 20287148 20287148       0 1
 396 20287148 20287148       0 1
 397 20287148 20287148       0 1
 398 20287148 20312458   25310 1
 399 20312458 20324821   12363 1
 400 20326341 20892137  565796 2
 401 22026990 22052852   25862 2
 402 22093710 22102403    8693 2
 403 22112288 22136000   23712 2
 404 22136000 22136000       0 2
 405 22136000 22136397     397 2
 406 22137917 22324922  187005 2
 407 22326442 22381753   55311 4
 408 22381753 22381753       0 2
 409 22381753 22381753       0 2
 410 22381753 22381753       0 2
 411 22381753 22381753       0 2
 412 22381753 22381753       0 2
 413 22381753 22387097    5344 2
 414 22387097 22387097       0 2
 415 22387097 22387097       0 2
 416 22387097 22387097       0 2
 417 22387097 22387097       0 2
 418 22387097 22388899    1802 2
 419 22388899 22388899       0 2
 420 22388899 22388899       0 2
 421 22388899 22403265   14366 2
 422 22403265 22403265       0 2
 423 22403265 22403265       0 2
 424 22403265 22403265       0 2
 425 22403265 22403265       0 2
 426 22403265 22416578   13313 2
 427 22416578 22422429    5851 2
 428 22422429 22429135    6706 2
 429 22429135 22429135       0 2
 430 22429135 22429135       0 2
 431 22429135 22429135       0 2
 432 22429135 22429135       0 2
 433 22429135 22431187    2052 2
 434 22431187 22432302    1115 2
 435 22432302 22433277     975 2
 436 22433277 22434532    1255 2
 437 22434532 22436114    1582 2
 438 22436114 22436556     442 2
 439 22436556 22451620   15064 2
 440 22451620 22451620       0 2
 441 22451620 22451620       0 2
 442 22451620 22451620       0 2
 443 22451620 22451620       0 2
 444 22451620 22451620       0 2
 445 22451620 22451620       0 2
 446 22451620 22451620       0 2
 447 22451620 22463289   11669 2
 448 22463289 22465151    1862 2
 449 22465151 22476130   10979 2
 450 22476130 22476848     718 2
 451 22476848 22486900   10052 2
 452 22486900 22486900       0 2
 453 22486900 22519107   32207 2
 454 22520627 22690988  170361 2
 455 22692508 22730269   37761 2
 456 22730269 22753057   22788 2
 457 22836117 23209819  373702 4
 458 23209819 23209819       0 1
 459 23209819 23209820       1 1
 460 23209820 23210015     195 1
 461 23210015 23218137    8122 1
 462 23218137 23218221      84 1
 463 23218221 23223833    5612 1
 464 23223833 23225487    1654 1
 465 23225487 23227010    1523 1
 466 23227010 23227940     930 1
 467 23227940 23228233     293 1
 468 23228233 23230610    2377 1
 469 23230610 23232290    1680 1
 470 23232290 23233537    1247 1
 471 23233537 23237072    3535 1
 472 23237072 23237072       0 1
 473 23237072 23237072       0 1
 474 23237072 23237072       0 1
 475 23237072 23239802    2730 1
 476 23239802 23263130   23328 1
 477 23292232 23294643    2411 1
 478 23294643 23318372   23729 1
 479 23343888 23366306   22418 1
 480 23366306 23366306       0 1
 481 23366306 23366306       0 1
 482 23366306 23366306       0 1
 483 23366306 23373509    7203 1
 484 23373509 23377998    4489 1
 485 23379518 23617941  238423 2
 486 23619461 23878995  259534 1
 487 23878995 23893586   14591 1
 488 23893586 23987823   94237 1
 489 23987823 24029893   42070 1
 490 24029893 24055795   25902 1
 491 24055795 24153954   98159 1
 492 24171203 24238483   67280 1
 493 24238483 24240891    2408 1
 494 24242411 24629734  387323 2
 495 24631254 24653919   22665 1
 496 24655439 24814922  159483 2
 497 24816442 24851677   35235 1
 498 24851819 24868810   16991 1
 499 24870330 25747524  877194 2
 500 25749044 26128512  379468 1
 501 26128512 26128513       1 1
 502 26128513 26154943   26430 1
 503 26154943 26183377   28434 1
 504 26184897 26309630  124733 2
 505 26311150 26313644    2494 1
 506 26313644 26314474     830 1
 507 26314474 26321200    6726 1
 508 26321200 26347739   26539 1
 509 26349259 26934203  584944 2
 510 28322032 28558101  236069 4
 511 28558101 28558101       0 2
 512 28558101 28558101       0 2
 513 28558101 28558101       0 2
 514 28558101 28558101       0 2
 515 28558101 28558101       0 2
 516 28558101 28563770    5669 2
 517 28563770 28563770       0 2
 518 28563770 28563770       0 2
 519 28563770 28563770       0 2
 520 28563770 28563861      91 2
 521 28563861 28588164   24303 2
 522 28675404 28698228   22824 2
 523 28727551 28748863   21312 2
 524 28750383 28878830  128447 2
 525 28880350 29188020  307670 4
 526 29188020 29188020       0 1
 527 29188020 29188020       0 1
 528 29188020 29188020       0 1
 529 29188020 29188020       0 1
 530 29188020 29188020       0 1
 531 29188020 29188020       0 1
 532 29188020 29188020       0 1
 533 29188020 29188983     963 1
 534 29188983 29188983       0 1
 535 29188983 29211791   22808 1
 536 29234861 29256836   21975 1
 537 29275258 29318207   42949 1
 538 29318207 29326830    8623 1
 539 29326830 29354780   27950 1
 540 29387232 29416041   28809 1
 541 29416041 29416041       0 1
 542 29416041 29416041       0 1
 543 29416041 29416042       1 1
 544 29416042 29418796    2754 1
 545 29418796 29442804   24008 1
 546 29444324 29600355  156031 2
 547 29601875 29915982  314107 4
 548 29915982 29915983       1 1
 549 29915983 29967693   51710 1
 550 29967693 30023805   56112 1
 551 30023805 30032995    9190 1
 552 30032995 30047609   14614 1
 553 30047609 30052590    4981 1
 554 30052590 30191400  138810 1
 555 30191400 30224884   33484 1
 556 30224884 30454182  229298 1
 557 30454182 30484495   30313 1
 558 30525092 30644598  119506 1
 559 30644598 30644598       0 1
 560 30644598 30644598       0 1
 561 30644598 30667970   23372 1
 562 30667970 30694335   26365 1
 563 30737706 30924186  186480 1
 564 30924186 30928815    4629 1
 565 30928815 30928816       1 1
 566 30928816 31028313   99497 1
 567 31028313 31213783  185470 1
 568 31215303 31803240  587937 2
 569 31804760 31830304   25544 1
 570 31830304 31830304       0 1
 571 31830304 31830304       0 1
 572 31830304 31843201   12897 1
 573 31843201 31843201       0 1
 574 31843201 31850399    7198 1
 575 31851919 32042332  190413 2
 576 32043852 32094415   50563 1
 577 32094415 32135513   41098 1
 578 32137033 32321389  184356 2
 579 32322909 32335025   12116 1
 580 32335025 32337719    2694 1
 581 32337719 32365726   28007 1
 582 32367246 32976288  609042 2
 583 33255275 33277120   21845 2
 584 33287167 33288805    1638 2
 585 33288805 33311006   22201 2
 586 33312527 34417839 1105312 2
 587 34419359 34523701  104342 4
 588 34523701 34523701       0 2
 589 34523701 34523701       0 2
 590 34523701 34523701       0 2
 591 34523701 34523701       0 2
 592 34523701 34524102     401 2
 593 34524102 34524102       0 2
 594 34524102 34527272    3170 2
 595 34528792 34679572  150780 2
 596 34681092 34817950  136858 2
 597 34817950 34847955   30005 2
 598 34901230 34974900   73670 4
 599 34974900 34974900       0 2
 600 34974900 34974900       0 2
 601 34974900 34991543   16643 2
 602 34993063 35140119  147056 2
 603 35141639 35143057    1418 1
 604 35143057 35157558   14501 1
 605 35157558 35159564    2006 1
 606 35159564 35183466   23902 1
 607 35186416 35202490   16074 1
 608 35202490 35219771   17281 1
 609 35219771 35229219    9448 1
 610 35229219 35240161   10942 1
 611 35240161 35261950   21789 1
 612 35261950 35261950       0 1
 613 35261950 35261950       0 1
 614 35261950 35261950       0 1
 615 35261950 35270192    8242 1
 616 35271712 35437687  165975 2
 617 35439207 35470224   31017 1
 618 35470224 35470224       0 1
 619 35470224 35470225       1 1
 620 35470225 35474052    3827 1
 621 35474052 35506586   32534 1
 622 35506586 35560280   53694 4
 623 35560280 35560281       1 1
 624 35617345 35618971    1626 1
 625 35618971 35621541    2570 1
 626 35621541 35621541       0 1
 627 35621541 35621541       0 1
 628 35621541 35621699     158 1
 629 35621699 35644217   22518 1
 630 35644217 35644904     687 1
 631 35644904 35659234   14330 1
 632 35659234 35665141    5907 1
 633 35665141 35665141       0 1
 634 35665141 35677964   12823 1
 635 35677964 35677964       0 1
 636 35677964 35695424   17460 1
 637 35695424 35701600    6176 1
 638 35701600 35711711   10111 1
 639 35711711 35716343    4632 1
 640 35716343 35739957   23614 1
 641 35790384 35817690   27306 1
 642 35817690 35817690       0 1
 643 35817690 35819338    1648 1
 644 35819338 35849827   30489 1
 645 35849827 35879789   29962 1
 646 35879789 35879789       0 1
 647 35879789 35879790       1 1
 648 35879790 35883112    3322 1
 649 35883112 35888745    5633 1
 650 35888745 35897048    8303 1
 651 35897048 35898564    1516 1
 652 35898564 35911107   12543 1
 653 35911107 35911107       0 1
 654 35911107 35911107       0 1
 655 35911107 35911107       0 1
 656 35911107 35933656   22549 1
 657 35933656 35933832     176 1
 658 35933832 35934550     718 1
 659 35934550 35990846   56296 1
 660 35990846 35998864    8018 1
 661 35998864 36054762   55898 4
 662 36054762 36054763       1 1
 663 36084013 36125326   41313 1
 664 36125326 36171804   46478 1
 665 36171804 36306808  135004 1
 666 36306808 36416416  109608 1
 667 36416416 36589390  172974 1
 668 36590910 38000732 1409822 2
 669 38002252 38030231   27979 1
 670 38030231 38064454   34223 1
 671 38064454 38089653   25199 1
 672 38089653 38116706   27053 1
 673 38116706 38329013  212307 1
 674 38329013 38330458    1445 1
 675 38330458 38332443    1985 1
 676 38332443 38336062    3619 1
 677 38336062 38336062       0 1
 678 38336062 38336546     484 1
 679 38336546 38337083     537 1
 680 38337083 38340551    3468 1
 681 38340551 38340551       0 1
 682 38340551 38340551       0 1
 683 38340551 38341644    1093 1
 684 38341644 38342815    1171 1
 685 38342815 38365626   22811 1
 686 38365626 38366544     918 1
 687 38366544 38366544       0 1
 688 38366544 38370828    4284 1
 689 38372348 38917386  545038 2
 690 38918906 38946734   27828 1
 691 39340060 39344316    4256 2
 692 39355758 39388505   32747 2
 693 39390025 39841170  451145 2
 694 39842690 39863678   20988 2
 695 39912761 39933590   20829 2
 696 39995203 40016654   21451 2
 697 40018174 40526896  508722 2
 698 40528416 40554353   25937 2
 699 40554353 40554847     494 2
 700 40554847 40642103   87256 2
 701 40642103 40903117  261014 4
 702 40903117 40903117       0 2
 703 40903117 40926334   23217 4
 704 40926334 40926334       0 2
 705 40926334 40926335       1 2
 706 40926335 40932836    6501 2
 707 40932836 40942367    9531 2
 708 40942367 40946617    4250 2
 709 40946617 40964393   17776 2
 710 40964393 40992350   27957 2
 711 41084782 41119689   34907 1
 712 41119689 41119689       0 1
 713 41119689 41119689       0 1
 714 41119689 41135377   15688 1
 715 41135377 41135377       0 1
 716 41135377 41135377       0 1
 717 41135377 41160664   25287 1
 718 41163294 41188015   24721 1
 719 41202235 41204282    2047 1
 720 41204282 41208420    4138 1
 721 41208420 41211289    2869 1
 722 41211289 41211558     269 1
 723 41211558 41213386    1828 1
 724 41213386 41215748    2362 1
 725 41215748 41215748       0 1
 726 41215748 41221111    5363 1
 727 41221111 41221111       0 1
 728 41221111 41221111       0 1
 729 41221111 41221111       0 1
 730 41221111 41221111       0 1
 731 41221111 41221111       0 1
 732 41221111 41221111       0 1
 733 41221111 41221111       0 1
 734 41221111 41221111       0 1
 735 41221111 41221111       0 1
 736 41221111 41221111       0 1
 737 41221111 41221111       0 1
 738 41221111 41221111       0 1
 739 41221111 41222948    1837 1
 740 41222948 41222956       8 1
 741 41222956 41223942     986 1
 742 41223942 41225421    1479 1
 743 41225421 41227303    1882 1
 744 41227303 41227303       0 1
 745 41227303 41228292     989 1
 746 41228292 41228655     363 1
 747 41228655 41230927    2272 1
 748 41230927 41231195     268 1
 749 41231195 41231195       0 1
 750 41231195 41232146     951 1
 751 41232146 41232802     656 1
 752 41232802 41234135    1333 1
 753 41234135 41244249   10114 1
 754 41244249 41244249       0 1
 755 41244249 41244249       0 1
 756 41244249 41244249       0 1
 757 41244249 41244249       0 1
 758 41244249 41245559    1310 1
 759 41245559 41245559       0 1
 760 41245559 41270084   24525 1
 761 41270084 41270085       1 1
 762 41284846 41311929   27083 1
 763 41311929 41316565    4636 1
 764 41316565 41339561   22996 1
 765 41339561 41345226    5665 1
 766 41345226 41371136   25910 1
 767 41380360 41387844    7484 1
 768 41390268 41413864   23596 1
 769 41415384 41541548  126164 2
 770 41543068 41671308  128240 4
 771 41671308 41671309       1 1
 772 41671309 41674763    3454 1
 773 41674763 41675662     899 1
 774 41675662 41680135    4473 1
 775 41680135 41683986    3851 1
 776 41683986 41707126   23140 1
 777 41707126 41707127       1 1
 778 41707127 41728647   21520 1
 779 41728647 41734041    5394 1
 780 41734041 41736607    2566 1
 781 41736607 41760315   23708 1
 782 41760315 41760315       0 1
 783 41760315 41760315       0 1
 784 41760315 41760315       0 1
 785 41760315 41767180    6865 1
 786 41767180 41779184   12004 1
 787 41779184 41779184       0 1
 788 41779184 41993498  214314 4
 789 41993498 41993498       0 1
 790 41993498 42050247   56749 1
 791 42051767 42188268  136501 2
 792 42189788 42198731    8943 1
 793 42198731 42206153    7422 1
 794 42206153 42229804   23651 1
 795 42229804 42229804       0 1
 796 42229804 42238889    9085 1
 797 42319862 42349688   29826 1
 798 42349688 42374873   25185 1
 799 42400777 42482297   81520 1
 800 42482297 42482298       1 1
 801 42482298 42496037   13739 1
 802 42497557 43603979 1106422 2
 803 43605499 43637996   32497 1
 804 43639517 43955377  315860 2
 805 43956897 44049377   92480 1
 806 44049377 44094129   44752 1
 807 44095649 44308272  212623 2
 808 44309792 44353114   43322 1
 809 44354634 45060457  705823 2
 810 45181555 45266469   84914 2
 811 45266469 45266470       1 2
 812 45266470 45272802    6332 2
 813 45272802 45310149   37347 2
 814 45310149 45337010   26861 2
 815 45338530 45524554  186024 2
 816 45526074 45545266   19192 2
 817 45545266 45545266       0 2
 818 45545266 45571587   26321 2
 819 45599330 45637253   37923 2
 820 45637253 45638223     970 2
 821 45638223 45644719    6496 2
 822 45672781 45698324   25543 2
 823 45699844 45929018  229174 2
 824 45930538 45957610   27072 2
 825 45959130 46291494  332364 2
 826 46293014 46346572   53558 2
 827 46346572 46375338   28766 2
 828 46442233 46548769  106536 2
 829 46548769 46548770       1 2
 830 46550290 46885312  335022 2
 831 46886832 47012281  125449 4
 832 47012281 47012282       1 2
 833 47028160 47061776   33616 4
 834 47061776 47061776       0 2
 835 47061776 47061776       0 2
 836 47061776 47061776       0 2
 837 47061776 47061776       0 2
 838 47061776 47061776       0 2
 839 47061776 47061776       0 2
 840 47061776 47061776       0 2
 841 47061776 47061776       0 2
 842 47061776 47061776       0 2
 843 47061776 47061776       0 2
 844 47061776 47061776       0 2
 845 47061776 47081439   19663 2
 846 47081439 47081439       0 2
 847 47081439 47081439       0 2
 848 47081439 47081439       0 2
 849 47081439 47082837    1398 2
 850 47082837 47104955   22118 2
 851 47104955 47104955       0 1
 852 47104955 47104955       0 1
 853 47104955 47104955       0 1
 854 47104955 47104955       0 1
 855 47104955 47104955       0 1
 856 47104955 47127279   22324 1
 857 47138351 47141940    3589 1
 858 47141940 47166288   24348 1
 859 47178763 47185683    6920 1
 860 47185683 47186335     652 1
 861 47186335 47189001    2666 1
 862 47189001 47195135    6134 1
 863 47195135 47195135       0 1
 864 47195135 47195135       0 1
 865 47195135 47195135       0 1
 866 47195135 47195135       0 1
 867 47195135 47195135       0 1
 868 47195135 47195135       0 1
 869 47195135 47197306    2171 1
 870 47197306 47197306       0 1
 871 47197306 47197306       0 1
 872 47197306 47197306       0 1
 873 47197306 47197306       0 1
 874 47197306 47197306       0 1
 875 47197306 47197308       2 1
 876 47197308 47197630     322 1
 877 47197630 47204291    6661 1
 878 47204291 47204291       0 1
 879 47204291 47204291       0 1
 880 47204291 47204291       0 1
 881 47204291 47204291       0 1
 882 47204291 47204291       0 1
 883 47204291 47204291       0 1
 884 47204291 47204291       0 1
 885 47204291 47204291       0 1
 886 47204291 47204291       0 1
 887 47204291 47204929     638 1
 888 47204929 47205685     756 1
 889 47205685 47206643     958 1
 890 47206643 47207779    1136 1
 891 47207779 47207779       0 1
 892 47207779 47222438   14659 1
 893 47222438 47222438       0 1
 894 47222438 47222438       0 1
 895 47222438 47222438       0 1
 896 47222438 47222438       0 1
 897 47222438 47222438       0 1
 898 47222438 47254008   31570 1
 899 47264853 47282688   17835 1
 900 47282688 47282688       0 1
 901 47282688 47287889    5201 1
 902 47287889 47293057    5168 1
 903 47293057 47307602   14545 1
 904 47307602 47307602       0 1
 905 47307602 47307602       0 1
 906 47307602 47307602       0 1
 907 47307602 47307602       0 1
 908 47307602 47307602       0 1
 909 47307602 47326223   18621 1
 910 47326223 47326582     359 1
 911 47326582 47335682    9100 1
 912 47335682 47360587   24905 1
 913 47362107 47584232  222125 2
 914 47585752 47655395   69643 1
 915 47656915 47839316  182401 2
 916 47840836 48469292  628456 4
 917 48470812 48738761  267949 2
 918 48740281 48765280   24999 1
 919 48765280 48765280       0 1
 920 48765280 48765280       0 1
 921 48765280 48765280       0 1
 922 48765280 48771564    6284 1
 923 48773084 49260245  487161 2
 924 49261765 49340223   78458 1
 925 49341743 49592289  250546 2
 926 49593809 49607728   13919 1
 927 49607728 49607728       0 1
 928 49607728 49607728       0 1
 929 49607728 49607728       0 1
 930 49607728 49631999   24271 1
 931 49662512 49686397   23885 1
 932 49687917 49848723  160806 2
 933 49850243 49860750   10507 1
 934 49860750 49861613     863 1
 935 49861613 49870177    8564 1
 936 49870177 49870177       0 1
 937 49870177 49893292   23115 1
 938 49901027 49927484   26457 1
 939 49927484 49927484       0 1
 940 49927484 49955700   28216 1
 941 49955700 49972983   17283 1
 942 49972983 49974143    1160 1
 943 49974143 49985582   11439 1
 944 49985582 50011138   25556 1
 945 50011138 50286878  275740 1
 946 50286878 50323163   36285 1
 947 50385087 50391509    6422 1
 948 50391509 50391509       0 1
 949 50391509 50416376   24867 1
 950 50416376 50427084   10708 1
 951 50427084 50435564    8480 1
 952 50437084 51102537  665453 2
 953 51211504 51492156  280652 2
 954 51492156 51515915   23759 2
 955 51515915 51527814   11899 2
 956 51570311 51576708    6397 2
 957 51576708 51578283    1575 2
 958 51578283 51602201   23918 2
 959 51605669 51630860   25191 2
 960 51630860 51630860       0 2
 961 51630860 51630860       0 2
 962 51630860 51630860       0 2
 963 51630860 51630861       1 2
 964 51630861 51633874    3013 2
 965 51655651 51658788    3137 2
 966 51658788 51661124    2336 2
 967 51661124 51661124       0 2
 968 51661124 51671272   10148 2
 969 51671272 51678454    7182 2
 970 51678454 51703771   25317 2
 971 51721082 51742290   21208 2
 972 51742290 51743724    1434 2
 973 51743724 51766244   22520 2
 974 51838169 51847768    9599 2
 975 51847768 51855892    8124 2
 976 51855892 51878937   23045 2
 977 51911377 51949514   38137 2
 978 51949514 51949514       0 2
 979 51949514 51949514       0 2
 980 51949514 51971738   22224 2
 981 51971738 51977570    5832 2
 982 51979069 51999572   20503 2
 983 52001092 52134497  133405 2
 984 52136017 52166324   30307 2
 985 52166324 52166325       1 2
 986 52166325 52170285    3960 2
 987 52171805 52471661  299856 2
 988 52473181 52632921  159740 2
 989 52632921 52853876  220955 2
 990 52853876 53042147  188271 4
 991 53042147 53042147       0 2
 992 53042147 53042147       0 2
 993 53042147 53042147       0 2
 994 53042147 53042147       0 2
 995 53042147 53042147       0 2
 996 53042147 53057892   15745 2
 997 53057892 53057892       0 2
 998 53057892 53057892       0 2
 999 53057892 53057892       0 2
1000 53057892 53057892       0 2
1001 53057892 53057892       0 2
1002 53057892 53061345    3453 2
1003 53061345 53062405    1060 2
1004 53062405 53062405       0 2
1005 53062405 53062405       0 2
1006 53062405 53085888   23483 2
1007 53107995 53136031   28036 2
1008 53161765 53165983    4218 1
1009 53165983 53165983       0 1
1010 53165983 53165983       0 1
1011 53165983 53166528     545 1
1012 53166528 53169733    3205 1
1013 53169733 53171016    1283 1
1014 53171016 53175304    4288 1
1015 53175304 53175304       0 1
1016 53175304 53175304       0 1
1017 53175304 53175304       0 1
1018 53175304 53175304       0 1
1019 53175304 53176169     865 1
1020 53176169 53179738    3569 1
1021 53179738 53179738       0 1
1022 53179738 53179738       0 1
1023 53179738 53179738       0 1
1024 53179738 53179738       0 1
1025 53179738 53179738       0 1
1026 53179738 53179738       0 1
1027 53179738 53179738       0 1
1028 53179738 53179738       0 1
1029 53179738 53180251     513 1
1030 53180251 53181487    1236 1
1031 53181487 53181487       0 1
1032 53181487 53181487       0 1
1033 53181487 53181487       0 1
1034 53181487 53181487       0 1
1035 53181487 53181487       0 1
1036 53181487 53182208     721 1
1037 53182208 53182391     183 1
1038 53182391 53185882    3491 1
1039 53185882 53185882       0 1
1040 53185882 53188861    2979 1
1041 53188861 53190570    1709 1
1042 53190570 53195420    4850 1
1043 53195420 53195420       0 1
1044 53195420 53195420       0 1
1045 53195420 53218002   22582 1
1046 53218002 53228456   10454 1
1047 53236225 53252567   16342 1
1048 53252567 53255800    3233 1
1049 53255800 53262309    6509 1
1050 53262309 53270354    8045 1
1051 53270354 53273942    3588 1
1052 53273942 53273942       0 1
1053 53273942 53285358   11416 1
1054 53285358 53285358       0 1
1055 53285358 53306656   21298 1
1056 53366013 53381956   15943 1
1057 53381956 53385541    3585 1
1058 53385541 53395262    9721 1
1059 53395262 53395262       0 1
1060 53395262 53395262       0 1
1061 53395262 53395262       0 1
1062 53395262 53395262       0 1
1063 53395262 53396479    1217 1
1064 53396479 53396479       0 1
1065 53396479 53396587     108 1
1066 53396587 53413989   17402 1
1067 53413989 53413989       0 1
1068 53413989 53413989       0 1
1069 53413989 53413989       0 1
1070 53413989 53413989       0 1
1071 53413989 53413989       0 1
1072 53413989 53413989       0 1
1073 53413989 53415164    1175 1
1074 53415164 53421146    5982 1
1075 53421146 53421146       0 1
1076 53421146 53421146       0 1
1077 53421146 53421146       0 1
1078 53421146 53443774   22628 1
1079 53443774 53444561     787 1
1080 53446081 53670122  224041 2
1081 53671642 53698837   27195 1
1082 53698837 53714910   16073 1
1083 53714910 53715875     965 1
1084 53715875 53716375     500 1
1085 53716375 53719632    3257 1
1086 53719632 53722994    3362 1
1087 53722994 53746167   23173 1
1088 53747687 53854051  106364 2
1089 53855571 53882712   27141 1
1090 53882712 53882713       1 1
1091 53890015 53902698   12683 1
1092 53902698 53925524   22826 1
1093 53954073 53976305   22232 1
1094 53976305 53986936   10631 1
1095 53986936 54020324   33388 1
1096 54021844 54453072  431228 2
1097 54454592 54458010    3418 1
1098 54458010 54480353   22343 1
1099 54560934 54585955   25021 1
1100 54585955 54586981    1026 1
1101 54586981 54652142   65161 1
1102 54652142 54734935   82793 1
1103 54734935 54797734   62799 1
1104 54804071 54833958   29887 1
1105 54833958 54954983  121025 1
1106 54956503 55994697 1038194 2
1107 55996217 56009842   13625 1
1108 56009842 56018261    8419 1
1109 56018261 56028310   10049 1
1110 56028310 56053764   25454 1
1111 56055284 56349019  293735 2
1112 56350539 56674127  323588 1
1113 56675647 57144620  468973 2
1114 57798958 57836220   37262 2
1115 57836220 57848732   12512 2
1116 57848732 57863578   14846 2
1117 57863578 57890311   26733 2
1118 57890311 57910486   20175 2
1119 57910486 57923994   13508 2
1120 57923994 57940621   16627 2
1121 57940621 57955502   14881 2
1122 57992836 58022858   30022 2
1123 58022858 58022858       0 2
1124 58022858 58033386   10528 2
1125 58033386 58043885   10499 2
1126 58057222 58059103    1881 2
1127 58059103 58088551   29448 2
1128 58104646 58108270    3624 2
1129 58108270 58115377    7107 2
1130 58115377 58122663    7286 2
1131 58122663 58122663       0 2
1132 58122663 58133288   10625 2
1133 58133288 58156394   23106 2
1134 58156394 58156394       0 2
1135 58156394 58166223    9829 2
1136 58166223 58166223       0 2
1137 58166223 58166895     672 2
1138 58166895 58166895       0 2
1139 58166895 58194569   27674 2
1140 58194569 58195319     750 2
1141 58195319 58201775    6456 2
1142 58242116 58291775   49659 2
1143 58291775 58578870  287095 2
1144 58578870 58633991   55121 2
1145 58633991 58811323  177332 2
1146 58811323 58962926  151603 4
1147 58962926 58962927       1 2
1148 58981207 58985913    4706 2
1149 58985913 58986849     936 2
1150 58986849 59009928   23079 2
1151 59068395 59093132   24737 2
1152 59093132 59100590    7458 2
1153 59100590 59100759     169 2
1154 59100759 59122792   22033 2
1155 59210782 59235800   25018 1
1156 59235800 59235800       0 1
1157 59235800 59236053     253 1
1158 59236053 59236053       0 1
1159 59236053 59245519    9466 1
1160 59245519 59246551    1032 1
1161 59246551 59247720    1169 1
1162 59247720 59269379   21659 1
1163 59269379 59272859    3480 1
1164 59272859 59272860       1 1
1165 59315409 59366233   50824 4
1166 59366233 59366233       0 1
1167 59366233 59366233       0 1
1168 59366233 59366233       0 1
1169 59366233 59366233       0 1
1170 59366233 59366233       0 1
1171 59366233 59379321   13088 1
1172 59380841 59514683  133842 2
1173 59516203 59538349   22146 1
1174 59538349 59538349       0 1
1175 59538349 59538349       0 1
1176 59538349 59538349       0 1
1177 59538349 59538349       0 1
1178 59538349 59538349       0 1
1179 59538349 59538349       0 1
1180 59538349 59538349       0 1
1181 59538349 59538349       0 1
1182 59538349 59553114   14765 1
1183 59553114 59555959    2845 1
1184 59601287 59638114   36827 1
1185 59638114 59638114       0 1
1186 59638114 59638114       0 1
1187 59638114 59650946   12832 1
1188 59650946 59654055    3109 1
1189 59654055 59655272    1217 1
1190 59707658 59710567    2909 1
1191 59710567 59730185   19618 1
1192 59730185 59730185       0 1
1193 59730185 59730185       0 1
1194 59730185 59738664    8479 1
1195 59738664 59740755    2091 1
1196 59740755 59777852   37097 1
1197 59777852 59801752   23900 1
1198 59832832 59857078   24246 1
1199 59857078 59857078       0 1
1200 59857078 59857078       0 1
1201 59857078 59857078       0 1
1202 59857078 59857078       0 1
1203 59857078 59875901   18823 1
1204 59875901 59877525    1624 1
1205 59877525 59877525       0 1
1206 59877525 59899496   21971 1
1207 59901660 59907238    5578 1
1208 59907238 59907238       0 1
1209 59907238 59935295   28057 1
1210 59935295 59944889    9594 1
1211 60016238 60293234  276996 1
1212 60293234 60314315   21081 1
1213 60315835 60444707  128872 2
1214 60446228 60516065   69837 1
1215 60516065 60516066       1 1
1216 60516066 60590509   74443 1
1217 60592029 62063544 1471515 2
1218 62065064 62083790   18726 1
1219 62083790 62093444    9654 1
1220 62093444 62093444       0 1
1221 62093444 62095571    2127 1
1222 62095571 62118939   23368 1
1223 62138571 62157485   18914 1
1224 62157485 62162194    4709 1
1225 62162194 62164349    2155 1
1226 62164349 62164789     440 1
1227 62164789 62168185    3396 1
1228 62168185 62168185       0 1
1229 62168185 62170004    1819 1
1230 62170004 62173552    3548 1
1231 62173552 62173552       0 1
1232 62173552 62173552       0 1
1233 62173552 62173552       0 1
1234 62173552 62176649    3097 1
1235 62176649 62180075    3426 1
1236 62180075 62204142   24067 1
1237 62225097 62258306   33209 1
1238 62322520 62705844  383324 1
1239 62705844 62705844       0 1
1240 62705844 62710573    4729 1
1241 62710573 62710573       0 1
1242 62710573 62713392    2819 1
1243 62713392 62737385   23993 1
1244 62738905 63186703  447798 2
1245 63711071 63735102   24031 2
1246 63736622 64235667  499045 2
1247 64237187 64356767  119580 2
1248 64356767 64430335   73568 2
1249 64430335 64438817    8482 2
1250 64438817 64479396   40579 2
1251 64498004 64629711  131707 2
1252 64629711 64686120   56409 2
1253 64686120 64774507   88387 2
1254 64774507 65008376  233869 4
1255 65008376 65008377       1 2
1256 65009897 65169352  159455 2
1257 65170872 65186502   15630 2
1258 65186502 65194241    7739 2
1259 65194241 65198178    3937 2
1260 65198178 65199971    1793 2
1261 65199971 65207123    7152 2
1262 65207123 65212434    5311 2
1263 65212434 65236011   23577 2
1264 65236011 65236011       0 1
1265 65236011 65236011       0 1
1266 65236011 65243028    7017 1
1267 65243028 65243028       0 1
1268 65243028 65265155   22127 1
1269 65307889 65350100   42211 4
1270 65350100 65350100       0 1
1271 65350100 65350100       0 1
1272 65350100 65350100       0 1
1273 65350100 65350100       0 1
1274 65350100 65350100       0 1
1275 65350100 65354676    4576 1
1276 65385624 65402411   16787 1
1277 65402411 65424227   21816 1
1278 65480006 65502511   22505 1
1279 65502511 65502511       0 1
1280 65502511 65502511       0 1
1281 65502511 65502511       0 1
1282 65502511 65502511       0 1
1283 65502511 65502511       0 1
1284 65502511 65524207   21696 1
1285 65524207 65526731    2524 1
1286 65529914 65539865    9951 1
1287 65539865 65539865       0 1
1288 65539865 65564255   24390 1
1289 65564255 65593818   29563 1
1290 65593818 65600252    6434 1
1291 65600252 65622428   22176 1
1292 65622428 65628854    6426 1
1293 65628854 65634474    5620 1
1294 65634474 65655448   20974 1
1295 65655448 65655448       0 1
1296 65655448 65655448       0 1
1297 65655448 65658931    3483 1
1298 65658931 65661227    2296 1
1299 65661227 65685090   23863 1
1300 65685090 65689700    4610 1
1301 65689700 65690115     415 1
1302 65690115 65696932    6817 1
1303 65696932 65699524    2592 1
1304 65699524 65721535   22011 1
1305 65723056 66013433  290377 2
1306 66014954 66333545  318591 1
1307 66333545 66350436   16891 1
1308 66350436 66374302   23866 1
1309 66374302 66400493   26191 1
1310 66402013 68310553 1908540 2
1311 68312073 68669535  357462 1
1312 68669535 68697322   27787 1
1313 68698842 69228786  529944 2
1314 69562595 69588985   26390 2
1315 69588985 69615377   26392 2
1316 69652656 69677227   24571 2
1317 69678748 69905987  227239 2
1318 69907507 69999956   92449 2
1319 69999956 70014845   14889 2
1320 70014845 70064302   49457 2
1321 70064302 70087306   23004 2
1322 70087306 70134998   47692 2
1323 70134998 70135536     538 2
1324 70135536 70135537       1 2
1325 70135537 70152484   16947 2
1326 70152484 70157064    4580 2
1327 70157064 70160628    3564 2
1328 70160628 70185817   25189 2
1329 70272249 70460087  187838 4
1330 70460087 70460087       0 2
1331 70460087 70465205    5118 2
1332 70465205 70465205       0 2
1333 70465205 70485717   20512 2
1334 70485717 70612608  126891 2
1335 70630190 70763822  133632 2
1336 70763822 70763822       0 2
1337 70763822 70763822       0 2
1338 70763822 70888979  125157 4
1339 70888979 70888980       1 2
1340 70888980 70905007   16027 2
1341 70905007 70968478   63471 2
1342 70968478 70975545    7067 2
1343 70975545 70976095     550 2
1344 70976095 70982278    6183 2
1345 70982278 71005294   23016 2
1346 71043963 71051521    7558 2
1347 71051521 71056560    5039 2
1348 71056560 71057221     661 2
1349 71057221 71059746    2525 2
1350 71059746 71062609    2863 2
1351 71062609 71062609       0 2
1352 71062609 71062679      70 2
1353 71062679 71066003    3324 2
1354 71066003 71066003       0 2
1355 71066003 71066003       0 2
1356 71066003 71067259    1256 2
1357 71067259 71067896     637 2
1358 71067896 71070883    2987 2
1359 71070883 71070883       0 2
1360 71070883 71070883       0 2
1361 71070883 71070883       0 2
1362 71070883 71072315    1432 2
1363 71072315 71074180    1865 2
1364 71074180 71074180       0 2
1365 71074180 71074531     351 2
1366 71074531 71075442     911 2
1367 71075442 71098429   22987 2
1368 71099949 71284645  184696 2
1369 71286165 71287897    1732 1
1370 71287897 71287897       0 1
1371 71287897 71289441    1544 1
1372 71289441 71300725   11284 1
1373 71300725 71300725       0 1
1374 71300725 71300725       0 1
1375 71300725 71306959    6234 1
1376 71306959 71338909   31950 4
1377 71338909 71338910       1 1
1378 71372521 71401068   28547 1
1379 71401068 71401068       0 1
1380 71401068 71403434    2366 1
1381 71403434 71411035    7601 1
1382 71411035 71411036       1 1
1383 71411036 71424194   13158 1
1384 71424194 71429258    5064 1
1385 71429258 71451021   21763 1
1386 71482538 71515542   33004 1
1387 71515542 71515543       1 1
1388 71515543 71517658    2115 1
1389 71517658 71521099    3441 1
1390 71521099 71521549     450 1
1391 71521549 71523198    1649 1
1392 71523198 71524467    1269 1
1393 71524467 71538756   14289 1
1394 71538756 71538756       0 1
1395 71538756 71538756       0 1
1396 71538756 71538756       0 1
1397 71538756 71540831    2075 1
1398 71540831 71542863    2032 1
1399 71542863 71542863       0 1
1400 71542863 71550534    7671 1
1401 71550534 71552698    2164 1
1402 71552698 71568103   15405 1
1403 71568103 71568103       0 1
1404 71568103 71568103       0 1
1405 71568103 71568103       0 1
1406 71568103 71568103       0 1
1407 71568103 71568103       0 1
1408 71568103 71568751     648 1
1409 71568751 71568751       0 1
1410 71568751 71573142    4391 1
1411 71573142 71595742   22600 1
1412 71595742 71608278   12536 1
1413 71608278 71608279       1 1
1414 71608279 71614684    6405 1
1415 71614684 71616808    2124 1
1416 71616808 71633143   16335 1
1417 71633143 71661633   28490 1
1418 71672848 71694708   21860 1
1419 71694708 71703042    8334 1
1420 71703042 71704419    1377 1
1421 71704419 71936346  231927 1
1422 71936346 71946059    9713 1
1423 71946059 71957904   11845 1
1424 71957904 71957904       0 1
1425 71957904 71958649     745 1
1426 71958649 71958649       0 1
1427 71958649 71974026   15377 1
1428 71974026 71974026       0 1
1429 71974026 71974026       0 1
1430 71974026 71974026       0 1
1431 71974026 71976469    2443 1
1432 71976469 71976469       0 1
1433 71976469 71976469       0 1
1434 71976469 71978562    2093 1
1435 71978562 71979376     814 1
1436 71979376 71991075   11699 1
1437 71991075 71991075       0 1
1438 71991075 71991075       0 1
1439 71991075 71991075       0 1
1440 71991075 71991075       0 1
1441 71991075 71991467     392 1
1442 71991467 72007080   15613 1
1443 72007080 72007080       0 1
1444 72007080 72031118   24038 1
1445 72032638 73178789 1146151 2
1446 73180309 73186666    6357 1
1447 73186666 73186976     310 1
1448 73186976 73209693   22717 1
1449 73211213 74224403 1013190 2
1450 74225923 74240336   14413 1
1451 74240336 74242403    2067 1
1452 74242403 74255768   13365 1
1453 74255768 74255768       0 1
1454 74255768 74279832   24064 1
1455 74281352 74754068  472716 2
1456 74755588 74765390    9802 1
1457 74765390 74788990   23600 1
1458 74790510 75270867  480357 2
1459 75359785 75454509   94724 2
1460 75454509 75454509       0 2
1461 75454509 75454510       1 2
1462 75489950 75638674  148724 2
1463 75638674 75638674       0 2
1464 75638674 75646479    7805 2
1465 75646479 75646480       1 2
1466 75699367 75819950  120583 2
1467 75819950 75986892  166942 2
1468 75986892 76056094   69202 2
1469 76056094 76155979   99885 2
1470 76155979 76329565  173586 4
1471 76329565 76329566       1 2
1472 76329566 76378512   48946 2
1473 76378512 76531560  153048 4
1474 76531560 76531561       1 2
1475 76531561 76542818   11257 2
1476 76542818 76581772   38954 2
1477 76589169 76619452   30283 2
1478 76619452 76622219    2767 2
1479 76622219 76640901   18682 2
1480 76640901 76664297   23396 2
1481 76695017 76737971   42954 2
1482 76737971 76737971       0 2
1483 76737971 76737971       0 2
1484 76737971 76737971       0 2
1485 76737971 76737971       0 2
1486 76737971 76747006    9035 2
1487 76747006 76747007       1 2
1488 76760362 76793685   33323 2
1489 76793685 76793685       0 2
1490 76793685 76797650    3965 2
1491 76797650 76833549   35899 4
1492 76833549 76833549       0 2
1493 76833549 76833549       0 2
1494 76833549 76844967   11418 2
1495 76844967 76847456    2489 2
1496 76848976 76951214  102238 2
1497 76952734 76955923    3189 2
1498 76955923 76958123    2200 2
1499 76958123 76981787   23664 2
1500 76983307 77133349  150042 2
1501 77134869 77159157   24288 2
1502 77205453 77211582    6129 2
1503 77211582 77215380    3798 2
1504 77215380 77215380       0 2
1505 77215380 77215380       0 2
1506 77215380 77218519    3139 2
1507 77218519 77230939   12420 2
1508 77230939 77241146   10207 2
1509 77241146 77241146       0 2
1510 77241146 77241146       0 2
1511 77241146 77241146       0 2
1512 77241146 77245813    4667 2
1513 77245813 77245813       0 2
1514 77245813 77245813       0 2
1515 77245813 77245813       0 2
1516 77245813 77263725   17912 2
1517 77263725 77263725       0 2
1518 77263725 77263725       0 2
1519 77263725 77286183   22458 2
1520 77299129 77399819  100690 4
1521 77399819 77399820       1 1
1522 77399820 77403460    3640 1
1523 77403460 77405242    1782 1
1524 77405242 77427731   22489 1
1525 77461091 77488228   27137 1
1526 77488228 77488229       1 1
1527 77488229 77493058    4829 1
1528 77493058 77507609   14551 1
1529 77507609 77533648   26039 1
1530 77533648 77540026    6378 1
1531 77540026 77573565   33539 1
1532 77573565 77576552    2987 1
1533 77576552 77598182   21630 1
1534 77598182 77620271   22089 1
1535 77621791 77728648  106857 2
1536 77730168 77752921   22753 1
1537 77752921 77780886   27965 1
1538 77780886 77918726  137840 1
1539 77918726 77925599    6873 1
1540 77925599 77935367    9768 1
1541 77935367 77945493   10126 1
1542 77945493 77945493       0 1
1543 77945493 77968222   22729 1
1544 77968222 77971558    3336 1
1545 77971558 77971559       1 1
1546 77971559 77972005     446 1
1547 77972005 77972348     343 1
1548 77972348 77986650   14302 1
1549 77986650 77986650       0 1
1550 77986650 78010049   23399 1
1551 78011569 79286976 1275407 2
1552 79288496 79312304   23808 1
1553 79313824 79572054  258230 2
1554 79573574 79646954   73380 1
1555 79648474 80072131  423657 2
1556 80073651 80098713   25062 1
1557 80098713 80102327    3614 1
1558 80102327 80111457    9130 1
1559 80129555 80779253  649698 1
1560 80780773 81312950  532177 2
1561 82015410 82067786   52376 4
1562 82067786 82067786       0 2
1563 82067786 82067787       1 2
1564 82123402 82168744   45342 2
1565 82168744 82218528   49784 2
1566 82218528 82388225  169697 2
1567 82388225 82452293   64068 4
1568 82452293 82452293       0 2
1569 82452293 82497890   45597 2
1570 82499410 82884603  385193 2
1571 82886123 83092141  206018 4
1572 83092141 83092142       1 2
1573 83121306 83148470   27164 2
1574 83148470 83148471       1 2
1575 83148471 83153128    4657 2
1576 83154648 83273836  119188 2
1577 83275356 83404199  128843 4
1578 83404199 83404200       1 1
1579 83404200 83430486   26286 1
1580 83430486 83447424   16938 1
1581 83447424 83454221    6797 1
1582 83454221 83478395   24174 1
1583 83479915 83782625  302710 2
1584 83784145 83819883   35738 1
1585 83832115 83890154   58039 1
1586 83890154 83890154       0 1
1587 83890154 83891508    1354 1
1588 83891508 83908415   16907 1
1589 83909935 84088603  178668 2
1590 84090123 84113527   23404 1
1591 84113527 84113527       0 1
1592 84113527 84116014    2487 1
1593 84116014 84122897    6883 1
1594 84124417 84652427  528010 2
1595 84653947 84675338   21391 1
1596 84676858 84820069  143211 2
1597 84821589 84842522   20933 1
1598 84844042 85117715  273673 2
1599 85119235 85154592   35357 1
1600 85154592 85154592       0 1
1601 85154592 85154592       0 1
1602 85154592 85154592       0 1
1603 85154592 85166656   12064 1
1604 85166656 85172629    5973 1
1605 85172629 85198281   25652 1
1606 86113738 86399000  285262 1