   0     4460    28119   23659 1
   1    28119    38292   10173 1
   2    38292    41408    3116 1
   3    41408    48051    6643 1
   4    48051    73892   25841 1
   5    75412   367296  291884 2
   6   368816   401678   32862 1
   7   401678   406302    4624 1
   8   406302   410095    3793 1
   9   410095   460400   50305 1
  10   461920   658182  196262 2
  11   659702   664190    4488 1
  12   664190   689300   25110 1
  13   690820  1621317  930497 2
  14  1622837  1637948   15111 1
  15  1637948  1639515    1567 1
  16  1639515  1644931    5416 1
  17  1644931  1667214   22283 1
  18  1681147  1724241   43094 1
  19  1734477  1750030   15553 1
  20  1750030  1759405    9375 1
  21  1760925  1882588  121663 2
  22  1884108  1906982   22874 1
  23  1906982  1931455   24473 1
  24  1932975  2731753  798778 2
  25  2733273  3417138  683865 1
  26  3417138  3417139       1 1
  27  3418659  3984712  566053 2
  28  4327203  4418460   91257 2
  29  4418460  4418460       0 2
  30  4418460  4425948    7488 2
  31  4427468  5408916  981448 2
  32  5410436  5447681   37245 2
  33  5447681  5447681       0 2
  34  5447681  5450561    2880 2
  35  5450561  5455481    4920 2
  36  5455481  5458866    3385 2
  37  5460831  5483874   23043 2
  38  5483874  5483875       1 2
  39  5483875  5497417   13542 2
  40  5497417  5526335   28918 2
  41  5526335  5548994   22659 2
  42  5553633  5576962   23329 2
  43  5578734  5581331    2597 2
  44  5581331  5588685    7354 2
  45  5588685  5591111    2426 2
  46  5591111  5603548   12437 2
  47  5603548  5603548       0 2
  48  5603548  5605154    1606 2
  49  5605154  5606857    1703 2
  50  5606857  5612207    5350 2
  51  5612207  5612207       0 2
  52  5612207  5635120   22913 2
  53  5675770  5682067    6297 2
  54  5682067  5695870   13803 2
  55  5695870  5695870       0 2
  56  5695870  5695870       0 2
  57  5695870  5704040    8170 2
  58  5704040  5704626     586 2
  59  5704626  5731015   26389 4
  60  5731015  5731015       0 2
  61  5731015  5731015       0 2
  62  5731015  5731015       0 2
  63  5731015  5731015       0 2
  64  5731015  5731015       0 2
  65  5731015  5731015       0 2
  66  5731015  5731015       0 2
  67  5731015  5750924   19909 2
  68  5750924  5757335    6411 2
  69  5757335  5781097   23762 2
  70  5783161  5785499    2338 2
  71  5785499  5785992     493 2
  72  5785992  5821635   35643 4
  73  5821635  5821635       0 2
  74  5821635  5821635       0 2
  75  5821635  5834239   12604 2
  76  5839539  5863437   23898 2
  77  5863437  5863437       0 2
  78  5863437  5863437       0 2
  79  5863437  5875175   11738 2
  80  5875175  5875175       0 2
  81  5875175  5879531    4356 2
  82  5879531  5879555      24 2
  83  5879555  5881392    1837 2
  84  5881392  5904022   22630 2
  85  5904022  5906508    2486 2
  86  5914199  5953911   39712 2
  87  5953911  5953911       0 2
  88  5953911  5953911       0 2
  89  5953911  5970752   16841 2
  90  5970752  5974421    3669 2
  91  5974421  5974421       0 2
  92  5974421  5974421       0 2
  93  5974421  5981828    7407 2
  94  5981828  5981828       0 2
  95  5981828  5985021    3193 2
  96  5985021  5986449    1428 2
  97  5986449  6009312   22863 2
  98  6009312  6018314    9002 2
  99  6018314  6018315       1 2
 100  6018315  6036517   18202 2
 101  6036517  6036518       1 1
 102  6036518  6040468    3950 1
 103  6040468  6050631   10163 1
 104  6052151  6407473  355322 2
 105  6408993  6431625   22632 1
 106  6431625  6671144  239519 1
 107  6712129  6721171    9042 1
 108  6721171  6929376  208205 1
 109  7022628  7028571    5943 1
 110  7028571  7052234   23663 1
 111  7052566  7077593   25027 1
 112  7077593  7077594       1 1
 113  7077594  7077594       0 1
 114  7077594  7077594       0 1
 115  7077594  7087263    9669 1
 116  7087263  7112193   24930 1
 117  7113713  7490722  377009 2
 118  7492242  7566381   74139 1
 119  7566381  7571400    5019 1
 120  7571400  7578729    7329 1
 121  7578729  7604917   26188 1
 122  7604917  7613432    8515 1
 123  7613432  7656806   43374 1
 124  7667587  7692435   24848 1
 125  7692435  7692435       0 1
 126  7692435  7699858    7423 1
 127  7699858  7716648   16790 1
 128  7730473  7731440     967 1
 129  7731440  7755195   23755 1
 130  7774079  7777684    3605 1
 131  7777684  7777684       0 1
 132  7777684  7804088   26404 1
 133  7804088  7804088       0 1
 134  7804088  7804089       1 1
 135  7804089  7807647    3558 1
 136  7807647  7810494    2847 1
 137  7810494  7815506    5012 1
 138  7815506  7821099    5593 1
 139  7821099  7842577   21478 1
 140  7913636  8254709  341073 1
 141  8256228  8751241  495013 2
 142  8752762  8762048    9286 1
 143  8762048  8764233    2185 1
 144  8764233  8773055    8822 1
 145  8773055  8773055       0 1
 146  8773055  8784368   11313 1
 147  8784368  8784368       0 1
 148  8784368  8787423    3055 1
 149  8787423  8810210   22787 1
 150  8811730  9618939  807209 2
 151  9620459  9621771    1312 1
 152  9621771  9649212   27441 1
 153  9650732 10011997  361265 2
 154 10013517 10074178   60661 1
 155 10074178 10151243   77065 2
 156 10152763 10252946  100183 2
 157 10254466 10352316   97850 2
 158 10352316 10442340   90024 2
 159 10442340 10674936  232596 2
 160 10674936 10684649    9713 2
 161 10684649 10800220  115571 2
 162 10864511 10866044    1533 2
 163 10866044 10893291   27247 2
 164 10893291 10899508    6217 2
 165 10963372 11021976   58604 2
 166 11021976 11025659    3683 2
 167 11025659 11028155    2496 2
 168 11028155 11031351    3196 2
 169 11031351 11033275    1924 2
 170 11033275 11043025    9750 2
 171 11043025 11067061   24036 2
 172 11068581 11253477  184896 2
 173 11254997 11260725    5728 2
 174 11260725 11290223   29498 2
 175 11291743 11388779   97036 2
 176 11390299 11564193  173894 2
 177 11564193 11564194       1 2
 178 11564194 11564292      98 2
 179 11564292 11578099   13807 2
 180 11579619 11685318  105699 2
 181 11686838 11772934   86096 4
 182 11772934 11772934       0 2
 183 11772934 11775979    3045 2
 184 11775979 11775980       1 2
 185 11822830 11844854   22024 2
 186 11844854 11855395   10541 2
 187 11855395 11857268    1873 2
 188 11857268 11860175    2907 2
 189 11860175 11890717   30542 4
 190 11890717 11890717       0 2
 191 11890717 11890717       0 2
 192 11890717 11908576   17859 2
 193 11908576 11913969    5393 2
 194 11913969 11913969       0 2
 195 11913969 11913969       0 2
 196 11913969 11913969       0 2
 197 11913969 11932124   18155 2
 198 11932124 11932124       0 2
 199 11932124 11932124       0 2
 200 11932124 11937148    5024 2
 201 11937148 11948427   11279 2
 202 11948492 11950823    2331 2
 203 11950823 11959434    8611 2
 204 11959434 11964477    5043 2
 205 11964477 11969546    5069 2
 206 11969546 11969546       0 2
 207 11969546 11969682     136 2
 208 11969682 11976297    6615 2
 209 11976297 11976297       0 2
 210 11976297 12003773   27476 2
 211 12005209 12007162    1953 2
 212 12007162 12009495    2333 2
 213 12009495 12017465    7970 2
 214 12017465 12017465       0 2
 215 12017465 12018478    1013 2
 216 12018478 12045220   26742 2
 217 12046740 12333771  287031 2
 218 12335291 12360236   24945 1
 219 12360236 12360711     475 1
 220 12360711 12364014    3303 1
 221 12364014 12370903    6889 1
 222 12370903 12380377    9474 1
 223 12380377 12403494   23117 1
 224 12403494 12403494       0 1
 225 12403494 12403494       0 1
 226 12403494 12428078   24584 1
 227 12437367 12438842    1475 1
 228 12438842 12443537    4695 1
 229 12443537 12471515   27978 1
 230 12473035 12826677  353642 2
 231 12828197 12988446  160249 1
 232 12988446 13289453  301007 1
 233 13289453 13330767   41314 1
 234 13330767 13431059  100292 1
 235 13431059 13435479    4420 1
 236 13435479 13479249   43770 1
 237 13479249 13502800   23551 1
 238 13502800 13502800       0 1
 239 13502800 13528628   25828 1
 240 13566468 13608967   42499 1
 241 13608967 13617265    8298 1
 242 13617265 13617266       1 1
 243 13633487 13671928   38441 1
 244 13671928 13671929       1 1
 245 13671929 13674225    2296 1
 246 13702199 13716801   14602 1
 247 13716801 13723638    6837 1
 248 13723638 13727752    4114 1
 249 13727752 13756955   29203 1
 250 13758475 13887236  128761 2
 251 13888756 13910583   21827 1
 252 13912103 14861543  949440 2
 253 14863063 14889012   25949 1
 254 14889012 14915094   26082 1
 255 14918098 14923811    5713 1
 256 14923811 14948755   24944 1
 257 14950275 15318571  368296 2
 258 15320091 15352992   32901 1
 259 15352992 15374116   21124 1
 260 15437912 15484698   46786 1
 261 15484698 15484699       1 1
 262 15484699 15486644    1945 1
 263 15486644 15497725   11081 1
 264 15497725 15514636   16911 1
 265 15514636 15514636       0 1
 266 15514636 15538359   23723 1
 267 15541784 15564660   22876 1
 268 15564660 15564660       0 1
 269 15564660 15564660       0 1
 270 15564660 15564660       0 1
 271 15564660 15564660       0 1
 272 15564660 15567834    3174 1
 273 15567834 15567834       0 1
 274 15567834 15592514   24680 1
 275 15592514 15599214    6700 1
 276 15600734 15801030  200296 2
 277 15802550 15810311    7761 1
 278 15811832 16069058  257226 2
 279 16681151 16690065    8914 2
 280 16690065 16697533    7468 2
 281 16697533 16697889     356 2
 282 16697889 16721914   24025 2
 283 16723434 16971562  248128 2
 284 16973082 17184467  211385 2
 285 17184467 17184467       0 2
 286 17184467 17184468       1 2
 287 17184468 17192659    8191 2
 288 17194179 17531574  337395 2
 289 17533094 17582786   49692 2
 290 17582786 17921588  338802 4
 291 17921588 17921589       1 2
 292 17928848 17976170   47322 2
 293 17976170 17976170       0 2
 294 17976170 18429991  453821 4
 295 18429991 18429991       0 1
 296 18429991 18429991       0 1
 297 18429991 18429991       0 1
 298 18429991 18434984    4993 1
 299 18434984 18463473   28489 1
 300 18464993 18859356  394363 2
 301 18860876 18927254   66378 1
 302 18927254 18927255       1 1
 303 18927255 19212101  284846 1
 304 19212101 19216100    3999 1
 305 19216100 19607313  391213 1
 306 19608833 19847333  238500 2
 307 19848853 19872934   24081 1
 308 19874454 20843056  968602 2
 309 20844576 20896626   52050 1
 310 20896626 20896627       1 1
 311 20896627 20910598   13971 1
 312 20912118 21298075  385957 2
 313 21299595 21335472   35877 1
 314 21335472 21369175   33703 1
 315 21370503 21399648   29145 1
 316 21399648 21467570   67922 1
 317 21467570 21473357    5787 1
 318 21473357 21506859   33502 1
 319 21566229 21590298   24069 1
 320 21591818 22111127  519309 2
 321 23518274 23652737  134463 4
 322 23652737 23652737       0 2
 323 23652737 23652737       0 2
 324 23652737 23663405   10668 2
 325 23663405 23663851     446 2
 326 23663851 23663852       1 2
 327 23663852 23668824    4972 2
 328 23668824 23675012    6188 2
 329 23675012 23676167    1155 2
 330 23676167 23678746    2579 2
 331 23678746 23678746       0 2
 332 23678746 23678746       0 2
 333 23678746 23681542    2796 2
 334 23681542 23681577      35 2
 335 23681577 23691003    9426 2
 336 23691003 23691003       0 2
 337 23691003 23691003       0 2
 338 23691003 23691003       0 2
 339 23691003 23691003       0 2
 340 23691003 23691003       0 2
 341 23691003 23691003       0 2
 342 23691003 23695250    4247 2
 343 23695250 23695250       0 2
 344 23695250 23701766    6516 2
 345 23701766 23701766       0 2
 346 23701766 23701766       0 2
 347 23701766 23701766       0 2
 348 23701766 23701766       0 2
 349 23701766 23701766       0 2
 350 23701766 23706139    4373 2
 351 23706139 23706139       0 2
 352 23706139 23706139       0 2
 353 23706139 23718495   12356 2
 354 23718495 23718495       0 2
 355 23718495 23726293    7798 2
 356 23726293 23726293       0 2
 357 23726293 23726293       0 2
 358 23726293 23736492   10199 2
 359 23736492 23736621     129 2
 360 23736621 23760591   23970 2
 361 23813846 24001203  187357 2
 362 24046843 24404290  357447 4
 363 24404290 24404290       0 1
 364 24404290 24404290       0 1
 365 24404290 24404290       0 1
 366 24404290 24404291       1 1
 367 24404291 24412456    8165 1
 368 24412456 24412457       1 1
 369 24412457 24413635    1178 1
 370 24413635 24420110    6475 1
 371 24420110 24421079     969 1
 372 24421079 24422622    1543 1
 373 24422622 24429495    6873 1
 374 24429495 24429495       0 1
 375 24429495 24429495       0 1
 376 24429495 24429495       0 1
 377 24429495 24429495       0 1
 378 24429495 24429495       0 1
 379 24429495 24431640    2145 1
 380 24431640 24431640       0 1
 381 24431640 24431640       0 1
 382 24431640 24434530    2890 1
 383 24434530 24434530       0 1
 384 24434530 24435661    1131 1
 385 24435661 24440208    4547 1
 386 24440208 24461357   21149 1
 387 24472418 24475726    3308 1
 388 24475726 24480727    5001 1
 389 24480727 24480727       0 1
 390 24480727 24483713    2986 1
 391 24483713 24483713       0 1
 392 24483713 24488407    4694 1
 393 24488407 24488407       0 1
 394 24488407 24490845    2438 1
 395 24490845 24491946    1101 1
 396 24491946 24492849     903 1
 397 24492849 24494329    1480 1
 398 24494329 24517034   22705 1
 399 24519081 24544183   25102 1
 400 24544183 24544183       0 1
 401 24544183 24544183       0 1
 402 24544183 24544193      10 1
 403 24544193 24566712   22519 1
 404 24566712 24566712       0 1
 405 24566712 24573204    6492 1
 406 24574724 24815763  241039 2
 407 24817283 25048656  231373 1
 408 25048656 25094341   45685 1
 409 25094341 25128962   34621 1
 410 25128962 25310490  181528 1
 411 25310490 25312912    2422 1
 412 25312912 25320333    7421 1
 413 25320333 25353513   33180 1
 414 25353513 25353513       0 1
 415 25353513 25383108   29595 1
 416 25383108 25463595   80487 1
 417 25473726 25514972   41246 1
 418 25548747 25561065   12318 1
 419 25561065 25583021   21956 1
 420 25591226 25614869   23643 1
 421 25616389 25959719  343330 2
 422 25961239 25982380   21141 1
 423 25985548 25988823    3275 1
 424 25988823 26216390  227567 1
 425 26217910 26558559  340649 2
 426 26560079 26583669   23590 1
 427 26585190 26966648  381458 2
 428 26968168 26982741   14573 1
 429 26982741 27007332   24591 1
 430 27008852 27270525  261673 2
 431 27272046 27323055   51009 1
 432 27323055 27349051   25996 1
 433 27349051 27377149   28098 1
 434 27378669 27515055  136386 2
 435 27516575 27543071   26496 1
 436 27544591 28153198  608607 2
 437 28621696 28639275   17579 2
 438 28639275 28663037   23762 2
 439 28664557 29530601  866044 2
 440 29532121 29749167  217046 4
 441 29749167 29749167       0 2
 442 29749167 29749167       0 2
 443 29749167 29749167       0 2
 444 29749167 29749167       0 2
 445 29749167 29749167       0 2
 446 29749167 29749167       0 2
 447 29749167 29749167       0 2
 448 29749167 29749167       0 2
 449 29749167 29768609   19442 2
 450 29788064 29812397   24333 2
 451 29870766 29893554   22788 2
 452 29921069 29942787   21718 2
 453 29942787 29944353    1566 2
 454 29944353 29960857   16504 2
 455 30024711 30056885   32174 2
 456 30085789 30383031  297242 4
 457 30383031 30383031       0 1
 458 30383031 30383031       0 1
 459 30383031 30383031       0 1
 460 30383031 30383031       0 1
 461 30383031 30383031       0 1
 462 30383031 30383031       0 1
 463 30383031 30404569   21538 1
 464 30404569 30404569       0 1
 465 30404569 30406625    2056 1
 466 30419702 30429405    9703 1
 467 30429405 30448231   18826 1
 468 30472062 30573754  101692 1
 469 30573754 30585846   12092 1
 470 30585846 30587748    1902 1
 471 30587748 30589876    2128 1
 472 30589876 30611788   21912 1
 473 30619659 30658910   39251 1
 474 30658910 30658911       1 1
 475 30658911 30659436     525 1
 476 30660956 30764314  103358 2
 477 30765834 31074253  308419 4
 478 31074253 31074254       1 1
 479 31097089 31221902  124813 1
 480 31221902 31244599   22697 1
 481 31276404 31460868  184464 1
 482 31460868 31685254  224386 1
 483 31685254 31748842   63588 1
 484 31748842 31948263  199421 1
 485 31948263 32023640   75377 1
 486 32023640 32108741   85101 1
 487 32108741 32110444    1703 1
 488 32110444 32224078  113634 1
 489 32224078 32400778  176700 1
 490 32402298 33011513  609215 2
 491 33013033 33018773    5740 1
 492 33018773 33022819    4046 1
 493 33022819 33031580    8761 1
 494 33031580 33031580       0 1
 495 33031580 33054064   22484 1
 496 33121631 33145462   23831 1
 497 33214411 33244161   29750 1
 498 33244161 33287727   43566 1
 499 33287727 33329178   41451 1
 500 33330697 33529523  198826 2
 501 33531044 33542661   11617 1
 502 33542661 33542661       0 1
 503 33542661 33569624   26963 1
 504 33569624 33570425     801 1
 505 33571945 34195268  623323 2
 506 34526680 34547962   21282 2
 507 34549482 34649341   99859 2
 508 34650861 34671750   20889 2
 509 34673270 35651310  978040 2
 510 35652830 35728363   75533 4
 511 35728363 35728363       0 2
 512 35728363 35728363       0 2
 513 35728363 35728363       0 2
 514 35728363 35738523   10160 2
 515 35740043 35859672  119629 2
 516 35861192 36053687  192495 2
 517 36053687 36053687       0 2
 518 36053687 36054239     552 2
 519 36054239 36054239       0 2
 520 36054239 36054239       0 2
 521 36054239 36076479   22240 2
 522 36102718 36170728   68010 4
 523 36170728 36170728       0 2
 524 36170728 36170728       0 2
 525 36170728 36170728       0 2
 526 36170728 36186889   16161 2
 527 36188409 36334631  146222 2
 528 36336151 36352784   16633 1
 529 36352784 36378019   25235 1
 530 36381871 36407007   25136 1
 531 36407007 36416930    9923 1
 532 36416930 36424964    8034 1
 533 36424964 36426197    1233 1
 534 36426197 36432291    6094 1
 535 36432291 36433090     799 1
 536 36433090 36433963     873 1
 537 36433963 36435520    1557 1
 538 36435520 36436357     837 1
 539 36436357 36438846    2489 1
 540 36438846 36438846       0 1
 541 36438846 36438846       0 1
 542 36438846 36438846       0 1
 543 36438846 36442407    3561 1
 544 36442407 36442407       0 1
 545 36442407 36442581     174 1
 546 36442581 36444656    2075 1
 547 36444656 36444656       0 1
 548 36444656 36445127     471 1
 549 36445127 36446689    1562 1
 550 36446689 36446689       0 1
 551 36446689 36446689       0 1
 552 36446689 36468874   22185 1
 553 36468874 36471254    2380 1
 554 36471254 36474976    3722 1
 555 36474976 36481395    6419 1
 556 36482915 36631636  148721 2
 557 36633156 36660507   27351 1
 558 36660507 36660508       1 1
 559 36660508 36670277    9769 1
 560 36670277 36670278       1 1
 561 36670278 36687281   17003 1
 562 36687281 36704062   16781 1
 563 36704062 36756514   52452 4
 564 36756514 36756515       1 1
 565 36757018 36770454   13436 1
 566 36770454 36793400   22946 1
 567 36813052 36814730    1678 1
 568 36814730 36817269    2539 1
 569 36817269 36839802   22533 1
 570 36839802 36839802       0 1
 571 36839802 36839802       0 1
 572 36839802 36839802       0 1
 573 36839802 36840209     407 1
 574 36840209 36840764     555 1
 575 36840764 36862885   22121 1
 576 36862885 36882621   19736 1
 577 36882621 36899901   17280 1
 578 36899901 36911594   11693 1
 579 36911594 36913109    1515 1
 580 36913109 36927274   14165 1
 581 36927274 36954594   27320 1
 582 36954594 36959666    5072 1
 583 36959666 36981216   21550 1
 584 36981216 37043531   62315 1
 585 37043531 37052071    8540 1
 586 37052071 37056892    4821 1
 587 37056892 37057727     835 1
 588 37057727 37074383   16656 1
 589 37074383 37097430   23047 1
 590 37101541 37107215    5674 1
 591 37107215 37107215       0 1
 592 37107215 37148626   41411 4
 593 37148626 37148627       1 1
 594 37148627 37154027    5400 1
 595 37154027 37214687   60660 1
 596 37216343 37323291  106948 1
 597 37323291 37516343  193052 1
 598 37516343 37615731   99388 1
 599 37615731 37629255   13524 1
 600 37629255 37636235    6980 1
 601 37636235 37639980    3745 1
 602 37639980 37667493   27513 1
 603 37667493 37694232   26739 1
 604 37694232 37694232       0 1
 605 37694232 37781919   87687 1
 606 37783439 39204182 1420743 2
 607 39205702 39275277   69575 1
 608 39275277 39275277       0 1
 609 39275277 39310568   35291 1
 610 39310568 39525810  215242 1
 611 39525810 39526964    1154 1
 612 39526964 39532447    5483 1
 613 39532447 39532447       0 1
 614 39532447 39532447       0 1
 615 39532447 39532447       0 1
 616 39532447 39532447       0 1
 617 39532447 39534401    1954 1
 618 39534401 39534401       0 1
 619 39534401 39534401       0 1
 620 39534401 39535150     749 1
 621 39535150 39543328    8178 1
 622 39543328 39543328       0 1
 623 39543328 39543328       0 1
 624 39543328 39543328       0 1
 625 39543328 39543328       0 1
 626 39543328 39565945   22617 1
 627 39567465 40033147  465682 2
 628 40034667 40057763   23096 1
 629 40059283 40177374  118091 2
 630 40178894 40253814   74920 1
 631 40253814 40260831    7017 2
 632 40260831 40286892   26061 2
 633 40288412 40865127  576715 2
 634 40866647 40888435   21788 2
 635 40889955 41027738  137783 2
 636 41029258 41050223   20965 2
 637 41051743 41699406  647663 2
 638 41700926 41724448   23522 2
 639 41724448 41724448       0 2
 640 41724448 41734657   10209 2
 641 41734657 41744604    9947 2
 642 41746124 41869001  122877 2
 643 41870521 41874887    4366 2
 644 41874887 41897978   23091 2
 645 41903369 42122483  219114 4
 646 42122483 42122483       0 2
 647 42122483 42122483       0 2
 648 42122483 42160723   38240 4
 649 42160723 42160723       0 2
 650 42160723 42160723       0 2
 651 42160723 42160723       0 2
 652 42160723 42160723       0 2
 653 42160723 42160723       0 2
 654 42160723 42160723       0 2
 655 42160723 42160723       0 2
 656 42160723 42160723       0 2
 657 42160723 42177780   17057 2
 658 42177780 42177780       0 2
 659 42177780 42182255    4475 2
 660 42265084 42289975   24891 1
 661 42289975 42292231    2256 1
 662 42292231 42294346    2115 1
 663 42294346 42299082    4736 1
 664 42299082 42311380   12298 1
 665 42311380 42317942    6562 1
 666 42317942 42317942       0 1
 667 42317942 42322021    4079 1
 668 42322021 42345371   23350 1
 669 42345371 42356497   11126 1
 670 42358300 42382947   24647 1
 671 42397476 42404548    7072 1
 672 42404548 42404548       0 1
 673 42404548 42415647   11099 1
 674 42415647 42415647       0 1
 675 42415647 42415647       0 1
 676 42415647 42415647       0 1
 677 42415647 42415647       0 1
 678 42415647 42415647       0 1
 679 42415647 42415647       0 1
 680 42415647 42415647       0 1
 681 42415647 42415647       0 1
 682 42415647 42415647       0 1
 683 42415647 42415647       0 1
 684 42415647 42415647       0 1
 685 42415647 42415647       0 1
 686 42415647 42415647       0 1
 687 42415647 42415750     103 1
 688 42415750 42415750       0 1
 689 42415750 42415892     142 1
 690 42415892 42416288     396 1
 691 42416288 42422679    6391 1
 692 42422679 42422679       0 1
 693 42422679 42422679       0 1
 694 42422679 42422679       0 1
 695 42422679 42422679       0 1
 696 42422679 42422679       0 1
 697 42422679 42425865    3186 1
 698 42425865 42425865       0 1
 699 42425865 42425865       0 1
 700 42425865 42425943      78 1
 701 42425943 42426113     170 1
 702 42426113 42427123    1010 1
 703 42427123 42430650    3527 1
 704 42430650 42430650       0 1
 705 42430650 42430650       0 1
 706 42430650 42430650       0 1
 707 42430650 42433942    3292 1
 708 42433942 42433942       0 1
 709 42433942 42440543    6601 1
 710 42440543 42440543       0 1
 711 42440543 42441494     951 1
 712 42441494 42443160    1666 1
 713 42443160 42464961   21801 1
 714 42481953 42494963   13010 1
 715 42494963 42497287    2324 1
 716 42497287 42504837    7550 1
 717 42504837 42524428   19591 1
 718 42524428 42524428       0 1
 719 42524428 42526580    2152 1
 720 42526580 42540144   13564 1
 721 42540144 42540144       0 1
 722 42540144 42565947   25803 1
 723 42567467 42770594  203127 2
 724 42772114 42857047   84933 4
 725 42857047 42857047       0 1
 726 42857047 42857047       0 1
 727 42857047 42857047       0 1
 728 42857047 42857047       0 1
 729 42857047 42857047       0 1
 730 42857047 42869813   12766 1
 731 42888143 42928911   40768 1
 732 42928911 42928911       0 1
 733 42928911 42928911       0 1
 734 42928911 42928911       0 1
 735 42928911 42928911       0 1
 736 42928911 42928911       0 1
 737 42928911 42928911       0 1
 738 42928911 42928911       0 1
 739 42928911 42928911       0 1
 740 42928911 42928911       0 1
 741 42928911 42928911       0 1
 742 42928911 42947183   18272 1
 743 42947183 42947183       0 1
 744 42947183 42947183       0 1
 745 42947183 42973192   26009 1
 746 42973192 42998008   24816 4
 747 42998008 42998009       1 1
 748 42999529 43333941  334412 2
 749 43335461 43359524   24063 1
 750 43402705 43421639   18934 1
 751 43421639 43421640       1 1
 752 43421640 43443497   21857 1
 753 43445017 43609248  164231 2
 754 43610768 43635763   24995 1
 755 43635763 43636358     595 1
 756 43636358 43656164   19806 1
 757 43656164 43664124    7960 1
 758 43665644 44924576 1258932 2
 759 44926096 44926268     172 1
 760 44926268 44950376   24108 1
 761 44951896 45123852  171956 2
 762 45125372 45129284    3912 1
 763 45129284 45143325   14041 1
 764 45143325 45165953   22628 1
 765 45167473 45504914  337441 2
 766 45506434 45549181   42747 1
 767 45550702 45676512  125810 2
 768 45678032 45721436   43404 1
 769 45763896 45791129   27233 1
 770 45792649 45981222  188573 2
 771 45982742 46008251   25509 1
 772 46009771 46279558  269787 2
 773 46282327 46604690  322363 2
 774 46604690 46629992   25302 2
 775 46631512 46762346  130834 2
 776 46763866 46797568   33702 2
 777 46797568 46797569       1 2
 778 46797569 46798190     621 2
 779 46799710 47471810  672100 2
 780 47473330 47515559   42229 2
 781 47515559 47515559       0 2
 782 47515559 47515559       0 2
 783 47515559 47515559       0 2
 784 47515559 47520030    4471 2
 785 47520030 47520031       1 2
 786 47527919 47551487   23568 2
 787 47620486 47664636   44150 2
 788 47664636 47664636       0 2
 789 47664636 47664636       0 2
 790 47664636 47664637       1 2
 791 47720585 48081303  360718 2
 792 48081303 48265820  184517 4
 793 48265820 48265820       0 2
 794 48265820 48265820       0 2
 795 48265820 48265820       0 2
 796 48265820 48265820       0 2
 797 48265820 48265820       0 2
 798 48265820 48265820       0 2
 799 48265820 48265820       0 2
 800 48265820 48265820       0 2
 801 48265820 48265820       0 2
 802 48265820 48265820       0 2
 803 48265820 48276441   10621 2
 804 48276441 48276441       0 2
 805 48276441 48276441       0 2
 806 48276441 48276441       0 2
 807 48276441 48278127    1686 2
 808 48278127 48278127       0 2
 809 48278127 48300776   22649 2
 810 48300776 48300776       0 2
 811 48300776 48300776       0 2
 812 48300776 48300776       0 2
 813 48300776 48300776       0 2
 814 48300776 48301046     270 2
 815 48301046 48324395   23349 2
 816 48333187 48338797    5610 1
 817 48338797 48363147   24350 1
 818 48374347 48382146    7799 1
 819 48382146 48382146       0 1
 820 48382146 48384284    2138 1
 821 48384284 48384525     241 1
 822 48384525 48384734     209 1
 823 48384734 48387701    2967 1
 824 48387701 48387701       0 1
 825 48387701 48387701       0 1
 826 48387701 48387953     252 1
 827 48387953 48389543    1590 1
 828 48389543 48392351    2808 1
 829 48392351 48392351       0 1
 830 48392351 48392351       0 1
 831 48392351 48392351       0 1
 832 48392351 48392351       0 1
 833 48392351 48392351       0 1
 834 48392351 48392516     165 1
 835 48392516 48392810     294 1
 836 48392810 48392933     123 1
 837 48392933 48393519     586 1
 838 48393519 48393537      18 1
 839 48393537 48393874     337 1
 840 48393874 48394037     163 1
 841 48394037 48400097    6060 1
 842 48400097 48400097       0 1
 843 48400097 48400097       0 1
 844 48400097 48400097       0 1
 845 48400097 48400097       0 1
 846 48400097 48400097       0 1
 847 48400097 48400097       0 1
 848 48400097 48400097       0 1
 849 48400097 48400758     661 1
 850 48400758 48401276     518 1
 851 48401276 48403906    2630 1
 852 48403906 48403906       0 1
 853 48403906 48403906       0 1
 854 48403906 48417054   13148 1
 855 48417054 48417054       0 1
 856 48417054 48417054       0 1
 857 48417054 48417054       0 1
 858 48417054 48448604   31550 1
 859 48459285 48474904   15619 1
 860 48474904 48477428    2524 1
 861 48477428 48489906   12478 1
 862 48489906 48489906       0 1
 863 48489906 48489906       0 1
 864 48489906 48498371    8465 1
 865 48498371 48498371       0 1
 866 48498371 48501515    3144 1
 867 48501515 48522463   20948 1
 868 48522463 48522463       0 1
 869 48522463 48522743     280 1
 870 48522743 48530895    8152 1
 871 48530895 48555175   24280 1
 872 48556695 48693998  137303 2
 873 48695518 48723051   27533 1
 874 48723051 48740253   17202 1
 875 48740253 48762933   22680 1
 876 48788189 48837393   49204 1
 877 48838913 49100900  261987 2
 878 49102420 49555558  453138 4
 879 49557078 49874655  317577 2
 880 49876175 49898492   22317 1
 881 49898492 49898492       0 1
 882 49898492 49921927   23435 1
 883 49921927 49921927       0 1
 884 49921927 49921927       0 1
 885 49921927 49923201    1274 1
 886 49923201 49926148    2947 1
 887 49926148 49929934    3786 1
 888 49929934 49930372     438 1
 889 49930372 49933161    2789 1
 890 49933161 49933161       0 1
 891 49933161 49940445    7284 1
 892 49940445 49940445       0 1
 893 49940445 49940445       0 1
 894 49940445 49940445       0 1
 895 49940445 49940445       0 1
 896 49940445 49943637    3192 1
 897 49943637 49943637       0 1
 898 49943637 49949050    5413 1
 899 49949050 49949050       0 1
 900 49949050 49949050       0 1
 901 49949050 49949050       0 1
 902 49949050 49960493   11443 1
 903 49960493 49982830   22337 1
 904 49982830 49985361    2531 1
 905 49985361 49987998    2637 1
 906 49989518 50306751  317233 2
 907 50308271 50419688  111417 1
 908 50419688 50419688       0 1
 909 50419688 50440456   20768 1
 910 50440456 50535671   95215 1
 911 50600234 50623310   23076 1
 912 50624830 50844493  219663 2
 913 50846013 50884748   38735 1
 914 50884748 50884748       0 1
 915 50884748 50884748       0 1
 916 50884748 50884748       0 1
 917 50884748 50884748       0 1
 918 50884748 50884748       0 1
 919 50884748 50884748       0 1
 920 50884748 50884748       0 1
 921 50884748 50884748       0 1
 922 50884748 50884748       0 1
 923 50884748 50884748       0 1
 924 50884748 50884840      92 1
 925 50884840 50907760   22920 1
 926 50909280 51124549  215269 2
 927 51126069 51152195   26126 1
 928 51172444 51198028   25584 1
 929 51198028 51205863    7835 1
 930 51205863 51232290   26427 1
 931 51233810 51580596  346786 2
 932 51582116 51610981   28865 1
 933 51610981 51610981       0 1
 934 51610981 51613041    2060 1
 935 51613041 51622758    9717 1
 936 51624278 52321631  697353 2
 937 52388795 52672537  283742 2
 938 52674057 52781023  106966 2
 939 52782543 52820420   37877 2
 940 52820420 52820420       0 2
 941 52820420 52820420       0 2
 942 52820420 52820420       0 2
 943 52820420 52820420       0 2
 944 52820420 52820420       0 2
 945 52820420 52845122   24702 2
 946 52863876 52868596    4720 2
 947 52895496 52900741    5245 2
 948 52900741 52925724   24983 2
 949 52925724 52928635    2911 2
 950 52928635 53002166   73531 2
 951 53002166 53014536   12370 2
 952 53014536 53030091   15555 2
 953 53030091 53033148    3057 2
 954 53033148 53063947   30799 2
 955 53123414 53144202   20788 2
 956 53145723 53239298   93575 2
 957 53240818 53260982   20164 2
 958 53260982 53260982       0 2
 959 53260982 53260983       1 2
 960 53293794 53320837   27043 2
 961 53320837 53320837       0 2
 962 53320837 53320934      97 2
 963 53320934 53344826   23892 2
 964 53344826 53345081     255 2
 965 53346601 53664487  317886 2
 966 53666007 53864041  198034 2
 967 53864041 54045647  181606 2
 968 54045647 54198166  152519 4
 969 54198166 54198166       0 2
 970 54198166 54198166       0 2
 971 54198166 54198166       0 2
 972 54198166 54198166       0 2
 973 54198166 54198166       0 2
 974 54198166 54210204   12038 2
 975 54221111 54246085   24974 2
 976 54246085 54246085       0 2
 977 54246085 54246085       0 2
 978 54246085 54246085       0 2
 979 54246085 54246085       0 2
 980 54246085 54246085       0 2
 981 54246085 54246085       0 2
 982 54246085 54246639     554 2
 983 54246639 54246639       0 2
 984 54246639 54246639       0 2
 985 54246639 54270151   23512 2
 986 54270151 54276039    5888 2
 987 54298763 54331678   32915 2
 988 54361631 54362579     948 1
 989 54362579 54362721     142 1
 990 54362721 54363321     600 1
 991 54363321 54366498    3177 1
 992 54366498 54370090    3592 1
 993 54370090 54370090       0 1
 994 54370090 54371812    1722 1
 995 54371812 54371812       0 1
 996 54371812 54373694    1882 1
 997 54373694 54374412     718 1
 998 54374412 54377349    2937 1
 999 54377349 54377349       0 1
1000 54377349 54377349       0 1
1001 54377349 54377349       0 1
1002 54377349 54377349       0 1
1003 54377349 54377349       0 1
1004 54377349 54377349       0 1
1005 54377349 54380675    3326 1
1006 54380675 54380675       0 1
1007 54380675 54380675       0 1
1008 54380675 54380675       0 1
1009 54380675 54380675       0 1
1010 54380675 54381186     511 1
1011 54381186 54385887    4701 1
1012 54385887 54385887       0 1
1013 54385887 54392148    6261 1
1014 54392148 54392148       0 1
1015 54392148 54392148       0 1
1016 54392148 54392148       0 1
1017 54392148 54414753   22605 1
1018 54414753 54424004    9251 1
1019 54430500 54448774   18274 1
1020 54448774 54448774       0 1
1021 54448774 54456609    7835 1
1022 54456609 54465074    8465 1
1023 54465074 54472288    7214 1
1024 54472288 54472288       0 1
1025 54472288 54472288       0 1
1026 54472288 54495060   22772 1
1027 54546794 54582062   35268 1
1028 54582062 54582062       0 1
1029 54582062 54582062       0 1
1030 54582062 54582999     937 1
1031 54582999 54585323    2324 1
1032 54585323 54585323       0 1
1033 54585323 54591354    6031 1
1034 54591354 54591354       0 1
1035 54591354 54591354       0 1
1036 54591354 54591769     415 1
1037 54591769 54591769       0 1
1038 54591769 54595316    3547 1
1039 54595316 54601019    5703 1
1040 54601019 54601019       0 1
1041 54601019 54601019       0 1
1042 54601019 54601019       0 1
1043 54601019 54622656   21637 1
1044 54624176 54783571  159395 2
1045 54785091 54806346   21255 1
1046 54806346 54811811    5465 1
1047 54811811 54811811       0 1
1048 54811811 54813365    1554 1
1049 54813365 54836254   22889 1
1050 54836254 54850232   13978 1
1051 54850232 54855758    5526 1
1052 54855758 54857947    2189 1
1053 54857947 54872230   14283 1
1054 54872230 54872230       0 1
1055 54872230 54872230       0 1
1056 54872230 54895210   22980 1
1057 54896730 55020988  124258 2
1058 55022508 55038308   15800 1
1059 55038308 55038308       0 1
1060 55038308 55038308       0 1
1061 55038308 55038308       0 1
1062 55038308 55038308       0 1
1063 55038308 55062295   23987 1
1064 55133704 55164062   30358 1
1065 55164317 55191592   27275 1
1066 55191592 55191593       1 1
1067 55191593 55215877   24284 1
1068 55217397 55606773  389376 2
1069 55608293 55609574    1281 1
1070 55609574 55631790   22216 1
1071 55639002 55662856   23854 1
1072 55662856 55662856       0 1
1073 55662856 55662857       1 1
1074 55662857 55684273   21416 1
1075 55762263 55775028   12765 1
1076 55775028 55849090   74062 1
1077 55850610 55968989  118379 2
1078 55970509 55974967    4458 1
1079 55974967 56196638  221671 1
1080 57108537 57223539  115002 2
1081 57225059 57248154   23095 1
1082 57255933 57271995   16062 1
1083 57271995 57271995       0 1
1084 57271995 57295889   23894 1
1085 57297409 57540097  242688 2
1086 57541617 57901778  360161 1
1087 57903298 58363706  460408 2
1088 59338121 59362439   24318 2
1089 59362439 59385299   22860 2
1090 59444105 59469069   24964 2
1091 59469069 59712300  243231 2
1092 59712300 59751379   39079 2
1093 59751379 59875262  123883 2
1094 59875262 60002804  127542 2
1095 60002804 60158960  156156 4
1096 60158960 60158961       1 2
1097 60177165 60201898   24733 2
1098 60201898 60205212    3314 2
1099 60205212 60206109     897 2
1100 60206109 60224222   18113 2
1101 60224222 60247524   23302 2
1102 60247524 60264705   17181 2
1103 60264705 60315868   51163 2
1104 60405280 60430595   25315 1
1105 60430595 60430595       0 1
1106 60430595 60434360    3765 1
1107 60434360 60434360       0 1
1108 60434360 60434360       0 1
1109 60434360 60435063     703 1
1110 60435063 60438695    3632 1
1111 60438695 60441328    2633 1
1112 60441328 60443203    1875 1
1113 60443203 60443203       0 1
1114 60443203 60464837   21634 1
1115 60464837 60467910    3073 1
1116 60511728 60563465   51737 4
1117 60563465 60563465       0 1
1118 60563465 60563465       0 1
1119 60563465 60563465       0 1
1120 60563465 60563465       0 1
1121 60563465 60569434    5969 1
1122 60569434 60573852    4418 1
1123 60575372 60709617  134245 2
1124 60711137 60733187   22050 1
1125 60733187 60733187       0 1
1126 60733187 60733188       1 1
1127 60792444 60816078   23634 1
1128 60816078 60816078       0 1
1129 60816078 60816078       0 1
1130 60816078 60819459    3381 1
1131 60819459 60819459       0 1
1132 60819459 60825294    5835 1
1133 60825294 60833759    8465 1
1134 60843134 60843559     425 1
1135 60843559 60845285    1726 1
1136 60845285 60845285       0 1
1137 60845285 60849751    4466 1
1138 60849751 60850649     898 1
1139 60850649 60891320   40671 1
1140 60921935 60945001   23066 1
1141 60945001 60945001       0 1
1142 60945001 60945001       0 1
1143 60945001 60945001       0 1
1144 60945001 60945158     157 1
1145 60945158 60967135   21977 1
1146 60967135 60984700   17565 1
1147 60984700 60987178    2478 1
1148 60987178 60993185    6007 1
1149 60993185 60996380    3195 1
1150 60996380 61019284   22904 1
1151 61073984 61229562  155578 1
1152 61229562 61524270  294708 1
1153 61524270 61549538   25268 1
1154 61551058 61654548  103490 2
1155 61656068 61772253  116185 1
1156 61773773 63297917 1524144 2
1157 63299437 63333392   33955 1
1158 63333392 63355955   22563 1
1159 63355955 63355955       0 1
1160 63355955 63355955       0 1
1161 63355955 63359558    3603 1
1162 63359558 63359558       0 1
1163 63359558 63359671     113 1
1164 63359671 63365440    5769 1
1165 63365440 63365440       0 1
1166 63365440 63365440       0 1
1167 63365440 63365440       0 1
1168 63365440 63365767     327 1
1169 63365767 63366331     564 1
1170 63366331 63368165    1834 1
1171 63368165 63368165       0 1
1172 63368165 63371752    3587 1
1173 63371752 63394635   22883 1
1174 63394635 63398821    4186 1
1175 63420433 63453271   32838 1
1176 63520317 63909527  389210 1
1177 63909527 63933526   23999 1
1178 63935046 64405775  470729 2
1179 65462829 65502042   39213 2
1180 65502042 65540510   38468 2
1181 65540510 65564660   24150 2
1182 65564660 65565134     474 2
1183 65566655 65674379  107724 2
1184 65675899 65738717   62818 2
1185 65738717 65823645   84928 2
1186 65823645 65829197    5552 2
1187 65829197 65852250   23053 2
1188 65855488 66095389  239901 4
1189 66095389 66095389       0 2
1190 66095389 66178629   83240 4
1191 66178629 66178630       1 2
1192 66181054 66204068   23014 2
1193 66242647 66265388   22741 2
1194 66266907 66365260   98353 2
1195 66366781 66390263   23482 2
1196 66390263 66390263       0 2
1197 66390263 66425363   35100 2
1198 66425363 66425364       1 2
1199 66425364 66432556    7192 2
1200 66432556 66452810   20254 2
1201 66452810 66452810       0 1
1202 66452810 66461649    8839 1
1203 66507819 66544253   36434 4
1204 66544253 66544253       0 1
1205 66544253 66544253       0 1
1206 66544253 66544253       0 1
1207 66544253 66544253       0 1
1208 66544253 66544253       0 1
1209 66544253 66551027    6774 1
1210 66583216 66609761   26545 1
1211 66609761 66609761       0 1
1212 66609761 66609761       0 1
1213 66609761 66624460   14699 1
1214 66640065 66644556    4491 1
1215 66644556 66666327   21771 1
1216 66682387 66704664   22277 1
1217 66704664 66710422    5758 1
1218 66710422 66714175    3753 1
1219 66714175 66721316    7141 1
1220 66721316 66725379    4063 1
1221 66725379 66735236    9857 1
1222 66735236 66735236       0 1
1223 66735236 66772079   36843 1
1224 66772079 66781172    9093 1
1225 66781172 66803570   22398 1
1226 66803570 66811464    7894 1
1227 66811464 66813619    2155 1
1228 66813619 66815615    1996 1
1229 66815615 66822138    6523 1
1230 66822138 66849184   27046 1
1231 66849184 66849185       1 1
1232 66849185 66856471    7286 1
1233 66856471 66859490    3019 1
1234 66859490 66860121     631 1
1235 66860121 66862276    2155 1
1236 66862276 66862276       0 1
1237 66862276 66866413    4137 1
1238 66866413 66874034    7621 1
1239 66874034 66878526    4492 1
1240 66878526 66902209   23683 1
1241 66902209 66902209       0 1
1242 66902209 66902209       0 1
1243 66902209 66902209       0 1
1244 66902209 66915907   13698 1
1245 66917426 67221819  304393 2
1246 67223340 67495073  271733 1
1247 67495073 67498513    3440 1
1248 67498513 67505376    6863 1
1249 67505376 67505376       0 1
1250 67505376 67532380   27004 1
1251 67564417 67590187   25770 1
1252 67591707 69501298 1909591 2
1253 69502818 69874045  371227 1
1254 69874045 69874046       1 1
1255 69874046 69893911   19865 1
1256 69895431 70298107  402676 2
1257 70299627 70322412   22785 1
1258 70322412 70324144    1732 1
1259 70325664 70447847  122183 2
1260 70658523 70837490  178967 2
1261 70863506 70875068   11562 2
1262 70875068 70876659    1591 2
1263 70876659 70900236   23577 2
1264 70900236 70915273   15037 2
1265 70916793 71043521  126728 2
1266 71045041 71073008   27967 2
1267 71073008 71073009       1 2
1268 71073009 71165784   92775 2
1269 71165784 71324346  158562 2
1270 71324346 71405783   81437 2
1271 71405783 71426035   20252 2
1272 71426035 71600184  174149 4
1273 71600184 71600184       0 2
1274 71600184 71600184       0 2
1275 71600184 71611415   11231 2
1276 71611415 71611415       0 2
1277 71611415 71618369    6954 2
1278 71618369 71618369       0 2
1279 71618369 71618369       0 2
1280 71618369 71637250   18881 2
1281 71670487 71702818   32331 2
1282 71702818 71786972   84154 2
1283 71786972 71808569   21597 2
1284 71823811 71829318    5507 2
1285 71829318 71850183   20865 2
1286 71850183 71857765    7582 2
1287 71857765 71929174   71409 2
1288 71953048 71966633   13585 2
1289 71966633 72036199   69566 4
1290 72036199 72036200       1 2
1291 72036200 72047780   11580 2
1292 72047780 72047781       1 2
1293 72047781 72062948   15167 2
1294 72062948 72073752   10804 2
1295 72073752 72080307    6555 2
1296 72080307 72084701    4394 2
1297 72084701 72087368    2667 2
1298 72087368 72101132   13764 2
1299 72101132 72101839     707 2
1300 72101839 72105322    3483 2
1301 72105322 72105322       0 2
1302 72105322 72109457    4135 2
1303 72109457 72110381     924 2
1304 72110381 72113060    2679 2
1305 72113060 72113060       0 2
1306 72113060 72113060       0 2
1307 72113060 72115304    2244 2
1308 72115304 72138255   22951 2
1309 72152162 72178928   26766 2
1310 72178928 72178928       0 2
1311 72178928 72182168    3240 2
1312 72208646 72246978   38332 2
1313 72246978 72246978       0 2
1314 72246978 72256491    9513 2
1315 72256491 72256491       0 2
1316 72256491 72256491       0 2
1317 72256491 72256491       0 2
1318 72256491 72256491       0 2
1319 72256491 72256491       0 2
1320 72256491 72256491       0 2
1321 72256491 72256491       0 2
1322 72256491 72256491       0 2
1323 72256491 72256491       0 2
1324 72256491 72277365   20874 2
1325 72277365 72277365       0 2
1326 72277365 72277365       0 2
1327 72277365 72277365       0 2
1328 72277365 72287356    9991 2
1329 72287356 72288072     716 2
1330 72289592 72468902  179310 2
1331 72470422 72493168   22746 2
1332 72493168 72493168       0 1
1333 72493168 72493168       0 1
1334 72493168 72493168       0 1
1335 72493168 72493168       0 1
1336 72493168 72493168       0 1
1337 72493168 72493168       0 1
1338 72493168 72493168       0 1
1339 72493168 72493168       0 1
1340 72493168 72493168       0 1
1341 72493168 72493168       0 1
1342 72493168 72497134    3966 1
1343 72497134 72506330    9196 1
1344 72506330 72598822   92492 4
1345 72598822 72598822       0 1
1346 72598822 72601047    2225 1
1347 72601047 72608248    7201 1
1348 72608248 72608249       1 1
1349 72608249 72620750   12501 1
1350 72620750 72643240   22490 1
1351 72643240 72646291    3051 1
1352 72679499 72684822    5323 1
1353 72684822 72693309    8487 1
1354 72693309 72697808    4499 1
1355 72697808 72707871   10063 1
1356 72707871 72717176    9305 1
1357 72717176 72717176       0 1
1358 72717176 72725613    8437 1
1359 72725613 72725613       0 1
1360 72725613 72730936    5323 1
1361 72730936 72735790    4854 1
1362 72735790 72739321    3531 1
1363 72739321 72739321       0 1
1364 72739321 72739321       0 1
1365 72739321 72747750    8429 1
1366 72747750 72747750       0 1
1367 72747750 72754576    6826 1
1368 72754576 72754576       0 1
1369 72754576 72754576       0 1
1370 72754576 72760547    5971 1
1371 72760547 72760547       0 1
1372 72760547 72761466     919 1
1373 72761466 72763226    1760 1
1374 72763226 72763707     481 1
1375 72763707 72768310    4603 1
1376 72768310 72775922    7612 1
1377 72775922 72775922       0 1
1378 72775922 72801871   25949 1
1379 72826197 72831372    5175 1
1380 72831372 72877837   46465 1
1381 72877837 72899926   22089 1
1382 72901616 73096457  194841 1
1383 73096457 73112133   15676 1
1384 73112133 73112241     108 1
1385 73112241 73132848   20607 1
1386 73132848 73132848       0 1
1387 73132848 73132848       0 1
1388 73132848 73132848       0 1
1389 73132848 73132848       0 1
1390 73132848 73132848       0 1
1391 73132848 73136387    3539 1
1392 73136387 73136387       0 1
1393 73136387 73137838    1451 1
1394 73137838 73138744     906 1
1395 73138744 73154845   16101 1
1396 73154845 73154845       0 1
1397 73154845 73154845       0 1
1398 73154845 73154845       0 1
1399 73154845 73154845       0 1
1400 73154845 73154845       0 1
1401 73154845 73154845       0 1
1402 73154845 73154845       0 1
1403 73154845 73156471    1626 1
1404 73156471 73158100    1629 1
1405 73158100 73158100       0 1
1406 73158100 73158267     167 1
1407 73158267 73161935    3668 1
1408 73161935 73184109   22174 1
1409 73185629 75363056 2177427 2
1410 75364576 75405747   41171 1
1411 75405747 75405748       1 1
1412 75421975 75438115   16140 1
1413 75438115 75470365   32250 1
1414 75470365 75475693    5328 1
1415 75477213 76489979 1012766 2
1416 76547158 76674784  127626 2
1417 76674784 76739280   64496 2
1418 76739280 76853792  114512 2
1419 76853792 76988838  135046 2
1420 76988838 77062915   74077 2
1421 77062915 77154222   91307 2
1422 77154222 77163137    8915 2
1423 77163137 77272117  108980 2
1424 77272117 77280755    8638 2
1425 77280755 77338224   57469 2
1426 77338224 77349281   11057 2
1427 77349281 77367158   17877 2
1428 77367158 77442712   75554 4
1429 77442712 77676356  233644 4
1430 77676356 77676356       0 2
1431 77676356 77676356       0 2
1432 77676356 77768729   92373 2
1433 77853120 78010997  157877 2
1434 78010997 78010997       0 2
1435 78010997 78010997       0 2
1436 78010997 78010997       0 2
1437 78010997 78010997       0 2
1438 78010997 78010997       0 2
1439 78010997 78150934  139937 4
1440 78150934 78150934       0 2
1441 78150934 78150934       0 2
1442 78150934 78150934       0 2
1443 78150934 78150934       0 2
1444 78150934 78151946    1012 2
1445 78151946 78176798   24852 2
1446 78176798 78176866      68 2
1447 78180001 78185510    5509 2
1448 78185510 78188664    3154 2
1449 78188664 78190414    1750 2
1450 78190414 78214769   24355 2
1451 78214769 78214769       0 2
1452 78214769 78215698     929 2
1453 78217218 78385501  168283 2
1454 78387021 78412351   25330 2
1455 78412351 78412351       0 2
1456 78412351 78412351       0 2
1457 78412351 78412351       0 2
1458 78412351 78412351       0 2
1459 78412351 78412351       0 2
1460 78412351 78412351       0 2
1461 78412351 78437255   24904 2
1462 78437255 78437255       0 2
1463 78437255 78437255       0 2
1464 78437255 78437255       0 2
1465 78437255 78439954    2699 2
1466 78439954 78443087    3133 2
1467 78443087 78465917   22830 2
1468 78496109 78620699  124590 4
1469 78620699 78620699       0 1
1470 78620699 78620699       0 1
1471 78620699 78624197    3498 1
1472 78656063 78663016    6953 1
1473 78663016 78684853   21837 1
1474 78684853 78688081    3228 1
1475 78688081 78713551   25470 1
1476 78713551 78733392   19841 1
1477 78733392 78761312   27920 1
1478 78762832 78927521  164689 2
1479 78929041 79175650  246609 1
1480 79175650 79198134   22484 1
1481 79198134 79201743    3609 1
1482 79201743 79203416    1673 1
1483 79203416 79203487      71 1
1484 79203487 79203597     110 1
1485 79203597 79203640      43 1
1486 79203640 79210093    6453 1
1487 79210093 79210093       0 1
1488 79210093 79214182    4089 1
1489 79214182 79223179    8997 1
1490 79223179 79245802   22623 1
1491 79247322 80129464  882142 2
1492 80130984 80140108    9124 1
1493 80140108 80160917   20809 1
1494 80162437 80414535  252098 2
1495 80416055 80440265   24210 1
1496 80440265 80440265       0 1
1497 80440265 80440265       0 1
1498 80440265 80442937    2672 1
1499 80442937 80465427   22490 1
1500 80465427 80465427       0 1
1501 80465427 80490986   25559 1
1502 80492506 80736063  243557 2
1503 80737583 80752399   14816 1
1504 80752399 80763718   11319 1
1505 80763718 80786725   23007 1
1506 80831076 80856812   25736 1
1507 80856812 80856813       1 1
1508 80858333 81032449  174116 2
1509 81033969 81057556   23587 1
1510 81059076 81268592  209516 2
1511 81270112 81294120   24008 1
1512 81324835 81329977    5142 1
1513 81329977 81330113     136 1
1514 81330113 81353671   23558 1
1515 81355191 81969183  613992 2
1516 81970703 81997191   26488 1
1517 81998711 82532053  533342 2
1518 82899461 82922035   22574 2
1519 82923555 83197973  274418 2
1520 83199493 83331382  131889 4
1521 83331382 83331383       1 2
1522 83331383 83359820   28437 2
1523 83359820 83377199   17379 2
1524 83377199 83377199       0 2
1525 83377199 83472083   94884 2
1526 83472083 83575471  103388 2
1527 83575471 83634952   59481 2
1528 83637354 83644234    6880 2
1529 83644234 83644234       0 2
1530 83644234 83647048    2814 2
1531 83647048 83669700   22652 2
1532 83720390 83745705   25315 2
1533 83813585 83883966   70381 4
1534 83885486 84109007  223521 2
1535 84110527 84324925  214398 4
1536 84324925 84324925       0 2
1537 84324925 84324925       0 2
1538 84324925 84324925       0 2
1539 84324925 84325741     816 2
1540 84327261 84466392  139131 2
1541 84467912 84568070  100158 4
1542 84568070 84568071       1 2
1543 84579215 84580340    1125 1
1544 84580340 84603178   22838 1
1545 84603178 84619007   15829 1
1546 84619007 84643944   24937 1
1547 84643944 84649291    5347 1
1548 84649291 84673472   24181 1
1549 84673472 84682635    9163 1
1550 84684155 85018248  334093 2
1551 85019768 85098740   78972 1
1552 85098740 85149567   50827 1
1553 85151087 85285478  134391 2
1554 85286998 85293225    6227 1
1555 85293225 85316868   23643 1
1556 85318388 86293297  974909 2
1557 86294817 86325293   30476 1
1558 86325293 86325293       0 1
1559 86325293 86325293       0 1
1560 86325293 86325293       0 1
1561 86325293 86325293       0 1
1562 86325293 86325293       0 1
1563 86325293 86325413     120 1
1564 86325413 86329531    4118 1
1565 86329531 86351911   22380 1