   0   193650   240730   47080 1
   1   240730   240731       1 1
   2   240731   245135    4404 1
   3   245135   269306   24171 1
   4   270826   458090  187264 2
   5   459610   489221   29611 1
   6   489221   492434    3213 1
   7   492434   505879   13445 1
   8   505879   515654    9775 1
   9   515654   518850    3196 1
  10   518850   544169   25319 1
  11   545689   897515  351826 2
  12   899035  1598330  699295 1
  13  1598330  1598330       0 1
  14  1598330  1598330       0 1
  15  1598330  1617739   19409 1
  16  1617739  1623627    5888 1
  17  1623627  1623711      84 1
  18  1625231  2174126  548895 2
  19  2967513  3517250  549737 4
  20  3518770  3855083  336313 2
  21  3856603  3974725  118122 4
  22  3974725  3974725       0 2
  23  3974725  3974725       0 2
  24  3974725  3974725       0 2
  25  3974725  3974725       0 2
  26  3974725  3976522    1797 2
  27  3976522  4000107   23585 2
  28  4010653  4061180   50527 4
  29  4061180  4061181       1 2
  30  4123919  4159858   35939 2
  31  4159858  4159858       0 2
  32  4159858  4178138   18280 2
  33  4178138  4178139       1 2
  34  4178139  4179337    1198 2
  35  4179337  4181453    2116 2
  36  4181453  4187935    6482 2
  37  4187935  4188372     437 2
  38  4188372  4212462   24090 2
  39  4212462  4212463       1 2
  40  4212463  4212463       0 1
  41  4212463  4223677   11214 1
  42  4223677  4228550    4873 1
  43  4228550  4229061     511 1
  44  4229061  4256726   27665 1
  45  4258246  4613517  355271 2
  46  4615037  4637059   22022 1
  47  4637059  4637059       0 1
  48  4637059  4637059       0 1
  49  4637059  4637059       0 1
  50  4637059  4637059       0 1
  51  4637059  4665752   28693 1
  52  4667272  4821887  154615 2
  53  4823407  4847115   23708 1
  54  4848635  5000806  152171 2
  55  5002326  5027833   25507 1
  56  5046218  5073408   27190 1
  57  5073408  5075271    1863 1
  58  5075271  5140477   65206 1
  59  5147280  5260647  113367 1
  60  5262167  5696570  434403 2
  61  5698090  5725105   27015 1
  62  5726625  5833349  106724 2
  63  5834869  5916087   81218 1
  64  5916087  5917204    1117 1
  65  5917204  5920219    3015 1
  66  5920219  5946606   26387 1
  67  5946732  5969795   23063 1
  68  5969795  5969795       0 1
  69  5969795  5976237    6442 1
  70  5976237  5990721   14484 1
  71  6012221  6048745   36524 1
  72  6048745  6048746       1 1
  73  6048746  6049159     413 1
  74  6050679  6946855  896176 2
  75  6948375  7552091  603716 1
  76  7552091  7584549   32458 1
  77  7586069  8216199  630130 2
  78  8291076  8302425   11349 2
  79  8302425  8326477   24052 2
  80  8392117  8408991   16874 2
  81  8408991  8500430   91439 2
  82  8501950  8869418  367468 2
  83  8870938  8995822  124884 2
  84  8995822  8995822       0 2
  85  8995822  8995974     152 2
  86  8995974  8999118    3144 2
  87  8999118  8999118       0 2
  88  8999118  8999118       0 2
  89  8999118  9001348    2230 2
  90  9001348  9024681   23333 2
  91  9024681  9025608     927 2
  92  9025608  9038232   12624 2
  93  9038232  9061305   23073 2
  94  9061305  9071626   10321 2
  95  9071626  9096433   24807 2
  96  9110561  9114349    3788 2
  97  9118823  9131788   12965 2
  98  9131788  9153504   21716 2
  99  9153504  9153505       1 2
 100  9153505  9154938    1433 2
 101  9154938  9158561    3623 2
 102  9158561  9165883    7322 2
 103  9165883  9166087     204 2
 104  9166087  9187892   21805 2
 105  9189412  9549804  360392 2
 106  9551324  9554229    2905 2
 107  9554229  9557182    2953 2
 108  9557182  9558046     864 2
 109  9558046  9581731   23685 2
 110  9616212  9668046   51834 2
 111  9668046  9668047       1 2
 112  9669567  9812648  143081 2
 113  9814168  9827791   13623 2
 114  9827791  9839943   12152 2
 115  9849348  9860851   11503 2
 116  9873006  9895435   22429 2
 117  9895435  9897377    1942 2
 118  9897377  9902558    5181 2
 119  9902558  9913469   10911 2
 120  9913469  9919326    5857 2
 121  9919326  9950518   31192 4
 122  9950518  9950518       0 2
 123  9950518  9950519       1 2
 124  9950519  9974871   24352 2
 125  9974871  9977212    2341 2
 126  9977212  9977964     752 2
 127  9977964 10000098   22134 2
 128 10000098 10006820    6722 2
 129 10006820 10015401    8581 2
 130 10015401 10016805    1404 2
 131 10016805 10062094   45289 4
 132 10062094 10062094       0 2
 133 10062094 10062094       0 2
 134 10062094 10062094       0 2
 135 10062094 10062094       0 2
 136 10062094 10062094       0 2
 137 10062094 10074558   12464 2
 138 10074558 10081392    6834 2
 139 10097766 10102469    4703 2
 140 10102469 10102469       0 2
 141 10102469 10115560   13091 2
 142 10115560 10138896   23336 2
 143 10138896 10138896       0 2
 144 10138896 10138896       0 2
 145 10138896 10138896       0 2
 146 10138896 10160740   21844 2
 147 10160740 10164051    3311 2
 148 10164051 10164052       1 2
 149 10164052 10176269   12217 2
 150 10176269 10176269       0 2
 151 10176269 10176269       0 2
 152 10176269 10176269       0 2
 153 10176269 10176269       0 2
 154 10176269 10176269       0 2
 155 10176269 10176269       0 2
 156 10176269 10176851     582 2
 157 10176851 10176851       0 2
 158 10176851 10176851       0 2
 159 10176851 10176851       0 2
 160 10176851 10179137    2286 2
 161 10179137 10181256    2119 2
 162 10181256 10194110   12854 2
 163 10194110 10194110       0 2
 164 10194110 10194436     326 2
 165 10194436 10218214   23778 2
 166 10218214 10218214       0 2
 167 10218214 10218214       0 2
 168 10218214 10218214       0 2
 169 10218214 10240119   21905 2
 170 10240119 10240119       0 2
 171 10240119 10240119       0 2
 172 10240119 10252154   12035 2
 173 10253674 10517540  263866 2
 174 10519060 10540851   21791 1
 175 10540851 10541704     853 1
 176 10541704 10566511   24807 1
 177 10566511 10566511       0 1
 178 10566511 10598215   31704 1
 179 10598215 10598215       0 1
 180 10598215 10632711   34496 1
 181 10632711 10638643    5932 1
 182 10638643 10642374    3731 1
 183 10642374 10666820   24446 1
 184 10668340 10958509  290169 2
 185 10960029 11065210  105181 1
 186 11065210 11103936   38726 1
 187 11105456 11481219  375763 2
 188 11482739 11490498    7759 1
 189 11490498 11493797    3299 1
 190 11493797 11506700   12903 1
 191 11506700 11506700       0 1
 192 11506700 11529407   22707 1
 193 11582583 11586198    3615 1
 194 11586198 11592146    5948 1
 195 11592146 11612991   20845 1
 196 11690446 11693269    2823 1
 197 11694789 11799297  104508 2
 198 11800817 11830459   29642 1
 199 11830459 11831807    1348 1
 200 11831807 11858509   26702 1
 201 11858509 11896668   38159 1
 202 11896668 11911176   14508 1
 203 11911176 11911481     305 1
 204 11911481 11942732   31251 1
 205 11942732 11942733       1 1
 206 11942733 11968548   25815 1
 207 11968548 11984289   15741 1
 208 11984289 12006465   22176 1
 209 12044706 12067607   22901 1
 210 12069127 13002845  933718 2
 211 13004365 13005092     727 1
 212 13005092 13028369   23277 1
 213 13028369 13032758    4389 1
 214 13032758 13525776  493018 1
 215 13525776 13556862   31086 1
 216 13558382 13719711  161329 2
 217 13721231 13744896   23665 1
 218 13757168 13797683   40515 1
 219 13797683 13797683       0 1
 220 13797683 13797683       0 1
 221 13797683 13797683       0 1
 222 13797683 13797683       0 1
 223 13797683 13797715      32 1
 224 13797715 13813630   15915 1
 225 13813630 13813630       0 1
 226 13813630 13813630       0 1
 227 13813630 13838615   24985 1
 228 13838615 13838616       1 1
 229 13838616 13838812     196 1
 230 13840332 13939556   99224 2
 231 13941076 13964044   22968 1
 232 13964044 13965072    1028 1
 233 13965072 13965072       0 1
 234 13965072 13965072       0 1
 235 13965072 13965072       0 1
 236 13965072 13965072       0 1
 237 13965072 13965072       0 1
 238 13965072 13965072       0 1
 239 13965072 13965072       0 1
 240 13965072 13965072       0 1
 241 13965072 13965072       0 1
 242 13965072 13965072       0 1
 243 13965072 13965072       0 1
 244 13965072 13984836   19764 1
 245 13984836 13987504    2668 1
 246 13987504 13998443   10939 1
 247 13998443 13999854    1411 1
 248 13999854 13999854       0 1
 249 13999854 13999855       1 1
 250 13999855 14000752     897 1
 251 14000752 14062008   61256 1
 252 14062008 14103438   41430 1
 253 14103438 14113929   10491 1
 254 14113929 14119287    5358 1
 255 14119287 14119287       0 1
 256 14119287 14119287       0 1
 257 14119287 14124670    5383 1
 258 14124670 14124670       0 1
 259 14124670 14124670       0 1
 260 14124670 14124670       0 1
 261 14124670 14128098    3428 1
 262 14128098 14128098       0 1
 263 14128098 14128391     293 1
 264 14128391 14128994     603 1
 265 14128994 14129961     967 1
 266 14129961 14133430    3469 1
 267 14133430 14134384     954 1
 268 14134384 14134384       0 1
 269 14134384 14147337   12953 1
 270 14147337 14147337       0 1
 271 14147337 14147337       0 1
 272 14147337 14147337       0 1
 273 14147337 14147337       0 1
 274 14147337 14147337       0 1
 275 14147337 14147338       1 1
 276 14147338 14163021   15683 1
 277 14163021 14163021       0 1
 278 14163021 14163021       0 1
 279 14163021 14163021       0 1
 280 14163021 14163021       0 1
 281 14163021 14163021       0 1
 282 14163021 14163021       0 1
 283 14163021 14163021       0 1
 284 14163021 14163021       0 1
 285 14163021 14163021       0 1
 286 14163021 14171687    8666 1
 287 14171687 14175254    3567 1
 288 14175254 14175254       0 1
 289 14175254 14175254       0 1
 290 14175254 14197322   22068 1
 291 15057769 15097449   39680 2
 292 15097449 15113017   15568 2
 293 15113017 15118020    5003 2
 294 15118020 15161796   43776 2
 295 15161796 15165064    3268 2
 296 15165064 15185139   20075 2
 297 15185139 15195426   10287 2
 298 15195426 15197017    1591 2
 299 15197017 15277161   80144 2
 300 15278681 15381834  103153 2
 301 15383354 15417280   33926 2
 302 15417280 15417281       1 2
 303 15418801 15719570  300769 2
 304 15721090 15812436   91346 2
 305 15812436 16057869  245433 4
 306 16057869 16057869       0 2
 307 16057869 16057869       0 2
 308 16057869 16057869       0 2
 309 16057869 16057869       0 2
 310 16057869 16068070   10201 2
 311 16068070 16068070       0 2
 312 16068070 16068070       0 2
 313 16068070 16068070       0 2
 314 16068070 16068070       0 2
 315 16068070 16068070       0 2
 316 16068070 16068070       0 2
 317 16068070 16068070       0 2
 318 16068070 16068070       0 2
 319 16068070 16068070       0 2
 320 16068070 16068070       0 2
 321 16068070 16088682   20612 2
 322 16096683 16110863   14180 2
 323 16110863 16112994    2131 2
 324 16112994 16135503   22509 2
 325 16136734 16147122   10388 2
 326 16147122 16197701   50579 4
 327 16197701 16197701       0 2
 328 16197701 16202457    4756 2
 329 16202457 16202457       0 2
 330 16202457 16202457       0 2
 331 16202457 16224909   22452 2
 332 16226429 16618735  392306 2
 333 16620255 16622736    2481 1
 334 16622736 16635522   12786 1
 335 16635522 16639792    4270 1
 336 16639792 16640324     532 1
 337 16640324 16643260    2936 1
 338 16643260 16643260       0 1
 339 16643260 16666590   23330 1
 340 16668110 17021829  353719 2
 341 17023349 17192606  169257 1
 342 17192606 17432193  239587 1
 343 17432193 17439012    6819 1
 344 17439012 17490177   51165 1
 345 17490177 17490178       1 1
 346 17490178 17542002   51824 1
 347 17542002 17566818   24816 1
 348 17568338 18737736 1169398 2
 349 18739256 18742218    2962 1
 350 18742218 18767248   25030 1
 351 18768768 19048610  279842 2
 352 19050130 19513793  463663 1
 353 19513793 19549731   35938 1
 354 19549731 19573400   23669 1
 355 19609509 19689674   80165 1
 356 19689674 19689674       0 1
 357 19689674 19689675       1 1
 358 19689675 19699574    9899 1
 359 19699574 19699575       1 1
 360 19699575 19700306     731 1
 361 19700306 19728610   28304 1
 362 19730130 20300461  570331 2
 363 21397603 21434012   36409 2
 364 21434012 21434013       1 2
 365 21484456 21518385   33929 2
 366 21518385 21518385       0 2
 367 21518385 21525604    7219 2
 368 21525604 21537532   11928 2
 369 21539052 21729961  190909 2
 370 21731481 21762987   31506 4
 371 21762987 21762987       0 2
 372 21762987 21762987       0 2
 373 21762987 21762987       0 2
 374 21762987 21766121    3134 2
 375 21766121 21766121       0 2
 376 21766121 21766121       0 2
 377 21766121 21766121       0 2
 378 21766121 21766121       0 2
 379 21766121 21767307    1186 2
 380 21767307 21775444    8137 2
 381 21775444 21797962   22518 2
 382 21797962 21797962       0 2
 383 21797962 21797962       0 2
 384 21797962 21797962       0 2
 385 21797962 21797962       0 2
 386 21797962 21797962       0 2
 387 21797962 21797962       0 2
 388 21797962 21797962       0 2
 389 21797962 21817978   20016 2
 390 21819498 22106496  286998 2
 391 22108016 22142752   34736 2
 392 22142752 22142752       0 2
 393 22142752 22155036   12284 2
 394 22155036 22155037       1 2
 395 22230185 22611875  381690 4
 396 22611875 22611875       0 1
 397 22611875 22611875       0 1
 398 22611875 22611875       0 1
 399 22611875 22611875       0 1
 400 22611875 22611875       0 1
 401 22611875 22620641    8766 1
 402 22627139 22648709   21570 1
 403 22648709 22648709       0 1
 404 22648709 22648709       0 1
 405 22648709 22648709       0 1
 406 22648709 22648709       0 1
 407 22648709 22648709       0 1
 408 22648709 22648709       0 1
 409 22648709 22648709       0 1
 410 22648709 22648709       0 1
 411 22648709 22648709       0 1
 412 22648709 22648709       0 1
 413 22648709 22648710       1 1
 414 22650230 22748903   98673 2
 415 22750423 22773040   22617 1
 416 22773040 22775102    2062 1
 417 22775102 22779573    4471 1
 418 22781093 23025981  244888 2
 419 23027501 23286242  258741 1
 420 23286242 23286242       0 1
 421 23286242 23298507   12265 1
 422 23298507 23298508       1 1
 423 23309407 23348858   39451 1
 424 23348858 23425929   77071 1
 425 23425929 23481290   55361 1
 426 23481290 23533233   51943 1
 427 23534753 24031899  497146 2
 428 24033419 24057856   24437 1
 429 24059376 25119824 1060448 2
 430 25121344 25531097  409753 1
 431 25531097 25531098       1 1
 432 25531098 25557514   26416 1
 433 25557514 25586185   28671 1
 434 25587705 25709899  122194 2
 435 25711419 25736795   25376 1
 436 25736795 25736795       0 1
 437 25736795 25744302    7507 1
 438 25744302 25749348    5046 1
 439 25750868 26342537  591669 2
 440 26557575 26565098    7523 2
 441 26565098 26587481   22383 2
 442 26589001 27716950 1127949 2
 443 27718470 27966604  248134 4
 444 27966604 27966604       0 2
 445 27966604 27966604       0 2
 446 27966604 27966604       0 2
 447 27966604 27966604       0 2
 448 27966604 27966604       0 2
 449 27966604 27966604       0 2
 450 27966604 27966604       0 2
 451 27966604 27988383   21779 2
 452 27988383 27988383       0 2
 453 27988383 27988383       0 2
 454 27988383 28010603   22220 2
 455 28012123 28275759  263636 2
 456 28277279 28591687  314408 4
 457 28591687 28591687       0 1
 458 28591687 28591687       0 1
 459 28591687 28591687       0 1
 460 28591687 28591687       0 1
 461 28591687 28591687       0 1
 462 28591687 28591687       0 1
 463 28591687 28591687       0 1
 464 28591687 28612743   21056 1
 465 28612743 28614105    1362 1
 466 28614105 28621399    7294 1
 467 28637393 28658079   20686 1
 468 28658079 28679622   21543 1
 469 28718944 28742527   23583 1
 470 28742527 28742528       1 1
 471 28742528 28792606   50078 1
 472 28792606 28810623   18017 1
 473 28810623 28820769   10146 1
 474 28820769 28844688   23919 1
 475 28846208 29024506  178298 2
 476 29026026 29202355  176329 4
 477 29202355 29202356       1 1
 478 29266602 29293642   27040 1
 479 29293642 29293642       0 1
 480 29293642 29335995   42353 1
 481 29335995 29339696    3701 1
 482 29360077 29455880   95803 1
 483 29455880 29455881       1 1
 484 29455881 29481936   26055 1
 485 29481936 29617690  135754 1
 486 29617690 29648861   31171 1
 487 29648861 29698408   49547 1
 488 29698408 29773767   75359 1
 489 29773767 29914564  140797 1
 490 29914564 29923126    8562 1
 491 29923126 30009193   86067 1
 492 30009193 30028245   19052 1
 493 30028245 30047733   19488 1
 494 30047733 30085335   37602 1
 495 30110630 30162022   51392 1
 496 30162022 30199500   37478 1
 497 30199500 30243787   44287 1
 498 30243787 30255960   12173 1
 499 30255960 30334263   78303 1
 500 30334263 30455280  121017 1
 501 30455280 30491896   36616 1
 502 30491896 30491897       1 1
 503 30491897 30513784   21887 1
 504 30515304 31199405  684101 2
 505 31200925 31232145   31220 1
 506 31232145 31232145       0 1
 507 31232145 31235424    3279 1
 508 31235424 31245397    9973 1
 509 31245397 31253275    7878 1
 510 31254795 31445560  190765 2
 511 31447080 31497645   50565 1
 512 31497645 31538700   41055 1
 513 31540220 31715576  175356 2
 514 31717096 31718236    1140 1
 515 31718236 31737302   19066 1
 516 31737302 31737302       0 1
 517 31737302 31739262    1960 1
 518 31739262 31767310   28048 1
 519 31768830 32384612  615782 2
 520 33014388 33035489   21101 2
 521 33037009 33803040  766031 2
 522 33804560 33924685  120125 4
 523 33924685 33924685       0 2
 524 33924685 33924685       0 2
 525 33924685 33924685       0 2
 526 33924685 33924685       0 2
 527 33924685 33924685       0 2
 528 33924685 33929483    4798 2
 529 33931003 34081433  150430 2
 530 34082953 34248218  165265 2
 531 34248218 34250411    2193 2
 532 34300243 34377534   77291 4
 533 34377534 34377534       0 2
 534 34377534 34377534       0 2
 535 34377534 34394388   16854 2
 536 34395908 34542902  146994 2
 537 34544422 34575069   30647 1
 538 34575069 34575069       0 1
 539 34575069 34585122   10053 1
 540 34585122 34585123       1 1
 541 34588605 34613805   25200 1
 542 34613805 34622807    9002 1
 543 34622807 34641581   18774 1
 544 34641581 34643639    2058 1
 545 34643639 34647477    3838 1
 546 34647477 34669592   22115 1
 547 34671112 34845484  174372 2
 548 34847004 34850225    3221 1
 549 34850225 34872399   22174 1
 550 34885634 34909486   23852 1
 551 34909486 35061013  151527 4
 552 35061013 35061013       0 1
 553 35061013 35061013       0 1
 554 35061013 35061013       0 1
 555 35061013 35061013       0 1
 556 35061013 35076490   15477 1
 557 35076490 35097445   20955 1
 558 35097445 35103467    6022 1
 559 35103467 35140605   37138 1
 560 35140605 35155402   14797 1
 561 35155402 35197485   42083 1
 562 35197485 35223757   26272 1
 563 35223757 35223758       1 1
 564 35223758 35225848    2090 1
 565 35225848 35254112   28264 1
 566 35254112 35261427    7315 1
 567 35261427 35275333   13906 1
 568 35275333 35307677   32344 1
 569 35307677 35307677       0 1
 570 35307677 35330431   22754 1
 571 35330431 35330431       0 1
 572 35330431 35335819    5388 1
 573 35335819 35335819       0 1
 574 35335819 35335820       1 1
 575 35335820 35336408     588 1
 576 35336408 35393089   56681 1
 577 35393089 35433938   40849 1
 578 35433938 35456964   23026 1
 579 35481076 35669150  188074 4
 580 35669150 35669150       0 1
 581 35669150 35673742    4592 1
 582 35673742 35809320  135578 1
 583 35809320 35916127  106807 1
 584 35916127 35964179   48052 1
 585 35964179 35972569    8390 1
 586 35972569 36002855   30286 1
 587 36009736 36033209   23473 1
 588 36033209 36060047   26838 1
 589 36061567 37371319 1309752 2
 590 37372839 37400999   28160 1
 591 37400999 37431951   30952 1
 592 37431951 37467096   35145 1
 593 37467096 37491603   24507 1
 594 37491603 37734021  242418 1
 595 37734021 37738165    4144 1
 596 37738165 37739895    1730 1
 597 37739895 37743457    3562 1
 598 37743457 37768263   24806 1
 599 37768263 37768263       0 1
 600 37768263 37768263       0 1
 601 37768263 37772829    4566 1
 602 37774349 38426688  652339 2
 603 38741877 38765982   24105 2
 604 38765982 38765982       0 2
 605 38765982 38786191   20209 2
 606 38786191 38786191       0 2
 607 38786191 38786191       0 2
 608 38786191 38806722   20531 2
 609 38808242 38955023  146781 2
 610 38956543 38956902     359 2
 611 38956902 38978090   21188 2
 612 38979610 39944447  964837 2
 613 39945967 40013937   67970 2
 614 40013937 40304026  290089 4
 615 40304026 40304026       0 2
 616 40304026 40329215   25189 4
 617 40329215 40329216       1 2
 618 40329216 40334472    5256 2
 619 40334472 40344808   10336 2
 620 40344808 40347287    2479 2
 621 40347287 40366313   19026 2
 622 40366313 40394066   27753 2
 623 40395586 40495592  100006 2
 624 40497112 40522856   25744 1
 625 40522856 40522856       0 1
 626 40522856 40522856       0 1
 627 40522856 40547835   24979 1
 628 40547835 40547835       0 1
 629 40547835 40547835       0 1
 630 40547835 40563056   15221 1
 631 40565994 40590778   24784 1
 632 40604747 40631176   26429 1
 633 40631176 40631177       1 1
 634 40631177 40632565    1388 1
 635 40632565 40632565       0 1
 636 40632565 40638732    6167 1
 637 40638732 40638732       0 1
 638 40638732 40638732       0 1
 639 40638732 40640645    1913 1
 640 40640645 40640645       0 1
 641 40640645 40640646       1 1
 642 40640646 40640646       0 1
 643 40640646 40640646       0 1
 644 40640646 40640646       0 1
 645 40640646 40640646       0 1
 646 40640646 40640646       0 1
 647 40640646 40640646       0 1
 648 40640646 40640646       0 1
 649 40640646 40640646       0 1
 650 40640646 40640646       0 1
 651 40640646 40640646       0 1
 652 40640646 40640646       0 1
 653 40640646 40640646       0 1
 654 40640646 40640646       0 1
 655 40640646 40640646       0 1
 656 40640646 40640646       0 1
 657 40640646 40640646       0 1
 658 40640646 40640646       0 1
 659 40640646 40640646       0 1
 660 40640646 40640646       0 1
 661 40640646 40640646       0 1
 662 40640646 40640646       0 1
 663 40640646 40640646       0 1
 664 40640646 40640646       0 1
 665 40640646 40640646       0 1
 666 40640646 40640646       0 1
 667 40640646 40640646       0 1
 668 40640646 40640646       0 1
 669 40640646 40640646       0 1
 670 40640646 40647605    6959 1
 671 40647605 40647605       0 1
 672 40647605 40648031     426 1
 673 40648031 40671364   23333 1
 674 40671364 40672662    1298 1
 675 40710182 40735835   25653 1
 676 40735835 40741106    5271 1
 677 40741106 40747513    6407 1
 678 40747513 40773478   25965 1
 679 40792602 40816270   23668 1
 680 40817790 40931500  113710 2
 681 40933020 41028620   95600 4
 682 41028620 41028620       0 1
 683 41028620 41028620       0 1
 684 41028620 41028620       0 1
 685 41028620 41028620       0 1
 686 41028620 41041500   12880 1
 687 41041500 41049488    7988 1
 688 41049488 41058670    9182 1
 689 41058670 41069366   10696 1
 690 41069366 41076368    7002 1
 691 41102636 41185383   82747 1
 692 41185383 41185383       0 1
 693 41185383 41185383       0 1
 694 41185383 41258056   72673 4
 695 41258056 41258056       0 1
 696 41258056 41258056       0 1
 697 41258056 41270512   12456 1
 698 41271552 41293576   22024 1
 699 41338903 41368346   29443 1
 700 41368346 41475021  106675 1
 701 41511131 41637077  125946 1
 702 41637077 41743939  106862 1
 703 41743939 41799663   55724 1
 704 41799663 41847321   47658 1
 705 41847321 41862455   15134 1
 706 41862455 41862641     186 1
 707 41862641 41880866   18225 1
 708 41880866 41885895    5029 1
 709 41885895 41892528    6633 1
 710 41892528 41892528       0 1
 711 41892528 41892528       0 1
 712 41892528 41916329   23801 1
 713 41917849 43010818 1092969 2
 714 43012338 43040580   28242 1
 715 43042100 43379691  337591 2
 716 43381211 43451261   70050 1
 717 43451261 43495797   44536 1
 718 43497317 43709847  212530 2
 719 43711367 43754928   43561 1
 720 43756448 44232030  475582 2
 721 44233550 44243087    9537 1
 722 44243087 44250132    7045 1
 723 44251652 44468778  217126 2
 724 44906014 44927872   21858 2
 725 44927872 44927872       0 2
 726 44927872 44929161    1289 2
 727 44929161 44934414    5253 2
 728 44934414 44964367   29953 2
 729 44964367 44964367       0 2
 730 44964367 44964367       0 2
 731 44964367 44964367       0 2
 732 44964367 44984510   20143 2
 733 45000245 45052613   52368 2
 734 45052613 45052783     170 2
 735 45052783 45074988   22205 2
 736 45074988 45078445    3457 2
 737 45078445 45103556   25111 2
 738 45105076 45356385  251309 2
 739 45357905 45360548    2643 2
 740 45360548 45384003   23455 2
 741 45385523 45696220  310697 2
 742 45697740 45750427   52687 2
 743 45750427 45777788   27361 2
 744 45802737 45838708   35971 2
 745 45838708 45838709       1 2
 746 45862804 45918195   55391 2
 747 45918195 45951392   33197 2
 748 45952912 46288067  335155 2
 749 46289587 46376680   87093 4
 750 46376680 46376680       0 2
 751 46376680 46402804   26124 4
 752 46402804 46402804       0 2
 753 46402804 46414335   11531 2
 754 46418771 46443673   24902 2
 755 46443673 46444481     808 2
 756 46444481 46452417    7936 2
 757 46452417 46456084    3667 2
 758 46456084 46478428   22344 2
 759 46478428 46478428       0 2
 760 46478428 46478428       0 2
 761 46478428 46478428       0 2
 762 46478428 46478428       0 2
 763 46478428 46487077    8649 2
 764 46487077 46487077       0 2
 765 46487077 46487077       0 2
 766 46487077 46487077       0 2
 767 46487077 46487077       0 2
 768 46487077 46508253   21176 2
 769 46508253 46508253       0 1
 770 46508253 46508253       0 1
 771 46508253 46524491   16238 1
 772 46524491 46524491       0 1
 773 46524491 46525671    1180 1
 774 46525671 46529311    3640 1
 775 46541428 46543991    2563 1
 776 46543991 46568362   24371 1
 777 46581365 46609703   28338 1
 778 46609703 46609703       0 1
 779 46609703 46609703       0 1
 780 46609703 46609703       0 1
 781 46609703 46609703       0 1
 782 46609703 46609703       0 1
 783 46609703 46609703       0 1
 784 46609703 46609703       0 1
 785 46609703 46609703       0 1
 786 46609703 46609703       0 1
 787 46609703 46609703       0 1
 788 46609703 46609703       0 1
 789 46609703 46609703       0 1
 790 46609703 46621632   11929 1
 791 46621632 46621632       0 1
 792 46621632 46621632       0 1
 793 46621632 46621632       0 1
 794 46621632 46621632       0 1
 795 46621632 46621632       0 1
 796 46621632 46621632       0 1
 797 46621632 46621632       0 1
 798 46621632 46626610    4978 1
 799 46626610 46626611       1 1
 800 46626611 46626611       0 1
 801 46626611 46626611       0 1
 802 46626611 46626611       0 1
 803 46626611 46626611       0 1
 804 46626611 46626611       0 1
 805 46626611 46626611       0 1
 806 46626611 46626611       0 1
 807 46626611 46626611       0 1
 808 46626611 46626611       0 1
 809 46626611 46626611       0 1
 810 46626611 46626611       0 1
 811 46626611 46626611       0 1
 812 46626611 46641714   15103 1
 813 46641714 46641715       1 1
 814 46641715 46644785    3070 1
 815 46644785 46656951   12166 1
 816 46667795 46695338   27543 1
 817 46695338 46695338       0 1
 818 46695338 46695338       0 1
 819 46695338 46695763     425 1
 820 46695763 46695763       0 1
 821 46695763 46709822   14059 1
 822 46709822 46709822       0 1
 823 46709822 46709822       0 1
 824 46709822 46710568     746 1
 825 46710568 46710614      46 1
 826 46710614 46733877   23263 1
 827 46733877 46738723    4846 1
 828 46738723 46749855   11132 1
 829 46749855 46750610     755 1
 830 46750610 46763388   12778 1
 831 46764908 46885482  120574 2
 832 46887002 46916275   29273 1
 833 46976631 47057612   80981 1
 834 47059132 47219991  160859 2
 835 47221511 47912011  690500 4
 836 47913532 48150023  236491 2
 837 48151543 48154799    3256 1
 838 48154799 48169444   14645 1
 839 48169444 48196173   26729 1
 840 48197693 48560757  363064 2
 841 48562277 48581958   19681 1
 842 48581958 48610300   28342 1
 843 48611820 48994430  382610 2
 844 48995950 49020912   24962 1
 845 49020912 49020913       1 1
 846 49020913 49032381   11468 1
 847 49033901 49184712  150811 2
 848 49186232 49209871   23639 1
 849 49209871 49209871       0 1
 850 49209871 49220031   10160 1
 851 49220031 49223305    3274 1
 852 49223305 49223305       0 1
 853 49223305 49223305       0 1
 854 49223305 49240908   17603 1
 855 49240908 49252124   11216 1
 856 49252124 49262753   10629 1
 857 49262753 49288373   25620 1
 858 49288373 49288374       1 1
 859 49288374 49295095    6721 1
 860 49295095 49298488    3393 1
 861 49298488 49302946    4458 1
 862 49302946 49303113     167 1
 863 49303113 49319156   16043 1
 864 49319156 49330190   11034 1
 865 49330190 49358475   28285 1
 866 49358475 49374740   16265 1
 867 49374740 49376399    1659 1
 868 49376399 49376513     114 1
 869 49376513 49382046    5533 1
 870 49382046 49387740    5694 1
 871 49387740 49413241   25501 1
 872 49414761 49688615  273854 2
 873 49690135 49729733   39598 1
 874 49791465 49816449   24984 1
 875 49816449 49829106   12657 1
 876 49829106 49829106       0 1
 877 49829106 49838263    9157 1
 878 49839783 49946839  107056 2
 879 49948359 49951757    3398 1
 880 49951757 49975333   23576 1
 881 49976853 50510854  534001 2
 882 50598452 50937372  338920 2
 883 50991075 51025732   34657 2
 884 51025732 51025732       0 2
 885 51025732 51033352    7620 2
 886 51033352 51033352       0 2
 887 51033352 51033851     499 2
 888 51079775 51112859   33084 2
 889 51112859 51124552   11693 2
 890 51124552 51124552       0 2
 891 51124552 51124552       0 2
 892 51124552 51132355    7803 2
 893 51132355 51193905   61550 2
 894 51246514 51283649   37135 2
 895 51283649 51283650       1 2
 896 51283650 51292764    9114 2
 897 51297248 51321216   23968 2
 898 51321216 51334236   13020 2
 899 51334236 51334237       1 2
 900 51334237 51347247   13010 2
 901 51347247 51350122    2875 2
 902 51350122 51351376    1254 2
 903 51351376 51354320    2944 2
 904 51354320 51358974    4654 2
 905 51358974 51366130    7156 2
 906 51366130 51368124    1994 2
 907 51368124 51380121   11997 2
 908 51380121 51392366   12245 2
 909 51392366 51392366       0 2
 910 51392366 51392366       0 2
 911 51392366 51415351   22985 2
 912 51468699 51484098   15399 2
 913 51513463 51551062   37599 2
 914 51551062 51552913    1851 2
 915 51552913 51559583    6670 2
 916 51559583 51572726   13143 2
 917 51572726 51572726       0 2
 918 51572726 51597657   24931 2
 919 51599177 51885530  286353 2
 920 51887050 52010034  122984 2
 921 52010034 52258149  248115 2
 922 52258149 52444646  186497 4
 923 52444646 52444646       0 2
 924 52444646 52444646       0 2
 925 52444646 52444646       0 2
 926 52444646 52444646       0 2
 927 52444646 52444646       0 2
 928 52444646 52444646       0 2
 929 52444646 52444646       0 2
 930 52444646 52444646       0 2
 931 52444646 52444646       0 2
 932 52444646 52462559   17913 2
 933 52462559 52462560       1 2
 934 52462560 52463648    1088 2
 935 52463648 52481620   17972 2
 936 52481620 52481620       0 2
 937 52481620 52485177    3557 2
 938 52485177 52507771   22594 2
 939 52563169 52589888   26719 1
 940 52589888 52589888       0 1
 941 52589888 52589888       0 1
 942 52589888 52589888       0 1
 943 52589888 52589888       0 1
 944 52589888 52589888       0 1
 945 52589888 52596893    7005 1
 946 52596893 52596893       0 1
 947 52596893 52596893       0 1
 948 52596893 52596893       0 1
 949 52596893 52596893       0 1
 950 52596893 52600115    3222 1
 951 52600115 52600115       0 1
 952 52600115 52600115       0 1
 953 52600115 52600115       0 1
 954 52600115 52600115       0 1
 955 52600115 52600115       0 1
 956 52600115 52600115       0 1
 957 52600115 52600115       0 1
 958 52600115 52600115       0 1
 959 52600115 52600115       0 1
 960 52600115 52600115       0 1
 961 52600115 52600115       0 1
 962 52600115 52605383    5268 1
 963 52605383 52605383       0 1
 964 52605383 52605383       0 1
 965 52605383 52605383       0 1
 966 52605383 52605383       0 1
 967 52605383 52605383       0 1
 968 52605383 52605383       0 1
 969 52605383 52605383       0 1
 970 52605383 52605383       0 1
 971 52605383 52605383       0 1
 972 52605383 52605383       0 1
 973 52605383 52605383       0 1
 974 52605383 52605383       0 1
 975 52605383 52605383       0 1
 976 52605383 52605383       0 1
 977 52605383 52605383       0 1
 978 52605383 52620177   14794 1
 979 52620177 52631188   11011 1
 980 52639507 52664404   24897 1
 981 52664404 52665508    1104 1
 982 52665508 52673326    7818 1
 983 52673326 52674244     918 1
 984 52674244 52696406   22162 1
 985 52696406 52698752    2346 1
 986 52698752 52704071    5319 1
 987 52704071 52705198    1127 1
 988 52705198 52727145   21947 1
 989 52783859 52808466   24607 1
 990 52808466 52808466       0 1
 991 52808466 52808466       0 1
 992 52808466 52808466       0 1
 993 52808466 52808466       0 1
 994 52808466 52808466       0 1
 995 52808466 52808466       0 1
 996 52808466 52808466       0 1
 997 52808466 52820662   12196 1
 998 52820662 52820662       0 1
 999 52820662 52820662       0 1
1000 52820662 52820662       0 1
1001 52820662 52820662       0 1
1002 52820662 52820662       0 1
1003 52820662 52820662       0 1
1004 52820662 52820662       0 1
1005 52820662 52823001    2339 1
1006 52823001 52823001       0 1
1007 52823001 52823001       0 1
1008 52823001 52823723     722 1
1009 52823723 52823723       0 1
1010 52823723 52824276     553 1
1011 52824276 52846911   22635 1
1012 52846911 52847589     678 1
1013 52847589 52850737    3148 1
1014 52852257 53110488  258231 2
1015 53112008 53134026   22018 1
1016 53134026 53134026       0 1
1017 53134026 53134026       0 1
1018 53134026 53134026       0 1
1019 53134026 53134026       0 1
1020 53134026 53134026       0 1
1021 53134026 53134026       0 1
1022 53134026 53149330   15304 1
1023 53150850 53290690  139840 2
1024 53292210 53327888   35678 1
1025 53327888 53327889       1 1
1026 53327889 53343022   15133 1
1027 53343022 53345829    2807 1
1028 53345829 53356749   10920 1
1029 53356749 53356749       0 1
1030 53356749 53366688    9939 1
1031 53366688 53393220   26532 1
1032 53394740 53850807  456067 2
1033 53852327 53874433   22106 1
1034 53874433 53874433       0 1
1035 53874433 53875771    1338 1
1036 53875771 53882762    6991 1
1037 53882762 53887866    5104 1
1038 53973745 53979430    5685 1
1039 53979430 53985236    5806 1
1040 53985236 54059713   74477 1
1041 54059713 54126757   67044 1
1042 54126757 54212487   85730 1
1043 54212487 54259958   47471 1
1044 54323142 54344844   21702 1
1045 54344844 54370642   25798 1
1046 54372162 55393279 1021117 2
1047 55394799 55409163   14364 1
1048 55409163 55415173    6010 1
1049 55415173 55415173       0 1
1050 55415173 55430944   15771 1
1051 55430944 55456271   25327 1
1052 55457791 55754290  296499 2
1053 55755810 56073334  317524 1
1054 56074854 56552930  478076 2
1055 57131509 57161854   30345 2
1056 57161854 57167157    5303 2
1057 57167157 57175808    8651 2
1058 57175808 57175809       1 2
1059 57175809 57181735    5926 2
1060 57181735 57184335    2600 2
1061 57184335 57211902   27567 2
1062 57211902 57214157    2255 2
1063 57214157 57217026    2869 2
1064 57217026 57239356   22330 2
1065 57317762 57343837   26075 2
1066 57343837 57343838       1 2
1067 57343838 57352160    8322 2
1068 57352160 57369166   17006 2
1069 57369166 57388281   19115 2
1070 57454690 57459677    4987 2
1071 57459677 57485897   26220 2
1072 57507110 57531684   24574 2
1073 57531684 57531684       0 2
1074 57531684 57542361   10677 2
1075 57542361 57549477    7116 2
1076 57563425 57600302   36877 2
1077 57600302 57638490   38188 2
1078 57644580 57687289   42709 2
1079 57687289 57987399  300110 2
1080 57987399 58007015   19616 2
1081 58007015 58035020   28005 2
1082 58035020 58216052  181032 2
1083 58216052 58411703  195651 4
1084 58411703 58411703       0 2
1085 58411703 58412850    1147 2
1086 58475633 58502604   26971 2
1087 58502604 58502604       0 2
1088 58502604 58524285   21681 2
1089 58614048 58627593   13545 1
1090 58627593 58638798   11205 1
1091 58638798 58638798       0 1
1092 58638798 58648201    9403 1
1093 58648201 58649231    1030 1
1094 58649231 58650561    1330 1
1095 58650561 58654325    3764 1
1096 58654325 58654325       0 1
1097 58654325 58680578   26253 1
1098 58718840 58767995   49155 4
1099 58767995 58767995       0 1
1100 58767995 58767995       0 1
1101 58767995 58767995       0 1
1102 58767995 58767995       0 1
1103 58767995 58767995       0 1
1104 58767995 58782339   14344 1
1105 58783859 58917068  133209 2
1106 58918588 58940745   22157 1
1107 58940745 58940745       0 1
1108 58940745 58940745       0 1
1109 58940745 58940745       0 1
1110 58940745 58940745       0 1
1111 58940745 58940745       0 1
1112 58940745 58940745       0 1
1113 58940745 58940745       0 1
1114 58940745 58940745       0 1
1115 58940745 58940745       0 1
1116 58940745 58940745       0 1
1117 58940745 58959269   18524 1
1118 58959269 58961084    1815 1
1119 58961084 58961085       1 1
1120 58961085 58961465     380 1
1121 58961465 58961465       0 1
1122 58961465 58961465       0 1
1123 58961465 58964552    3087 1
1124 58964552 58970430    5878 1
1125 59007830 59040262   32432 1
1126 59040262 59040262       0 1
1127 59040262 59040262       0 1
1128 59040262 59040262       0 1
1129 59040262 59057031   16769 1
1130 59057031 59058025     994 1
1131 59058025 59061465    3440 1
1132 59064964 59087208   22244 1
1133 59109623 59134838   25215 1
1134 59134838 59134838       0 1
1135 59134838 59143252    8414 1
1136 59143252 59155641   12389 1
1137 59155641 59163255    7614 1
1138 59163255 59251294   88039 1
1139 59251294 59257942    6648 1
1140 59257942 59276312   18370 1
1141 59276312 59300760   24448 1
1142 59303877 59306896    3019 1
1143 59306896 59322899   16003 1
1144 59322899 59347494   24595 1
1145 59436490 59693057  256567 1
1146 59693057 59716867   23810 1
1147 59718387 59836134  117747 2
1148 59837654 59895698   58044 1
1149 59895698 59895698       0 1
1150 59895698 59920220   24522 1
1151 59920220 59940905   20685 1
1152 59940905 59960298   19393 1
1153 59960298 59997297   36999 1
1154 59998817 61465451 1466634 2
1155 61466971 61485611   18640 1
1156 61485611 61494391    8780 1
1157 61494391 61494391       0 1
1158 61494391 61498055    3664 1
1159 61498055 61521424   23369 1
1160 61567545 61573132    5587 1
1161 61573132 61573362     230 1
1162 61573362 61595638   22276 1
1163 61595638 61595638       0 1
1164 61595638 61602879    7241 1
1165 61628022 61661502   33480 1
1166 61724066 62085220  361154 1
1167 62085220 62094514    9294 1
1168 62094514 62094514       0 1
1169 62094514 62094514       0 1
1170 62094514 62094925     411 1
1171 62094925 62097393    2468 1
1172 62097393 62098890    1497 1
1173 62098890 62123490   24600 1
1174 62125010 62595005  469995 2
1175 63222773 63227460    4687 2
1176 63227460 63238487   11027 2
1177 63238487 63238487       0 2
1178 63238487 63259340   20853 2
1179 63263057 63271535    8478 2
1180 63271535 63280256    8721 2
1181 63280256 63282122    1866 2
1182 63282122 63287018    4896 2
1183 63287018 63287018       0 2
1184 63287018 63307844   20826 2
1185 63307844 63319867   12023 2
1186 63319867 63319867       0 2
1187 63319867 63319867       0 2
1188 63319867 63325733    5866 2
1189 63325733 63330886    5153 2
1190 63330886 63351795   20909 2
1191 63351795 63359218    7423 2
1192 63359218 63364447    5229 2
1193 63364447 63368001    3554 2
1194 63368001 63389587   21586 2
1195 63406574 63411955    5381 2
1196 63411955 63416558    4603 2
1197 63416558 63438303   21745 2
1198 63439823 63575481  135658 2
1199 63577001 63631796   54795 2
1200 63631796 63735844  104048 2
1201 63735844 63842902  107058 2
1202 63842902 63953629  110727 2
1203 63953629 63964231   10602 2
1204 63964231 64088346  124115 2
1205 64088346 64177832   89486 2
1206 64177832 64403109  225277 4
1207 64403109 64403110       1 2
1208 64403855 64436739   32884 2
1209 64438260 64572355  134095 2
1210 64573875 64596785   22910 2
1211 64596785 64596785       0 2
1212 64596785 64596785       0 2
1213 64596785 64602377    5592 2
1214 64602377 64614604   12227 2
1215 64614604 64614604       0 2
1216 64614604 64614604       0 2
1217 64614604 64638165   23561 2
1218 64638165 64638165       0 1
1219 64638165 64638165       0 1
1220 64638165 64655697   17532 1
1221 64655697 64655697       0 1
1222 64655697 64667699   12002 1
1223 64708518 64752954   44436 4
1224 64752954 64752954       0 1
1225 64752954 64752954       0 1
1226 64752954 64752954       0 1
1227 64752954 64752954       0 1
1228 64752954 64752954       0 1
1229 64752954 64757041    4087 1
1230 64789467 64811603   22136 1
1231 64883122 64905575   22453 1
1232 64905575 64905575       0 1
1233 64905575 64918185   12610 1
1234 64918185 64918185       0 1
1235 64918185 64918185       0 1
1236 64918185 64927447    9262 1
1237 64932186 64958668   26482 1
1238 64958668 64963051    4383 1
1239 64963051 64984470   21419 1
1240 64984470 64984470       0 1
1241 64984470 65006644   22174 1
1242 65006644 65025132   18488 1
1243 65036863 65060925   24062 1
1244 65060925 65060925       0 1
1245 65060925 65060925       0 1
1246 65060925 65061902     977 1
1247 65061902 65061902       0 1
1248 65061902 65084247   22345 1
1249 65084247 65088149    3902 1
1250 65101749 65123799   22050 1
1251 65125319 65409751  284432 2
1252 65411271 65738952  327681 1
1253 65738952 65755441   16489 1
1254 65755441 65758571    3130 1
1255 65758571 65781742   23171 1
1256 65803954 65829337   25383 1
1257 65829337 65830796    1459 1
1258 65830796 65854619   23823 1
1259 65856140 67576134 1719994 2
1260 67577654 67601575   23921 1
1261 67603095 67713915  110820 2
1262 67715435 68114826  399391 1
1263 68116346 68637080  520734 2
1264 69330853 69381107   50254 2
1265 69381107 69440286   59179 2
1266 69490450 69592916  102466 2
1267 69592916 69700782  107866 2
1268 69700782 69907691  206909 4
1269 69907691 69907691       0 2
1270 69907691 69907691       0 2
1271 69907691 69998001   90310 2
1272 70011337 70081366   70029 2
1273 70081366 70120738   39372 2
1274 70120738 70163701   42963 2
1275 70163701 70248959   85258 4
1276 70248959 70248960       1 2
1277 70283307 70313397   30090 2
1278 70313397 70384777   71380 2
1279 70384777 70407744   22967 2
1280 70407744 70440833   33089 2
1281 70440833 70463177   22344 2
1282 70463177 70465707    2530 2
1283 70465707 70470838    5131 2
1284 70470838 70470838       0 2
1285 70470838 70470838       0 2
1286 70470838 70470838       0 2
1287 70470838 70493645   22807 2
1288 70493645 70493645       0 2
1289 70493645 70493645       0 2
1290 70493645 70493645       0 2
1291 70493645 70493645       0 2
1292 70493645 70493645       0 2
1293 70493645 70493645       0 2
1294 70493645 70499046    5401 2
1295 70499046 70499046       0 2
1296 70499046 70499046       0 2
1297 70499046 70499046       0 2
1298 70499046 70500746    1700 2
1299 70502266 70688648  186382 2
1300 70690168 70691135     967 1
1301 70691135 70694210    3075 1
1302 70694210 70696046    1836 1
1303 70696046 70696338     292 1
1304 70696338 70707816   11478 1
1305 70707816 70707816       0 1
1306 70707816 70737478   29662 4
1307 70737478 70737478       0 1
1308 70737478 70737478       0 1
1309 70737478 70740982    3504 1
1310 70774481 70802856   28375 1
1311 70802856 70802856       0 1
1312 70802856 70805282    2426 1
1313 70805282 70813089    7807 1
1314 70813089 70813090       1 1
1315 70813090 70826454   13364 1
1316 70826454 70832175    5721 1
1317 70832175 70853919   21744 1
1318 70884437 70918410   33973 1
1319 70918410 70918411       1 1
1320 70918411 70920906    2495 1
1321 70920906 70923407    2501 1
1322 70923407 70929501    6094 1
1323 70929501 70929501       0 1
1324 70929501 70929501       0 1
1325 70929501 70929501       0 1
1326 70929501 70932263    2762 1
1327 70932263 70933835    1572 1
1328 70933835 70938597    4762 1
1329 70938597 70944733    6136 1
1330 70944733 70950533    5800 1
1331 70950533 70950533       0 1
1332 70950533 70951425     892 1
1333 70951425 70955344    3919 1
1334 70955344 70955344       0 1
1335 70955344 70977817   22473 1
1336 70977817 70977817       0 1
1337 70977817 70981517    3700 1
1338 70981517 70981517       0 1
1339 70981517 70981517       0 1
1340 70981517 70981517       0 1
1341 70981517 70981517       0 1
1342 70981517 70981517       0 1
1343 70981517 70981517       0 1
1344 70981517 70995209   13692 1
1345 70995209 70998264    3055 1
1346 70998264 70998265       1 1
1347 70998265 71011007   12742 1
1348 71011007 71011008       1 1
1349 71011008 71017533    6525 1
1350 71017533 71040394   22861 1
1351 71040394 71075684   35290 1
1352 71075684 71083219    7535 1
1353 71083219 71105358   22139 1
1354 71105358 71105729     371 1
1355 71105729 71377266  271537 1
1356 71377266 71378761    1495 1
1357 71378761 71378951     190 1
1358 71378951 71383878    4927 1
1359 71383878 71383878       0 1
1360 71383878 71383878       0 1
1361 71383878 71386088    2210 1
1362 71386088 71386088       0 1
1363 71386088 71391704    5616 1
1364 71391704 71391704       0 1
1365 71391704 71391704       0 1
1366 71391704 71392623     919 1
1367 71392623 71394286    1663 1
1368 71394286 71395413    1127 1
1369 71395413 71419637   24224 1
1370 71419637 71421332    1695 1
1371 71421332 71421332       0 1
1372 71421332 71421332       0 1
1373 71421332 71421332       0 1
1374 71421332 71421332       0 1
1375 71421332 71421332       0 1
1376 71421332 71421332       0 1
1377 71421332 71421332       0 1
1378 71421332 71422329     997 1
1379 71422329 71422329       0 1
1380 71422329 71422329       0 1
1381 71422329 71455387   33058 1
1382 71456907 72602522 1145615 2
1383 72604042 72615572   11530 1
1384 72617092 73627502 1010410 2
1385 73629022 73651276   22254 1
1386 73651276 73653941    2665 1
1387 73653941 73653941       0 1
1388 73653941 73658096    4155 1
1389 73658096 73682120   24024 1
1390 73683640 74156503  472863 2
1391 74158023 74168302   10279 1
1392 74168302 74191821   23519 1
1393 74193341 74511753  318412 2
1394 74513273 74537198   23925 1
1395 74538718 74679175  140457 2
1396 74784470 74853574   69104 2
1397 74853574 74853574       0 2
1398 74853574 74853575       1 2
1399 74853575 74893394   39819 2
1400 74925430 75003832   78402 2
1401 75003832 75012436    8604 2
1402 75012436 75104037   91601 2
1403 75104037 75385535  281498 2
1404 75385535 75471753   86218 2
1405 75471753 75525143   53390 2
1406 75525143 75554146   29003 2
1407 75555550 75892277  336727 4
1408 75892277 75892278       1 2
1409 75912188 75945378   33190 4
1410 75945378 75945379       1 2
1411 75945379 75952100    6721 2
1412 75952100 75979683   27583 2
1413 75987302 76079955   92653 2
1414 76079955 76079955       0 2
1415 76079955 76079956       1 2
1416 76079956 76080249     293 2
1417 76080249 76092961   12712 2
1418 76099226 76140679   41453 2
1419 76140679 76140679       0 2
1420 76140679 76140679       0 2
1421 76140679 76140680       1 2
1422 76162090 76171650    9560 2
1423 76192513 76248550   56037 4
1424 76248550 76248550       0 2
1425 76248550 76248550       0 2
1426 76248550 76248550       0 2
1427 76248550 76266393   17843 2
1428 76272407 76298019   25612 2
1429 76298019 76298020       1 2
1430 76298020 76321210   23190 2
1431 76321210 76328377    7167 2
1432 76328377 76330474    2097 2
1433 76330474 76332482    2008 2
1434 76332482 76340969    8487 2
1435 76340969 76340969       0 2
1436 76340969 76352517   11548 2
1437 76352517 76352517       0 2
1438 76352517 76352517       0 2
1439 76352517 76352517       0 2
1440 76352517 76375470   22953 2
1441 76375470 76375470       0 2
1442 76375470 76391617   16147 2
1443 76393137 76536179  143042 2
1444 76537699 76561736   24037 2
1445 76614058 76638853   24795 2
1446 76638853 76638853       0 2
1447 76638853 76638853       0 2
1448 76638853 76638853       0 2
1449 76638853 76638853       0 2
1450 76638853 76638853       0 2
1451 76638853 76646529    7676 2
1452 76646529 76646529       0 2
1453 76646529 76646529       0 2
1454 76646529 76646529       0 2
1455 76646529 76646529       0 2
1456 76646529 76647743    1214 2
1457 76647743 76648374     631 2
1458 76648374 76671181   22807 2
1459 76671181 76675863    4682 2
1460 76675863 76675863       0 2
1461 76675863 76675863       0 2
1462 76675863 76675863       0 2
1463 76675863 76675863       0 2
1464 76675863 76675864       1 2
1465 76675864 76688082   12218 2
1466 76688082 76689138    1056 2
1467 76689138 76689520     382 2
1468 76701098 76799486   98388 4
1469 76799486 76799486       0 1
1470 76799486 76799487       1 1
1471 76799487 76806689    7202 1
1472 76806689 76807783    1094 1
1473 76807783 76830281   22498 1
1474 76864558 76890538   25980 1
1475 76890538 76890539       1 1
1476 76890539 76896092    5553 1
1477 76896092 76910360   14268 1
1478 76910360 76936948   26588 1
1479 76936948 76942207    5259 1
1480 76942207 76954952   12745 1
1481 76954952 76979888   24936 1
1482 76979888 76985092    5204 1
1483 76985092 76997290   12198 1
1484 76997290 77001595    4305 1
1485 77001595 77023636   22041 1
1486 77025156 77131816  106660 2
1487 77133336 77156090   22754 1
1488 77156090 77213217   57127 1
1489 77213217 77290859   77642 1
1490 77290859 77293844    2985 1
1491 77293844 77293846       2 1
1492 77293846 77296567    2721 1
1493 77296567 77296979     412 1
1494 77296979 77302497    5518 1
1495 77302497 77302497       0 1
1496 77302497 77326663   24166 1
1497 77326663 77326664       1 1
1498 77326664 77327208     544 1
1499 77327208 77337835   10627 1
1500 77337835 77340949    3114 1
1501 77340949 77347767    6818 1
1502 77347767 77370659   22892 1
1503 77370659 77373977    3318 1
1504 77373977 77373978       1 1
1505 77373978 77374300     322 1
1506 77374300 77374726     426 1
1507 77374726 77397020   22294 1
1508 77398540 78486983 1088443 2
1509 78488503 78510032   21529 1
1510 78559736 78586544   26808 1
1511 78586544 78588449    1905 1
1512 78588449 78591209    2760 1
1513 78647040 78669871   22831 1
1514 78691605 78715009   23404 1
1515 78716529 79169505  452976 2
1516 79171025 79194148   23123 1
1517 79195668 79479735  284067 2
1518 79481255 79502007   20752 1
1519 79502007 79502007       0 1
1520 79502007 79502008       1 1
1521 79535525 80174191  638666 1
1522 80175712 80721251  545539 2
1523 81429195 81465263   36068 4
1524 81465263 81465263       0 2
1525 81465263 81465263       0 2
1526 81465263 81465263       0 2
1527 81465263 81470071    4808 2
1528 81513365 81605466   92101 2
1529 81605466 81619641   14175 2
1530 81619641 81735556  115915 2
1531 81735556 81848713  113157 4
1532 81848713 81848713       0 2
1533 81848713 81848713       0 2
1534 81848713 81939487   90774 2
1535 81978798 81999962   21164 2
1536 82007059 82028904   21845 2
1537 82030425 82273980  243555 2
1538 82275500 82507254  231754 4
1539 82507254 82507255       1 2
1540 82528213 82551242   23029 2
1541 82551242 82551243       1 2
1542 82551243 82556365    5122 2
1543 82558095 82563048    4953 2
1544 82563048 82586149   23101 2
1545 82679412 82806499  127087 4
1546 82806499 82806499       0 1
1547 82806499 82806499       0 1
1548 82806499 82814207    7708 1
1549 82834568 82871942   37374 1
1550 82871942 82871943       1 1
1551 82871943 82881696    9753 1
1552 82883216 83142105  258889 2
1553 83143625 83255963  112338 1
1554 83255963 83255964       1 1
1555 83255964 83268844   12880 1
1556 83268844 83281945   13101 1
1557 83281945 83281945       0 1
1558 83281945 83312751   30806 1
1559 83337221 83361603   24382 1
1560 83363124 83484652  121528 2
1561 83486172 83513005   26833 1
1562 83513005 83513005       0 1
1563 83513005 83516367    3362 1
1564 83516367 83518503    2136 1
1565 83518503 83525691    7188 1
1566 83527211 84126488  599277 2
1567 84128008 84148930   20922 1
1568 84226487 84247225   20738 1
1569 84247225 84268333   21108 1
1570 84276177 84297511   21334 1
1571 84379141 84400831   21690 1
1572 84402351 84554781  152430 2
1573 84556301 84580453   24152 1
1574 84581973 85512213  930240 2
1575 85513733 86201640  687907 1
1576 86201640 86201640       0 1
1577 86201640 86201640       0 1
1578 86201640 86207239    5599 1