   0   438649  1240388  801739 4
   1  1241908  1394515  152607 2
   2  1396035  1416704   20669 4
   3  1416704  1416704       0 1
   4  1416704  1417063     359 1
   5  1417063  1418262    1199 1
   6  1418262  1419716    1454 1
   7  1419716  1419716       0 1
   8  1419716  1420154     438 1
   9  1420154  1438608   18454 1
  10  1438608  1438608       0 1
  11  1438608  1438608       0 1
  12  1438608  1438608       0 1
  13  1438608  1438608       0 1
  14  1438608  1438608       0 1
  15  1438608  1461114   22506 1
  16  1461114  1465821    4707 1
  17  1550086  1563964   13878 1
  18  1563964  1566184    2220 1
  19  1566184  1566184       0 1
  20  1566184  1568111    1927 1
  21  1568111  1573260    5149 1
  22  1573260  1573260       0 1
  23  1573260  1574837    1577 1
  24  1574837  1586873   12036 1
  25  1586873  1586873       0 1
  26  1586873  1600575   13702 1
  27  1600575  1603507    2932 1
  28  1603507  1606851    3344 1
  29  1606851  1606851       0 1
  30  1606851  1613925    7074 1
  31  1613925  1620584    6659 1
  32  1620584  1620584       0 1
  33  1620584  1630498    9914 1
  34  1630498  1635104    4606 1
  35  1635104  1639808    4704 1
  36  1639808  1639808       0 4
  37  1639808  1641812    2004 1
  38  1641812  1641812       0 1
  39  1641812  1641812       0 1
  40  1641812  1643744    1932 1
  41  1643744  1645157    1413 1
  42  1645157  1645989     832 1
  43  1645989  1660842   14853 1
  44  1660842  1660842       0 1
  45  1660842  1660842       0 1
  46  1660842  1660842       0 1
  47  1660842  1660842       0 1
  48  1660842  1660842       0 1
  49  1660842  1660842       0 1
  50  1660842  1660842       0 1
  51  1660842  1660842       0 1
  52  1660842  1672031   11189 1
  53  1672031  1695321   23290 1
  54  1695321  1695712     391 1
  55  1712839  1730898   18059 1
  56  1730898  1730898       0 1
  57  1730898  1742840   11942 1
  58  1742840  1742840       0 1
  59  1742840  1766723   23883 1
  60  1766723  1766723       0 1
  61  1766723  1766723       0 1
  62  1766723  1768426    1703 1
  63  1768426  1791386   22960 1
  64  1798917  1822729   23812 1
  65  1822729  1836546   13817 1
  66  1836546  1837403     857 1
  67  1837403  1841203    3800 1
  68  1841203  1868064   26861 1
  69  1869584  2168742  299158 2
  70  2170262  2200986   30724 1
  71  2202809  2219786   16977 1
  72  2219786  2246716   26930 1
  73  2248236  2395983  147747 2
  74  2397503  2433554   36051 1
  75  2435074  2550571  115497 2
  76  2552091  2576062   23971 1
  77  2576062  2576063       1 1
  78  2576063  2589011   12948 1
  79  2589011  2601551   12540 1
  80  2601551  2606008    4457 1
  81  2607528  3156003  548475 2
  82  3157523  3160924    3401 1
  83  3160924  3184483   23559 1
  84  3189736  3209911   20175 1
  85  3211431  3460275  248844 2
  86  3461795  3588004  126209 1
  87  3588004  3588005       1 1
  88  3588005  3588475     470 1
  89  3588475  3593513    5038 1
  90  3593513  3665393   71880 1
  91  3689792  3697670    7878 1
  92  3697670  3699381    1711 1
  93  3699381  3722808   23427 1
  94  3724328  4544579  820251 2
  95  4546099  5199586  653487 1
  96  5201106  5775972  574866 2
  97  6036643  6061711   25068 2
  98  6061711  6061711       0 2
  99  6061711  6069764    8053 2
 100  6071284  6405687  334403 2
 101  6407207  6407890     683 2
 102  6407890  6409718    1828 2
 103  6409718  6415818    6100 2
 104  6415818  6438573   22755 2
 105  6438573  6438573       0 2
 106  6438573  6439544     971 2
 107  6439544  6455022   15478 2
 108  6455022  6455022       0 2
 109  6455022  6455022       0 2
 110  6455022  6455022       0 2
 111  6455022  6455022       0 2
 112  6455022  6463172    8150 2
 113  6463172  6463173       1 2
 114  6471460  6475533    4073 2
 115  6475533  6497797   22264 2
 116  6499317  7198617  699300 2
 117  7200137  7230070   29933 2
 118  7230070  7230070       0 2
 119  7230070  7230070       0 2
 120  7230070  7237952    7882 2
 121  7237952  7264694   26742 2
 122  7267951  7308843   40892 2
 123  7310363  7443603  133240 2
 124  7445123  7462802   17679 2
 125  7462802  7488892   26090 2
 126  7489348  7533038   43690 2
 127  7533038  7533039       1 2
 128  7533039  7540082    7043 2
 129  7540082  7540385     303 2
 130  7540385  7543831    3446 2
 131  7543831  7555918   12087 2
 132  7555918  7561361    5443 4
 133  7561361  7623067   61706 4
 134  7623067  7623067       0 2
 135  7623067  7623067       0 2
 136  7623067  7623067       0 2
 137  7623067  7623150      83 2
 138  7623150  7623150       0 2
 139  7623150  7623150       0 2
 140  7623150  7623150       0 2
 141  7623150  7624195    1045 2
 142  7624195  7633649    9454 2
 143  7633649  7633649       0 2
 144  7633649  7636145    2496 2
 145  7636145  7662763   26618 2
 146  7662763  7662763       0 2
 147  7662763  7669981    7218 2
 148  7675987  7698688   22701 2
 149  7698688  7698688       0 2
 150  7698688  7702455    3767 2
 151  7702455  7714000   11545 2
 152  7714000  7714001       1 2
 153  7714001  7723503    9502 2
 154  7723503  7726954    3451 2
 155  7726954  7749457   22503 2
 156  7749457  7750314     857 2
 157  7750314  7760058    9744 2
 158  7760058  7761763    1705 2
 159  7761763  7763027    1264 2
 160  7763027  7767050    4023 2
 161  7767050  7768431    1381 2
 162  7768431  7768431       0 2
 163  7768431  7770422    1991 2
 164  7770422  7771309     887 2
 165  7771309  7781398   10089 2
 166  7781398  7781879     481 2
 167  7781879  7784466    2587 2
 168  7784466  7790082    5616 2
 169  7790082  7790082       0 2
 170  7790082  7790082       0 2
 171  7790082  7791483    1401 2
 172  7791483  7792438     955 2
 173  7792438  7809487   17049 2
 174  7809487  7809487       0 2
 175  7809487  7809487       0 2
 176  7809487  7809487       0 2
 177  7809487  7809487       0 2
 178  7809487  7812797    3310 2
 179  7812797  7831674   18877 1
 180  7831674  7831674       0 1
 181  7831674  7864034   32360 1
 182  7865554  8213404  347850 2
 183  8214924  8514302  299378 1
 184  8514302  8520521    6219 1
 185  8522041  8621960   99919 2
 186  8623480  8776984  153504 1
 187  8776984  8799817   22833 1
 188  8799817  8817628   17811 1
 189  8817628  8842125   24497 1
 190  8842125  8860942   18817 1
 191  8860942  8870988   10046 1
 192  8870988  8886207   15219 1
 193  8886207  8914139   27932 1
 194  8915659  9029635  113976 2
 195  9031155  9038425    7270 1
 196  9038425  9042553    4128 1
 197  9042553  9065705   23152 1
 198  9129992  9153014   23022 1
 199  9153014  9159202    6188 1
 200  9159202  9199654   40452 1
 201  9199654  9202523    2869 1
 202  9202523  9224128   21605 1
 203  9224128  9224128       0 1
 204  9224128  9224128       0 1
 205  9224128  9227091    2963 1
 206  9227091  9237975   10884 1
 207  9237975  9249094   11119 1
 208  9249094  9262546   13452 1
 209  9262546  9262546       0 1
 210  9262546  9262546       0 1
 211  9262546  9264952    2406 1
 212  9264952  9277199   12247 1
 213  9277199  9300863   23664 1
 214  9344201  9367557   23356 1
 215  9367557  9367557       0 1
 216  9367557  9377276    9719 1
 217  9377276  9386081    8805 1
 218  9386081  9387076     995 1
 219  9387076  9410267   23191 1
 220  9410267  9411583    1316 1
 221  9411583  9411583       0 1
 222  9411583  9411583       0 1
 223  9411583  9420664    9081 1
 224  9495696  9511827   16131 1
 225  9511827  9513957    2130 1
 226  9513957  9539104   25147 1
 227  9572944  9588751   15807 1
 228  9588751  9592810    4059 1
 229  9592810  9593253     443 1
 230  9593253  9602406    9153 1
 231  9602406  9602406       0 1
 232  9602406  9625325   22919 1
 233  9626845  9818614  191769 2
 234  9820134  9883324   63190 1
 235  9883324  9914401   31077 1
 236  9915921 10578873  662952 2
 237 10580393 10604719   24326 1
 238 10604719 10607727    3008 1
 239 10607727 11160650  552923 1
 240 11162170 11400127  237957 2
 241 11401647 11407365    5718 1
 242 11407365 11408434    1069 1
 243 11408434 11431138   22704 1
 244 11432399 11435140    2741 1
 245 11435140 11460378   25238 1
 246 11461898 11587370  125472 2
 247 11588890 11598969   10079 1
 248 11598969 11598969       0 1
 249 11598969 11623299   24330 1
 250 11623299 11628911    5612 1
 251 11628911 11629880     969 1
 252 11631400 11745795  114395 2
 253 11747315 12090001  342686 1
 254 12090001 12202746  112745 2
 255 12202746 12210644    7898 2
 256 12210644 12308996   98352 2
 257 12308996 12417872  108876 2
 258 12435152 12460524   25372 2
 259 12460524 12507554   47030 2
 260 12509074 12609693  100619 2
 261 12611213 12658222   47009 2
 262 12659742 12773788  114046 2
 263 12775308 12811132   35824 2
 264 12811132 12852677   41545 2
 265 12852677 12860755    8078 2
 266 12860755 12860755       0 2
 267 12860755 12885325   24570 2
 268 12901855 12928316   26461 2
 269 12928316 12937336    9020 2
 270 12937336 12955767   18431 2
 271 12955767 12982195   26428 2
 272 12983715 13270097  286382 2
 273 13271617 13456459  184842 2
 274 13456459 13552073   95614 4
 275 13552073 13552074       1 2
 276 13630925 13653368   22443 2
 277 13653368 13654270     902 2
 278 13654270 13655178     908 2
 279 13655178 13655591     413 2
 280 13655591 13656988    1397 2
 281 13656988 13681143   24155 2
 282 13681143 13684906    3763 2
 283 13684906 13685972    1066 2
 284 13685972 13685973       1 2
 285 13685973 13690725    4752 2
 286 13690725 13702405   11680 2
 287 13702405 13764813   62408 4
 288 13764813 13764813       0 2
 289 13764813 13764813       0 2
 290 13764813 13764813       0 2
 291 13764813 13804552   39739 2
 292 13804552 13804552       0 2
 293 13804552 13804552       0 2
 294 13804552 13807804    3252 2
 295 13807804 13807804       0 2
 296 13807804 13812711    4907 2
 297 13812711 13835202   22491 2
 298 13836722 14156563  319841 2
 299 14158083 14181910   23827 1
 300 14181910 14181911       1 1
 301 14181911 14187710    5799 1
 302 14187710 14198997   11287 1
 303 14198997 14221736   22739 1
 304 14228807 14250863   22056 1
 305 14250863 14250863       0 1
 306 14250863 14250863       0 1
 307 14250863 14250863       0 1
 308 14250863 14250863       0 1
 309 14250863 14250863       0 1
 310 14250863 14250863       0 1
 311 14250863 14250863       0 1
 312 14250863 14250863       0 1
 313 14250863 14250863       0 1
 314 14250863 14250863       0 1
 315 14250863 14250863       0 1
 316 14250863 14250863       0 1
 317 14250863 14250863       0 1
 318 14250863 14252670    1807 1
 319 14252670 14274721   22051 1
 320 14276241 14641731  365490 2
 321 14643251 14809755  166504 1
 322 14809755 15023966  214211 1
 323 15023966 15158813  134847 1
 324 15158813 15216097   57284 1
 325 15216097 15241150   25053 1
 326 15242670 15359450  116780 2
 327 15360970 15385586   24616 1
 328 15385586 15385586       0 1
 329 15385586 15385586       0 1
 330 15385586 15394498    8912 1
 331 15394498 15417145   22647 1
 332 15417145 15428689   11544 1
 333 15430209 16651043 1220834 2
 334 16652562 17114790  462228 1
 335 17114790 17115007     217 1
 336 17115007 17148999   33992 1
 337 17218782 17298313   79531 1
 338 17298313 17298313       0 1
 339 17298313 17298314       1 1
 340 17311701 17324712   13011 1
 341 17324712 17325128     416 1
 342 17325128 17351283   26155 1
 343 17352803 17860238  507435 2
 344 18821614 19039878  218264 2
 345 19039878 19347896  308018 2
 346 19347896 19359522   11626 2
 347 19359522 19753109  393587 4
 348 19753109 19753110       1 2
 349 19803817 20204196  400379 4
 350 20204196 20204724     528 1
 351 20204724 20205998    1274 1
 352 20205998 20205998       0 1
 353 20205998 20229339   23341 1
 354 20231813 20245556   13743 1
 355 20247076 20668125  421049 2
 356 20669645 20840759  171114 1
 357 20840759 20880378   39619 1
 358 20880378 20880379       1 1
 359 20917396 20977363   59967 1
 360 20977363 20981817    4454 1
 361 20981817 21070675   88858 1
 362 21072195 21868624  796429 2
 363 21870144 21892736   22592 1
 364 21894256 22690450  796194 2
 365 22691970 23127773  435803 1
 366 23127773 23133593    5820 1
 367 23133593 23167020   33427 1
 368 23167020 23180137   13117 1
 369 23180137 23298734  118597 1
 370 23298734 23301188    2454 1
 371 23301188 23313372   12184 1
 372 23313372 23313372       0 1
 373 23313372 23316955    3583 1
 374 23316955 23321266    4311 1
 375 23321266 23355726   34460 1
 376 23357246 23902373  545127 2
 377 25314964 25607057  292093 4
 378 25607057 25607057       0 2
 379 25607057 25607057       0 2
 380 25607057 25607057       0 2
 381 25607057 25607057       0 2
 382 25607057 25607057       0 2
 383 25607057 25620601   13544 2
 384 25622121 25861946  239825 2
 385 25863466 26201960  338494 4
 386 26201960 26201960       0 1
 387 26201960 26201960       0 1
 388 26201960 26201960       0 1
 389 26201960 26201960       0 1
 390 26201960 26201960       0 1
 391 26201960 26201960       0 1
 392 26201960 26218606   16646 1
 393 26218606 26218606       0 1
 394 26218606 26218606       0 1
 395 26218606 26218606       0 1
 396 26218606 26240916   22310 1
 397 26240916 26240916       0 1
 398 26240916 26240916       0 1
 399 26240916 26250362    9446 1
 400 26250362 26255780    5418 1
 401 26255780 26258732    2952 1
 402 26258732 26264901    6169 1
 403 26264901 26267940    3039 1
 404 26267940 26268328     388 1
 405 26268328 26274178    5850 1
 406 26274178 26274178       0 1
 407 26274178 26274178       0 1
 408 26274178 26276036    1858 1
 409 26276036 26279196    3160 1
 410 26279196 26279196       0 1
 411 26279196 26301236   22040 1
 412 26301236 26303308    2072 1
 413 26303308 26304959    1651 1
 414 26304959 26304959       0 1
 415 26304959 26304959       0 1
 416 26304959 26304959       0 1
 417 26304959 26315245   10286 1
 418 26315245 26315245       0 1
 419 26315245 26315422     177 1
 420 26315422 26319452    4030 1
 421 26319452 26325135    5683 1
 422 26325135 26325135       0 1
 423 26325135 26350040   24905 1
 424 26394871 26397721    2850 1
 425 26397721 26419923   22202 1
 426 26419923 26427740    7817 1
 427 26432695 26457618   24923 1
 428 26459138 26707265  248127 2
 429 26708785 26822456  113671 1
 430 26822456 26822457       1 1
 431 26822457 26842861   20404 1
 432 26861994 26905611   43617 1
 433 26905611 26937184   31573 4
 434 26951969 27098719  146750 1
 435 27098719 27098720       1 1
 436 27098720 27104727    6007 1
 437 27104727 27123154   18427 1
 438 27123154 27285327  162173 1
 439 27285327 27392311  106984 1
 440 27395173 27455749   60576 1
 441 27455749 27493174   37425 1
 442 27493174 27599747  106573 1
 443 27599747 27617387   17640 1
 444 27617387 27641046   23659 1
 445 27711784 27729176   17392 1
 446 27729176 27756573   27397 1
 447 27756573 27852629   96056 1
 448 27852629 27875897   23268 1
 449 27877417 28774561  897144 2
 450 28776081 28803564   27483 1
 451 28803564 28803565       1 1
 452 28803565 28811023    7458 1
 453 28812543 29061897  249354 2
 454 29063417 29111079   47662 1
 455 29111079 29152158   41079 1
 456 29153678 29325694  172016 2
 457 29327214 29349715   22501 1
 458 29349715 29353335    3620 1
 459 29353335 29361930    8595 1
 460 29363450 29944502  581052 2
 461 30928491 30957592   29101 2
 462 30957592 30983630   26038 2
 463 30985150 31356668  371518 2
 464 31358188 31541691  183503 4
 465 31541691 31541691       0 2
 466 31541691 31541691       0 2
 467 31541691 31541691       0 2
 468 31541691 31541691       0 2
 469 31541691 31541691       0 2
 470 31541691 31541691       0 2
 471 31541691 31541692       1 2
 472 31573528 31596047   22519 2
 473 31618790 31640260   21470 2
 474 31640260 31663101   22841 2
 475 31675370 31714467   39097 2
 476 31714467 31714467       0 2
 477 31714467 31714467       0 2
 478 31714467 31733015   18548 2
 479 31774525 31820349   45824 2
 480 31820349 31823781    3432 2
 481 31823781 31853618   29837 2
 482 31895095 31990125   95030 4
 483 31990125 31990126       1 2
 484 31991646 32152655  161009 2
 485 32154175 32191245   37070 1
 486 32191245 32191245       0 1
 487 32191245 32191246       1 1
 488 32191246 32194522    3276 1
 489 32194522 32199750    5228 1
 490 32199750 32200404     654 1
 491 32200404 32216607   16203 1
 492 32216607 32240667   24060 1
 493 32267604 32321471   53867 1
 494 32321471 32321471       0 1
 495 32321471 32327081    5610 1
 496 32348140 32383771   35631 1
 497 32383771 32409082   25311 1
 498 32420795 32455011   34216 1
 499 32455011 32479262   24251 1
 500 32479262 32501627   22365 1
 501 32516259 32540201   23942 1
 502 32540201 32699788  159587 4
 503 32699788 32776496   76708 1
 504 32776496 32810305   33809 1
 505 32810305 32876122   65817 1
 506 32876122 32903381   27259 1
 507 32903381 32911957    8576 1
 508 32911957 32920400    8443 1
 509 32920400 32921048     648 1
 510 32921048 32956838   35790 1
 511 32956838 32956839       1 1
 512 32956839 32958653    1814 1
 513 32958653 32972008   13355 1
 514 32972008 32982968   10960 1
 515 32982968 32986112    3144 1
 516 32986112 32989267    3155 1
 517 32989267 32996533    7266 1
 518 32996533 32996533       0 1
 519 32996533 32996533       0 1
 520 32996533 33002165    5632 1
 521 33002165 33002165       0 1
 522 33002165 33010110    7945 1
 523 33010110 33010110       0 1
 524 33010110 33014125    4015 1
 525 33014125 33014125       0 1
 526 33014125 33025325   11200 1
 527 33025325 33055282   29957 1
 528 33082171 33190035  107864 1
 529 33190035 33190036       1 1
 530 33269076 33512105  243029 1
 531 33512105 33532953   20848 1
 532 33532953 33560395   27442 1
 533 33560395 33723784  163389 1
 534 33723784 33909265  185481 1
 535 33909265 34003755   94490 1
 536 34005275 34541738  536463 2
 537 34543258 34566038   22780 1
 538 34567558 34834068  266510 2
 539 34835588 34908621   73033 1
 540 34908621 34940310   31689 1
 541 35009197 35041868   32671 1
 542 35041868 35079631   37763 1
 543 35079631 35122680   43049 1
 544 35122680 35337584  214904 1
 545 35337584 35342721    5137 1
 546 35342721 35365855   23134 1
 547 35367375 35986636  619261 2
 548 36322126 36345915   23789 2
 549 36402102 36409073    6971 2
 550 36409073 36415086    6013 2
 551 36415086 36442038   26952 2
 552 36489025 36503378   14353 2
 553 36504898 36652901  148003 2
 554 36654421 36664234    9813 2
 555 36664234 36685261   21027 2
 556 36686781 37514070  827289 2
 557 37515590 37603812   88222 4
 558 37603812 37603812       0 2
 559 37603812 37615807   11995 2
 560 37652983 37680940   27957 2
 561 37680940 37906242  225302 2
 562 37906242 37956128   49886 4
 563 37956128 37956128       0 2
 564 37956128 37956129       1 2
 565 37956129 37967597   11468 2
 566 37967597 37972351    4754 2
 567 37972351 37994296   21945 2
 568 37995816 38123335  127519 2
 569 38124855 38130624    5769 1
 570 38130624 38148082   17458 1
 571 38148082 38173375   25293 1
 572 38177119 38202130   25011 1
 573 38213988 38218194    4206 1
 574 38218194 38218194       0 1
 575 38218194 38222487    4293 1
 576 38222487 38222790     303 1
 577 38222790 38223498     708 1
 578 38223498 38229433    5935 1
 579 38229433 38229433       0 1
 580 38229433 38229433       0 1
 581 38229433 38229433       0 1
 582 38229433 38229433       0 1
 583 38229433 38229433       0 1
 584 38229433 38229801     368 1
 585 38229801 38230178     377 1
 586 38230178 38230178       0 1
 587 38230178 38232039    1861 1
 588 38232039 38232039       0 1
 589 38232039 38233177    1138 1
 590 38233177 38233177       0 1
 591 38233177 38234338    1161 1
 592 38234338 38234366      28 1
 593 38234366 38234987     621 1
 594 38234987 38235091     104 1
 595 38235091 38237031    1940 1
 596 38237031 38237162     131 1
 597 38237162 38238330    1168 1
 598 38238330 38246349    8019 1
 599 38246349 38246349       0 1
 600 38246349 38246349       0 1
 601 38246349 38246349       0 1
 602 38246349 38246349       0 1
 603 38246349 38246349       0 1
 604 38246349 38246349       0 1
 605 38246349 38246349       0 1
 606 38246349 38246349       0 1
 607 38246349 38246349       0 1
 608 38246349 38268824   22475 1
 609 38268824 38268824       0 1
 610 38268824 38277927    9103 1
 611 38277927 38277927       0 1
 612 38277927 38277927       0 1
 613 38277927 38280229    2302 1
 614 38280229 38281732    1503 1
 615 38283252 38428066  144814 2
 616 38429586 38445210   15624 1
 617 38445210 38445210       0 1
 618 38445210 38445210       0 1
 619 38445210 38445210       0 1
 620 38445210 38445210       0 1
 621 38445210 38447901    2691 1
 622 38447901 38460417   12516 1
 623 38460417 38460417       0 1
 624 38460417 38460417       0 1
 625 38460417 38463013    2596 1
 626 38463013 38463013       0 1
 627 38463013 38463607     594 1
 628 38463607 38466154    2547 1
 629 38466154 38466154       0 1
 630 38466154 38466154       0 1
 631 38466154 38466154       0 1
 632 38466154 38466346     192 1
 633 38466346 38478590   12244 1
 634 38478590 38478590       0 1
 635 38478590 38478590       0 1
 636 38478590 38478590       0 1
 637 38478590 38488475    9885 1
 638 38488475 38488475       0 1
 639 38488475 38511655   23180 1
 640 38511655 38511655       0 1
 641 38511655 38513611    1956 1
 642 38513611 38520506    6895 1
 643 38520506 38520506       0 1
 644 38520506 38520506       0 1
 645 38520506 38520506       0 1
 646 38520506 38546358   25852 4
 647 38546358 38546359       1 1
 648 38576455 38580695    4240 1
 649 38668996 38672808    3812 1
 650 38672808 38685620   12812 1
 651 38685620 38685620       0 1
 652 38685620 38692799    7179 1
 653 38692799 38697289    4490 1
 654 38697289 38706557    9268 1
 655 38706557 38708414    1857 1
 656 38708414 38714410    5996 1
 657 38714410 38720652    6242 1
 658 38720652 38723394    2742 1
 659 38723394 38725098    1704 1
 660 38725098 38733475    8377 1
 661 38733475 38733475       0 1
 662 38733475 38733475       0 1
 663 38733475 38755563   22088 1
 664 38758594 38784384   25790 1
 665 38784384 38784385       1 1
 666 38784385 38800647   16262 1
 667 38800647 38801929    1282 1
 668 38801929 38813383   11454 1
 669 38813383 38815526    2143 1
 670 38815526 38834636   19110 1
 671 38834636 38854005   19369 4
 672 38854005 38899348   45343 1
 673 38945732 38946119     387 1
 674 38946119 38970617   24498 1
 675 38982154 39005702   23548 1
 676 39005702 39005702       0 1
 677 39005702 39010206    4504 1
 678 39010206 39011996    1790 1
 679 39011996 39035838   23842 1
 680 39037853 39113146   75293 1
 681 39113146 39146533   33387 1
 682 39148053 39256974  108921 2
 683 39258494 39391004  132510 1
 684 39391004 39427178   36174 1
 685 39434728 39519534   84806 1
 686 39519534 39567133   47599 1
 687 39567133 39613830   46697 1
 688 39615350 40659093 1043743 2
 689 40660614 40683584   22970 1
 690 40685104 41055270  370166 2
 691 41056790 41100048   43258 1
 692 41100048 41105044    4996 1
 693 41105044 41321420  216376 1
 694 41321420 41322138     718 1
 695 41322138 41322868     730 1
 696 41322868 41324776    1908 1
 697 41324776 41325230     454 1
 698 41325230 41328498    3268 1
 699 41328498 41328498       0 1
 700 41328498 41328648     150 1
 701 41328648 41328800     152 1
 702 41328800 41352933   24133 1
 703 41352933 41354779    1846 1
 704 41354779 41354780       1 1
 705 41354780 41359229    4449 1
 706 41360749 41906573  545824 2
 707 41908093 42001704   93611 1
 708 42194167 42213278   19111 2
 709 42214798 42314175   99377 2
 710 42315695 42371871   56176 2
 711 42373391 42504664  131273 2
 712 42506184 42525062   18878 2
 713 42525062 42525116      54 2
 714 42525116 42537924   12808 2
 715 42537924 42537924       0 2
 716 42537924 42541123    3199 2
 717 42541123 42562194   21071 2
 718 42563714 42802206  238492 2
 719 42803726 42827773   24047 2
 720 42829293 43432330  603037 2
 721 43433850 43444231   10381 2
 722 43444231 43444430     199 2
 723 43444430 43457286   12856 2
 724 43457286 43478563   21277 2
 725 43518644 43637533  118889 2
 726 43671729 43809158  137429 2
 727 43809158 43899001   89843 4
 728 43899001 43951187   52186 4
 729 43951187 43951187       0 2
 730 43951187 43951187       0 2
 731 43951187 43951187       0 2
 732 43951187 43951187       0 2
 733 43951187 43951187       0 2
 734 43951187 43960232    9045 2
 735 43960232 43960232       0 2
 736 43960232 43960232       0 2
 737 43960232 43960233       1 2
 738 43960233 43960233       0 2
 739 43960233 43960233       0 2
 740 43960233 43960233       0 2
 741 43960233 43960233       0 2
 742 43960233 43962317    2084 2
 743 43962317 43962317       0 2
 744 43962317 43984950   22633 2
 745 43990538 44009462   18924 2
 746 44009462 44024117   14655 2
 747 44024117 44046491   22374 2
 748 44046491 44050098    3607 2
 749 44050098 44054012    3914 2
 750 44054012 44059520    5508 2
 751 44059520 44063852    4332 2
 752 44063852 44086569   22717 1
 753 44086569 44088414    1845 1
 754 44088414 44094545    6131 1
 755 44094545 44107444   12899 1
 756 44107444 44112502    5058 1
 757 44112502 44112502       0 1
 758 44112502 44112502       0 1
 759 44112502 44112534      32 1
 760 44112534 44115968    3434 1
 761 44115968 44139319   23351 1
 762 44139319 44153141   13822 1
 763 44153392 44177897   24505 1
 764 44192282 44196755    4473 1
 765 44196755 44204722    7967 1
 766 44204722 44204722       0 1
 767 44204722 44204722       0 1
 768 44204722 44204722       0 1
 769 44204722 44206542    1820 1
 770 44206542 44209134    2592 1
 771 44209134 44209134       0 1
 772 44209134 44209134       0 1
 773 44209134 44209134       0 1
 774 44209134 44209921     787 1
 775 44209921 44209921       0 1
 776 44209921 44209921       0 1
 777 44209921 44209921       0 1
 778 44209921 44209945      24 1
 779 44209945 44210020      75 1
 780 44210020 44211178    1158 1
 781 44211178 44211267      89 1
 782 44211267 44212269    1002 1
 783 44212269 44212269       0 1
 784 44212269 44212851     582 1
 785 44212851 44215250    2399 1
 786 44215250 44215250       0 1
 787 44215250 44217335    2085 1
 788 44217335 44217445     110 1
 789 44217445 44220363    2918 1
 790 44220363 44220363       0 1
 791 44220363 44220363       0 1
 792 44220363 44220363       0 1
 793 44220363 44224445    4082 1
 794 44224445 44224445       0 1
 795 44224445 44224445       0 1
 796 44224445 44224445       0 1
 797 44224445 44236825   12380 1
 798 44236825 44236825       0 1
 799 44236825 44236825       0 1
 800 44236825 44236825       0 1
 801 44236825 44236825       0 1
 802 44236825 44236825       0 1
 803 44236825 44258745   21920 1
 804 44258745 44258746       1 1
 805 44278483 44292550   14067 1
 806 44292550 44294992    2442 1
 807 44294992 44298186    3194 1
 808 44298186 44299900    1714 1
 809 44299900 44318821   18921 1
 810 44318821 44318821       0 1
 811 44318821 44323154    4333 1
 812 44323154 44323154       0 1
 813 44323154 44323154       0 1
 814 44323154 44323846     692 1
 815 44323846 44348140   24294 1
 816 44348140 44372235   24095 1
 817 44373755 44671456  297701 2
 818 44672976 44781175  108199 4
 819 44781175 45069803  288628 4
 820 45069803 45083312   13509 1
 821 45083312 45105576   22264 1
 822 45107096 45796110  689014 2
 823 45797630 45910202  112572 1
 824 45911722 46750503  838781 2
 825 46752023 46776421   24398 1
 826 46776421 46779603    3182 1
 827 46787354 46812010   24656 1
 828 46812010 46812010       0 1
 829 46812010 46812010       0 1
 830 46812010 46826591   14581 1
 831 46826591 46826592       1 1
 832 46826592 46826592       0 1
 833 46826592 46826592       0 1
 834 46826592 46829525    2933 1
 835 46829525 46853110   23585 1
 836 46887237 46910093   22856 1
 837 46910093 46910093       0 1
 838 46910093 46914740    4647 1
 839 46914740 46914740       0 1
 840 46914740 46939506   24766 1
 841 46939506 46940123     617 1
 842 46940123 46962337   22214 1
 843 46962337 46986094   23757 1
 844 46987243 46993615    6372 1
 845 46993615 47017955   24340 1
 846 47019475 47300574  281099 2
 847 47302094 47343824   41730 1
 848 47345344 47456587  111243 2
 849 47458107 47458735     628 1
 850 47458735 47568708  109973 1
 851 47576779 47583164    6385 1
 852 47583164 47609261   26097 1
 853 47610781 47986945  376164 2
 854 47988465 47989389     924 1
 855 47989389 47993249    3860 1
 856 47993249 48017265   24016 1
 857 48040925 48063743   22818 1
 858 48063743 48070282    6539 1
 859 48070282 48098058   27776 1
 860 48098058 48098058       0 2
 861 48098058 48100497    2439 2
 862 48102017 48437914  335897 2
 863 48439434 48462511   23077 2
 864 48462511 48466796    4285 2
 865 48466796 48491611   24815 2
 866 48491611 48492260     649 2
 867 48492260 48501052    8792 2
 868 48501052 48525070   24018 2
 869 48525070 48536564   11494 2
 870 48536564 48539599    3035 2
 871 48539599 48566882   27283 2
 872 48586056 48595658    9602 2
 873 48620542 48644296   23754 2
 874 48644296 48644296       0 2
 875 48644296 48646095    1799 2
 876 48646095 48646095       0 2
 877 48646095 48646095       0 2
 878 48646095 48646096       1 2
 879 48646096 48696755   50659 2
 880 48696755 48708237   11482 2
 881 48708237 48711928    3691 2
 882 48711928 48735999   24071 2
 883 48737519 49172073  434554 2
 884 49173593 49205426   31833 2
 885 49205426 49205426       0 2
 886 49205426 49227130   21704 2
 887 49292798 49310173   17375 2
 888 49310173 49312018    1845 2
 889 49312018 49336178   24160 2
 890 49344800 49368852   24052 2
 891 49368852 49388750   19898 2
 892 49388750 49405602   16852 2
 893 49405602 49583412  177810 2
 894 49583412 49873961  290549 2
 895 49873961 50062107  188146 4
 896 50062107 50062107       0 2
 897 50062107 50062107       0 2
 898 50062107 50062107       0 2
 899 50062107 50062107       0 2
 900 50062107 50062107       0 2
 901 50062107 50062107       0 2
 902 50062107 50062107       0 2
 903 50062107 50062107       0 2
 904 50062107 50062107       0 2
 905 50062107 50072807   10700 2
 906 50072807 50073060     253 2
 907 50073060 50094167   21107 2
 908 50094167 50094167       0 2
 909 50094167 50116800   22633 2
 910 50128824 50155016   26192 1
 911 50170533 50176517    5984 1
 912 50176517 50180231    3714 1
 913 50180231 50180231       0 1
 914 50180231 50180231       0 1
 915 50180231 50180231       0 1
 916 50180231 50180488     257 1
 917 50180488 50181984    1496 1
 918 50181984 50182564     580 1
 919 50182564 50184280    1716 1
 920 50184280 50186404    2124 1
 921 50186404 50186404       0 1
 922 50186404 50186404       0 1
 923 50186404 50186404       0 1
 924 50186404 50187367     963 1
 925 50187367 50187367       0 1
 926 50187367 50188206     839 1
 927 50188206 50188206       0 1
 928 50188206 50188206       0 1
 929 50188206 50188569     363 1
 930 50188569 50189901    1332 1
 931 50189901 50192785    2884 1
 932 50192785 50192785       0 1
 933 50192785 50192785       0 1
 934 50192785 50192785       0 1
 935 50192785 50192785       0 1
 936 50192785 50192785       0 1
 937 50192785 50192785       0 1
 938 50192785 50192785       0 1
 939 50192785 50195417    2632 1
 940 50195417 50195417       0 1
 941 50195417 50195417       0 1
 942 50195417 50195417       0 1
 943 50195417 50195417       0 1
 944 50195417 50203523    8106 1
 945 50203523 50203523       0 1
 946 50203523 50203523       0 1
 947 50203523 50203523       0 1
 948 50203523 50203523       0 1
 949 50203523 50205452    1929 1
 950 50205452 50206803    1351 1
 951 50206803 50206990     187 1
 952 50206990 50211183    4193 1
 953 50211183 50242603   31420 1
 954 50252611 50268454   15843 1
 955 50268454 50270956    2502 1
 956 50270956 50277795    6839 1
 957 50277795 50284550    6755 1
 958 50284550 50288607    4057 1
 959 50288607 50288607       0 1
 960 50288607 50310318   21711 1
 961 50310318 50316050    5732 1
 962 50316050 50317575    1525 1
 963 50317575 50339426   21851 1
 964 50339426 50339781     355 1
 965 50415897 50425109    9212 1
 966 50425109 50425377     268 1
 967 50425377 50434744    9367 1
 968 50434744 50434744       0 1
 969 50434744 50434744       0 1
 970 50434744 50434744       0 1
 971 50434744 50434744       0 1
 972 50434744 50437988    3244 1
 973 50437988 50441351    3363 1
 974 50441351 50451642   10291 1
 975 50451642 50474154   22512 1
 976 50474154 50476893    2739 1
 977 50476893 50476894       1 1
 978 50476894 50484224    7330 1
 979 50484224 50485673    1449 1
 980 50485673 50490073    4400 1
 981 50490073 50516403   26330 1
 982 50516403 50516404       1 1
 983 50521046 50528947    7901 1
 984 50528947 50528947       0 1
 985 50528947 50553149   24202 1
 986 50574990 50597586   22596 1
 987 50597586 50602216    4630 1
 988 50626346 50626403      57 1
 989 50626403 50630656    4253 1
 990 50630656 50630656       0 1
 991 50630656 50654317   23661 1
 992 50654317 50654318       1 1
 993 50655838 51636127  980289 2
 994 51637647 51644251    6604 1
 995 51644251 51733160   88909 1
 996 51733160 51972414  239254 1
 997 51972414 52074492  102078 1
 998 52074492 52153974   79482 1
 999 52153974 52505464  351490 1
1000 52505464 52612644  107180 1
1001 52612644 52617107    4463 1
1002 52617107 52630474   13367 1
1003 52630474 52630474       0 1
1004 52630474 52630474       0 1
1005 52630474 52630474       0 1
1006 52630474 52630474       0 1
1007 52630474 52630474       0 1
1008 52630474 52630474       0 1
1009 52630474 52630474       0 1
1010 52630474 52630474       0 1
1011 52630474 52633802    3328 1
1012 52633802 52633802       0 1
1013 52633802 52633802       0 1
1014 52633802 52633802       0 1
1015 52633802 52634248     446 1
1016 52634248 52635420    1172 1
1017 52635420 52637301    1881 1
1018 52637301 52637301       0 1
1019 52637301 52637761     460 1
1020 52637761 52637761       0 1
1021 52637761 52656237   18476 1
1022 52656237 52656237       0 1
1023 52656237 52656237       0 1
1024 52656237 52656237       0 1
1025 52656237 52656237       0 1
1026 52656237 52656237       0 1
1027 52656237 52656237       0 1
1028 52656237 52658171    1934 1
1029 52658171 52660523    2352 1
1030 52660523 52660523       0 1
1031 52660523 52686850   26327 1
1032 52686850 52686850       0 1
1033 52686850 52686850       0 1
1034 52686850 52686850       0 1
1035 52686850 52691964    5114 1
1036 52693484 52994762  301278 2
1037 52996282 52999524    3242 1
1038 52999524 53006214    6690 1
1039 53006214 53006214       0 1
1040 53006214 53006214       0 1
1041 53006214 53008994    2780 1
1042 53008994 53010621    1627 1
1043 53010621 53033664   23043 1
1044 53035184 53376305  341121 2
1045 53377825 53383463    5638 1
1046 53383463 53383463       0 1
1047 53383463 53387153    3690 1
1048 53387153 53413699   26546 1
1049 53415219 54113012  697793 2
1050 54178691 54428924  250233 2
1051 54428924 54440521   11597 2
1052 54442041 54627252  185211 2
1053 54628772 54685714   56942 2
1054 54718892 54747389   28497 2
1055 54747389 54751850    4461 2
1056 54751850 54777766   25916 2
1057 54786113 54821111   34998 2
1058 54821111 54844292   23181 2
1059 54844292 54865422   21130 2
1060 54933103 54949281   16178 2
1061 54949281 54974340   25059 2
1062 54974340 55008746   34406 2
1063 55008746 55015888    7142 2
1064 55015888 55107780   91892 2
1065 55107780 55153673   45893 2
1066 55153673 55490991  337318 2
1067 55490991 55612860  121869 2
1068 55612860 55834806  221946 2
1069 55834806 55993698  158892 4
1070 55993698 55993698       0 2
1071 55993698 55993698       0 2
1072 55993698 55993698       0 2
1073 55993698 55993698       0 2
1074 55993698 56006156   12458 2
1075 56015173 56036641   21468 2
1076 56036641 56036641       0 2
1077 56036641 56036641       0 2
1078 56036641 56036641       0 2
1079 56036641 56036641       0 2
1080 56036641 56043098    6457 2
1081 56043098 56045773    2675 2
1082 56045773 56068428   22655 2
1083 56094036 56133377   39341 2
1084 56133377 56134662    1285 2
1085 56166648 56192204   25556 1
1086 56192204 56192204       0 1
1087 56192204 56192204       0 1
1088 56192204 56192204       0 1
1089 56192204 56192204       0 1
1090 56192204 56192204       0 1
1091 56192204 56192204       0 1
1092 56192204 56192204       0 1
1093 56192204 56192204       0 1
1094 56192204 56204785   12581 1
1095 56204785 56204785       0 1
1096 56204785 56204785       0 1
1097 56204785 56220260   15475 1
1098 56224451 56240496   16045 1
1099 56240496 56240496       0 1
1100 56240496 56250253    9757 1
1101 56250253 56259220    8967 1
1102 56259220 56260230    1010 1
1103 56260230 56282604   22374 1
1104 56282604 56283886    1282 1
1105 56283886 56288295    4409 1
1106 56341138 56379329   38191 1
1107 56379329 56379329       0 4
1108 56379329 56379329       0 1
1109 56379329 56379329       0 1
1110 56379329 56379329       0 1
1111 56379329 56379329       0 1
1112 56379329 56379397      68 1
1113 56379397 56403337   23940 1
1114 56404857 56558524  153667 2
1115 56560044 56562157    2113 1
1116 56562157 56563795    1638 1
1117 56563795 56565555    1760 1
1118 56565555 56573081    7526 1
1119 56573081 56573081       0 1
1120 56573081 56573081       0 1
1121 56573081 56573081       0 1
1122 56573081 56583046    9965 1
1123 56583046 56583046       0 1
1124 56583046 56583046       0 1
1125 56583046 56602427   19381 1
1126 56602427 56602427       0 1
1127 56602427 56607757    5330 1
1128 56607757 56614395    6638 1
1129 56614395 56636928   22533 1
1130 56636928 56642765    5837 1
1131 56653883 56670288   16405 1
1132 56670288 56686417   16129 1
1133 56686417 56695907    9490 1
1134 56708279 56708404     125 1
1135 56708404 56710517    2113 1
1136 56710517 56728619   18102 1
1137 56728619 56728619       0 1
1138 56728619 56728619       0 1
1139 56728619 56728619       0 1
1140 56728619 56739687   11068 1
1141 56739687 56743346    3659 1
1142 56743346 56761900   18554 1
1143 56761900 56785274   23374 1
1144 56785274 56785274       0 1
1145 56785274 56794121    8847 1
1146 56795641 56980621  184980 2
1147 56982141 57017829   35688 1
1148 57017829 57017830       1 1
1149 57081483 57092177   10694 1
1150 57092177 57126626   34449 1
1151 57126626 57128252    1626 1
1152 57187730 57217769   30039 1
1153 57219289 57335726  116437 2
1154 57337246 57357196   19950 1
1155 57357196 57357196       0 1
1156 57357196 57389101   31905 1
1157 57389101 57389102       1 1
1158 57389102 57401989   12887 1
1159 57401989 57409820    7831 1
1160 57409820 57410220     400 1
1161 57410220 57411704    1484 1
1162 57411704 57413697    1993 1
1163 57413697 57413697       0 1
1164 57413697 57437157   23460 1
1165 57437157 57439761    2604 1
1166 57474579 57503577   28998 1
1167 57580823 57603192   22369 1
1168 57628545 57654185   25640 1
1169 57654185 57654186       1 1
1170 57660104 57678940   18836 1
1171 57678940 57687346    8406 1
1172 57688866 59056808 1367942 2
1173 59058328 59060968    2640 1
1174 59060968 59089590   28622 1
1175 59089590 59091599    2009 1
1176 59091599 59091600       1 1
1177 59091600 59108126   16526 1
1178 59108126 59121120   12994 1
1179 59122640 59238982  116342 2
1180 59240502 59272253   31751 1
1181 59334708 59710577  375869 1
1182 59712098 60155141  443043 2
1183 60924186 60999569   75383 2
1184 61025899 61394087  368188 2
1185 61394087 61394088       1 2
1186 61398410 61412497   14087 2
1187 61412497 61473626   61129 2
1188 61473626 61473627       1 2
1189 61473627 61483938   10311 2
1190 61483938 61502628   18690 2
1191 61502628 61544272   41644 2
1192 61544272 61747232  202960 2
1193 61747232 61792752   45520 2
1194 61792752 62013601  220849 4
1195 62013601 62013602       1 2
1196 62013602 62019159    5557 2
1197 62019159 62019565     406 2
1198 62019565 62020224     659 2
1199 62020224 62064884   44660 2
1200 62064884 62064885       1 2
1201 62066405 62198852  132447 2
1202 62200372 62208368    7996 1
1203 62208368 62208368       0 1
1204 62208368 62208975     607 1
1205 62208975 62213581    4606 1
1206 62213581 62215483    1902 1
1207 62215483 62217541    2058 1
1208 62217541 62219613    2072 1
1209 62219613 62238901   19288 1
1210 62238901 62238901       0 1
1211 62238901 62238901       0 1
1212 62238901 62238901       0 1
1213 62238901 62238901       0 1
1214 62238901 62239261     360 1
1215 62239261 62240706    1445 1
1216 62240706 62256586   15880 1
1217 62256586 62256586       0 1
1218 62256586 62278704   22118 1
1219 62310907 62342893   31986 4
1220 62342893 62342893       0 1
1221 62342893 62342893       0 1
1222 62342893 62342893       0 1
1223 62342893 62342893       0 1
1224 62342893 62343078     185 1
1225 62343078 62367011   23933 1
1226 62368531 62490578  122047 2
1227 62492098 62508068   15970 1
1228 62508068 62511582    3514 1
1229 62511582 62534340   22758 1
1230 62534340 62536627    2287 1
1231 62572595 62585707   13112 1
1232 62585707 62585707       0 1
1233 62585707 62591176    5469 1
1234 62591176 62591176       0 1
1235 62591176 62591176       0 1
1236 62591176 62594970    3794 1
1237 62594970 62594970       0 1
1238 62594970 62594970       0 1
1239 62594970 62616314   21344 1
1240 62630960 62631980    1020 1
1241 62631980 62654078   22098 1
1242 62654078 62654078       0 1
1243 62654078 62654078       0 1
1244 62654078 62654078       0 1
1245 62654078 62654078       0 1
1246 62654078 62654078       0 1
1247 62654078 62654078       0 1
1248 62654078 62654078       0 1
1249 62654078 62677946   23868 1
1250 62677946 62683575    5629 1
1251 62695685 62701794    6109 1
1252 62701794 62703344    1550 1
1253 62703344 62725569   22225 1
1254 62725569 62725569       0 1
1255 62725569 62772358   46789 1
1256 62847275 62995047  147772 1
1257 62995047 63367832  372785 1
1258 63367832 63542658  174826 1
1259 63544178 65128511 1584333 2
1260 65130031 65132074    2043 1
1261 65132074 65136757    4683 1
1262 65136757 65143234    6477 1
1263 65143234 65146946    3712 1
1264 65146946 65155775    8829 1
1265 65155775 65155775       0 1
1266 65155775 65159118    3343 1
1267 65159118 65159118       0 1
1268 65159118 65159118       0 1
1269 65159118 65162068    2950 1
1270 65162068 65162068       0 1
1271 65162068 65168332    6264 1
1272 65168332 65168332       0 1
1273 65168332 65168332       0 1
1274 65168332 65168332       0 1
1275 65168332 65168332       0 1
1276 65168332 65171023    2691 1
1277 65171023 65194796   23773 1
1278 65215720 65249390   33670 1
1279 65320612 65705224  384612 1
1280 65705224 65705224       0 1
1281 65705224 65710644    5420 1
1282 65710644 65733966   23322 1
1283 65735486 65952272  216786 2
1284 65953792 65979376   25584 1
1285 66021926 66049907   27981 1
1286 66051428 66197269  145841 2
1287 66523845 66546009   22164 2
1288 66547528 67142484  594956 2
1289 67144005 67188035   44030 2
1290 67188035 67235962   47927 2
1291 67235962 67286396   50434 2
1292 67286396 67286397       1 2
1293 67293757 67304483   10726 2
1294 67304483 67455862  151379 2
1295 67455862 67591869  136007 4
1296 67591869 67591869       0 2
1297 67591869 67591869       0 2
1298 67591869 67593026    1157 2
1299 67627130 67651512   24382 2
1300 67662442 67720521   58079 2
1301 67766414 67991860  225446 4
1302 67991860 67991861       1 2
1303 68018863 68038393   19530 2
1304 68038393 68046447    8054 2
1305 68046447 68078577   32130 2
1306 68078577 68078578       1 2
1307 68082988 68087466    4478 2
1308 68087466 68087466       0 2
1309 68087466 68088219     753 2
1310 68088219 68106435   18216 2
1311 68148885 68172665   23780 2
1312 68184332 68249468   65136 2
1313 68249468 68249469       1 2
1314 68305967 68323117   17150 1
1315 68323117 68323117       0 4
1316 68323117 68323117       0 1
1317 68323117 68323117       0 1
1318 68323117 68324662    1545 1
1319 68324662 68324670       8 1
1320 68324670 68347675   23005 1
1321 68381198 68388848    7650 1
1322 68388848 68411419   22571 1
1323 68411419 68411419       0 1
1324 68411419 68419923    8504 1
1325 68420189 68433448   13259 1
1326 68433448 68441682    8234 1
1327 68441682 68463354   21672 1
1328 68477800 68495744   17944 1
1329 68495744 68496427     683 1
1330 68496427 68514494   18067 1
1331 68514494 68514494       0 1
1332 68514494 68528526   14032 1
1333 68528526 68528526       0 1
1334 68528526 68539608   11082 1
1335 68539608 68539608       0 1
1336 68539608 68539608       0 1
1337 68539608 68539608       0 1
1338 68539608 68560323   20715 1
1339 68560323 68560323       0 1
1340 68560323 68566065    5742 1
1341 68566065 68566065       0 1
1342 68566065 68566685     620 1
1343 68566685 68568264    1579 1
1344 68568264 68570383    2119 1
1345 68570383 68582726   12343 1
1346 68582726 68582726       0 1
1347 68582726 68594149   11423 1
1348 68594149 68594149       0 1
1349 68594149 68595283    1134 1
1350 68595283 68597765    2482 1
1351 68597765 68606067    8302 1
1352 68606067 68631191   25124 1
1353 68631191 68633814    2623 1
1354 68637779 68651791   14012 1
1355 68651791 68675356   23565 1
1356 68675356 68676005     649 1
1357 68676005 68682856    6851 1
1358 68682856 68692251    9395 1
1359 68692251 68694025    1774 1
1360 68694025 68698764    4739 1
1361 68698764 68710869   12105 1
1362 68710869 68718706    7837 1
1363 68718706 68718706       0 1
1364 68718706 68718706       0 1
1365 68718706 68718706       0 1
1366 68718706 68718706       0 1
1367 68718706 68718706       0 1
1368 68718706 68718706       0 1
1369 68718706 68718706       0 1
1370 68718706 68718706       0 1
1371 68718706 68718706       0 1
1372 68718706 68722291    3585 1
1373 68722291 68745009   22718 1
1374 68745009 68749517    4508 1
1375 68751037 69036209  285172 2
1376 69037729 69059021   21292 1
1377 69059021 69086497   27476 1
1378 69086497 69096090    9593 1
1379 69097610 71252311 2154701 2
1380 71253831 71264639   10808 1
1381 71264639 71290080   25441 1
1382 71290080 71292723    2643 1
1383 71292723 71646364  353641 1
1384 71646364 71669683   23319 1
1385 71669683 71669684       1 1
1386 71671204 72239397  568193 2
1387 72590122 72685392   95270 2
1388 72685392 72685393       1 2
1389 72698916 72732201   33285 2
1390 72732201 72732202       1 2
1391 72733722 72863582  129860 2
1392 72865103 72882647   17544 2
1393 72882647 72959559   76912 2
1394 72959559 72989318   29759 2
1395 72989318 73058287   68969 2
1396 73058287 73058288       1 2
1397 73059808 73179144  119336 2
1398 73180664 73457330  276666 4
1399 73457330 73457330       0 2
1400 73457330 73464768    7438 2
1401 73488709 73512838   24129 2
1402 73512838 73519866    7028 2
1403 73519866 73519866       0 2
1404 73519866 73519866       0 2
1405 73519866 73521636    1770 2
1406 73521636 73532144   10508 2
1407 73532144 73532144       0 2
1408 73532144 73532144       0 2
1409 73532144 73532144       0 2
1410 73532144 73540785    8641 2
1411 73540785 73540785       0 2
1412 73540785 73540785       0 2
1413 73540785 73540785       0 2
1414 73540785 73542198    1413 2
1415 73542198 73553623   11425 2
1416 73553623 73578230   24607 2
1417 73578230 73584110    5880 2
1418 73584110 73593491    9381 2
1419 73593491 73595004    1513 2
1420 73595004 73595760     756 2
1421 73595760 73617038   21278 2
1422 73617038 73634750   17712 2
1423 73634750 73715970   81220 2
1424 73715970 73715970       0 2
1425 73715970 73715970       0 2
1426 73715970 73727465   11495 2
1427 73727465 73740218   12753 2
1428 73740218 73776084   35866 2
1429 73776084 73842896   66812 4
1430 73842896 73842896       0 2
1431 73842896 73842897       1 2
1432 73842897 73855547   12650 2
1433 73855547 73855966     419 2
1434 73855966 73893719   37753 2
1435 73893719 73897076    3357 2
1436 73904744 73924140   19396 2
1437 73924140 73990528   66388 2
1438 73990528 73994071    3543 2
1439 73994071 73999348    5277 2
1440 73999348 74006711    7363 2
1441 74006711 74006711       0 2
1442 74006711 74018867   12156 2
1443 74018867 74018867       0 2
1444 74018867 74018867       0 2
1445 74018867 74018867       0 2
1446 74018867 74041900   23033 2
1447 74041900 74045185    3285 2
1448 74046705 74252176  205471 2
1449 74253696 74273200   19504 2
1450 74273200 74273200       0 2
1451 74273200 74273200       0 2
1452 74273200 74273200       0 2
1453 74273200 74273200       0 2
1454 74273200 74273200       0 2
1455 74273200 74273200       0 2
1456 74273200 74273200       0 2
1457 74273200 74274447    1247 1
1458 74274447 74274818     371 1
1459 74274818 74275923    1105 1
1460 74275923 74275923       0 1
1461 74275923 74275923       0 1
1462 74275923 74276856     933 1
1463 74276856 74279092    2236 1
1464 74279092 74302312   23220 1
1465 74302312 74302601     289 1
1466 74302601 74305958    3357 1
1467 74305958 74306248     290 1
1468 74306248 74367259   61011 4
1469 74367259 74376020    8761 1
1470 74376020 74381327    5307 1
1471 74381327 74405675   24348 1
1472 74405675 74405676       1 1
1473 74405676 74416734   11058 1
1474 74416734 74439237   22503 1
1475 74439237 74440275    1038 1
1476 74475198 74490944   15746 1
1477 74490944 74490944       0 1
1478 74490944 74505374   14430 1
1479 74505374 74510700    5326 1
1480 74510700 74521323   10623 1
1481 74521323 74530905    9582 1
1482 74530905 74533640    2735 1
1483 74533640 74533640       0 1
1484 74533640 74546381   12741 1
1485 74546381 74546543     162 1
1486 74546543 74563652   17109 1
1487 74563652 74563652       0 1
1488 74563652 74563652       0 1
1489 74563652 74565068    1416 1
1490 74565068 74574119    9051 1
1491 74574119 74595986   21867 1
1492 74595986 74602826    6840 1
1493 74602826 74602827       1 1
1494 74602827 74606940    4113 1
1495 74606940 74610480    3540 1
1496 74610480 74632450   21970 1
1497 74632450 74669609   37159 1
1498 74669609 74669610       1 1
1499 74700586 74723578   22992 1
1500 74723578 74723579       1 1
1501 74729988 74765780   35792 1
1502 74767300 74864306   97006 2
1503 74865826 74930297   64471 1
1504 74931818 75577680  645862 2
1505 75579200 75620183   40983 1
1506 75621704 75877987  256283 2
1507 75879507 75904929   25422 1
1508 75925024 75946143   21119 1
1509 75947663 76219837  272174 2
1510 76221357 76242706   21349 1
1511 76244226 77141450  897224 2
1512 77142970 77201541   58571 1
1513 77201541 77201542       1 1
1514 77203062 78281524 1078462 2
1515 78355840 78404246   48406 2
1516 78422292 78454603   32311 2
1517 78454603 78577596  122993 2
1518 78577596 78577597       1 2
1519 78644505 78736972   92467 2
1520 78738492 78879351  140859 2
1521 78880871 78951191   70320 2
1522 78951191 78951192       1 2
1523 78956377 78983364   26987 2
1524 78983364 78992679    9315 2
1525 78993238 79006607   13369 2
1526 79006607 79039079   32472 2
1527 79039079 79039080       1 2
1528 79039080 79121393   82313 2
1529 79121393 79211086   89693 4
1530 79211086 79211086       0 2
1531 79211086 79211086       0 2
1532 79211086 79575616  364530 4
1533 79575616 79575617       1 2
1534 79575617 79701740  126123 2
1535 79701740 79712409   10669 2
1536 79726906 79763092   36186 2
1537 79763092 79763093       1 2
1538 79765976 79786939   20963 2
1539 79788492 79836725   48233 2
1540 79836725 79836725       0 2
1541 79836725 79860064   23339 4
1542 79860064 79860065       1 2
1543 79860065 79875929   15864 2
1544 79875929 79881762    5833 2
1545 79881762 79884566    2804 2
1546 79884566 79892820    8254 2
1547 79892820 79897137    4317 2
1548 79897137 79908432   11295 2
1549 79908432 79908432       0 2
1550 79908432 79908432       0 2
1551 79908432 79908432       0 2
1552 79908432 79908475      43 2
1553 79908475 79913461    4986 2
1554 79913461 79914990    1529 2
1555 79914990 79938938   23948 2
1556 79938938 79947357    8419 2
1557 80039186 80102189   63003 2
1558 80144205 80144731     526 2
1559 80144731 80167545   22814 2
1560 80167545 80170227    2682 2
1561 80170227 80178684    8457 2
1562 80178684 80186246    7562 2
1563 80186246 80194698    8452 2
1564 80194698 80217747   23049 2
1565 80217747 80225582    7835 2
1566 80291677 80393180  101503 4
1567 80393180 80393180       0 1
1568 80393180 80398333    5153 1
1569 80398333 80420759   22426 1
1570 80449064 80458946    9882 1
1571 80458946 80480810   21864 1
1572 80480810 80493186   12376 1
1573 80493186 80506422   13236 1
1574 80507942 80732884  224942 2
1575 80734404 80895521  161117 1
1576 80895521 80895522       1 1
1577 80932373 80964147   31774 1
1578 81030982 81035662    4680 1
1579 81035662 81060799   25137 1
1580 81060799 81060800       1 1
1581 81060800 81062147    1347 1
1582 81062147 81085082   22935 1
1583 81085082 81091102    6020 1
1584 81092622 81479895  387273 2
1585 81481415 81502763   21348 1
1586 81504283 82449650  945367 2
1587 82451170 82473351   22181 1
1588 82474871 82886190  411319 2
1589 82887710 82913708   25998 1
1590 82915228 83125137  209909 2
1591 83126657 83766443  639786 1
1592 83766443 83774191    7748 1
1593 83774191 83798781   24590 1
1594 83800301 84323650  523349 2
1595 85002580 85628448  625868 4
1596 85628448 85628448       0 2
1597 85628448 85638805   10357 2
1598 85638805 85661918   23113 2
1599 85661918 85661919       1 2
1600 85663439 85950555  287116 2
1601 85952075 86089452  137377 4
1602 86089452 86089452       0 2
1603 86089452 86089452       0 2
1604 86089452 86089452       0 2
1605 86089452 86089452       0 2
1606 86089452 86089452       0 2
1607 86089452 86089452       0 2
1608 86089452 86097677    8225 2
1609 86097677 86097677       0 2
1610 86097677 86097824     147 2
1611 86097824 86101240    3416 2
1612 86102760 86211256  108496 2
1613 86212776 86221002    8226 2
1614 86221002 86231638   10636 2
1615 86231638 86231639       1 2
1616 86231639 86243937   12298 2
1617 86243937 86246141    2204 2
1618 86246141 86247319    1178 2
1619 86247319 86251317    3998 2
1620 86251317 86251317       0 2
1621 86251317 86251317       0 2
1622 86251317 86251317       0 2
1623 86251317 86251916     599 2
1624 86251916 86255907    3991 2
1625 86255907 86279496   23589 4
1626 86279496 86279496       0 2
1627 86279496 86279496       0 2
1628 86279496 86279496       0 2
1629 86279496 86279496       0 2
1630 86279496 86279496       0 2
1631 86279496 86279496       0 2
1632 86279496 86279496       0 2
1633 86279496 86279496       0 2
1634 86279496 86279496       0 2
1635 86279496 86279496       0 2
1636 86279496 86300605   21109 2
1637 86319438 86340277   20839 2
1638 86340277 86349258    8981 2
1639 86349258 86352401    3143 2
1640 86352401 86371333   18932 2
1641 86371333 86396973   25640 1
1642 86396973 86396974       1 1