75201 75581 0
75201 75586 0
75201 75591 0
75201 75596 0
75201 75601 0
75201 75611 0
75201 75616 0
75201 75881 0
75206 75581 0
75206 75586 0
75206 75591 0
75206 75596 0
75206 75601 0
75206 75611 0
75206 75616 0
75206 75881 0
75211 75581 0
75211 75586 0
75211 75591 0
75211 75596 0
75211 75601 0
75211 75611 0
75211 75616 0
75211 75881 0
75216 75581 0
75216 75586 0
75216 75591 0
75216 75596 0
75216 75601 0
75216 75611 0
75216 75616 0
75216 75881 0
75221 75581 0
75221 75586 0
75221 75591 0
75221 75596 0
75221 75601 0
75221 75611 0
75221 75616 0
75221 75881 0
75226 75581 0
75226 75586 0
75226 75591 0
75226 75596 0
75226 75601 0
75226 75611 0
75226 75616 0
75226 75881 0
75231 75581 0
75231 75586 0
75231 75591 0
75231 75596 0
75231 75601 0
75231 75611 0
75231 75616 0
75231 75881 0
75236 75581 0
75236 75586 0
75236 75591 0
75236 75596 0
75236 75601 0
75236 75611 0
75236 75616 0
75236 75881 0
75241 75581 0
75241 75586 0
75241 75591 0
75241 75596 0
75241 75601 0
75241 75611 0
75241 75616 0
75241 75881 0
75246 75581 0
75246 75586 0
75246 75591 0
75246 75596 0
75246 75601 0
75246 75611 0
75246 75616 0
75246 75881 0
75251 75581 0
75251 75586 0
75251 75591 0
75251 75596 0
75251 75601 0
75251 75611 0
75251 75616 0
75251 75881 0
75256 75581 0
75256 75586 0
75256 75591 0
75256 75596 0
75256 75601 0
75256 75611 0
75256 75616 0
75256 75881 0
75261 75581 0
75261 75586 0
75261 75591 0
75261 75596 0
75261 75601 0
75261 75611 0
75261 75616 0
75261 75881 0
75266 75581 0
75266 75586 0
75266 75591 0
75266 75596 0
75266 75601 0
75266 75611 0
75266 75616 0
75266 75881 0
75271 75581 0
75271 75586 0
75271 75591 0
75271 75596 0
75271 75601 0
75271 75611 0
75271 75616 0
75271 75881 0
75276 75581 0
75276 75586 0
75276 75591 0
75276 75596 0
75276 75601 0
75276 75611 0
75276 75616 0
75276 75881 0
75281 75581 0
75281 75586 0
75281 75591 0
75281 75596 0
75281 75601 0
75281 75611 0
75281 75616 0
75281 75881 0
75286 75581 0
75286 75586 0
75286 75591 0
75286 75596 0
75286 75601 0
75286 75611 0
75286 75616 0
75286 75881 0
75291 75581 0
75291 75586 0
75291 75591 0
75291 75596 0
75291 75601 0
75291 75611 0
75291 75616 0
75291 75881 0
75296 75581 0
75296 75586 0
75296 75591 0
75296 75596 0
75296 75601 0
75296 75611 0
75296 75616 0
75296 75881 0
75301 75581 0
75301 75586 0
75301 75591 0
75301 75596 0
75301 75601 0
75301 75611 0
75301 75616 0
75301 75881 0
75306 75581 0
75306 75586 0
75306 75591 0
75306 75596 0
75306 75601 0
75306 75611 0
75306 75616 0
75306 75881 0
75311 75581 0
75311 75586 0
75311 75591 0
75311 75596 0
75311 75601 0
75311 75611 0
75311 75616 0
75311 75881 0
75316 75581 0
75316 75586 0
75316 75591 0
75316 75596 0
75316 75601 0
75316 75611 0
75316 75616 0
75316 75881 0
75321 75581 0
75321 75586 0
75321 75591 0
75321 75596 0
75321 75601 0
75321 75611 0
75321 75616 0
75321 75881 0
75326 75581 0
75326 75586 0
75326 75591 0
75326 75596 0
75326 75601 0
75326 75611 0
75326 75616 0
75326 75881 0
75331 75581 0
75331 75586 0
75331 75591 0
75331 75596 0
75331 75601 0
75331 75611 0
75331 75616 0
75331 75881 0
75336 75581 0
75336 75586 0
75336 75591 0
75336 75596 0
75336 75601 0
75336 75611 0
75336 75616 0
75336 75881 0
75341 75581 0
75341 75586 0
75341 75591 0
75341 75596 0
75341 75601 0
75341 75611 0
75341 75616 0
75341 75881 0
75346 75581 0
75346 75586 0
75346 75591 0
75346 75596 0
75346 75601 0
75346 75611 0
75346 75616 0
75346 75881 0
75351 75581 0
75351 75586 0
75351 75591 0
75351 75596 0
75351 75601 0
75351 75611 0
75351 75616 0
75351 75881 0
75356 75581 0
75356 75586 0
75356 75591 0
75356 75596 0
75356 75601 0
75356 75611 0
75356 75616 0
75356 75881 0
75361 75581 0
75361 75586 0
75361 75591 0
75361 75596 0
75361 75601 0
75361 75611 0
75361 75616 0
75361 75881 0
75366 75581 0
75366 75586 0
75366 75591 0
75366 75596 0
75366 75601 0
75366 75611 0
75366 75616 0
75366 75881 0
75371 75581 0
75371 75586 0
75371 75591 0
75371 75596 0
75371 75601 0
75371 75611 0
75371 75616 0
75371 75881 0
75376 75581 0
75376 75586 0
75376 75591 0
75376 75596 0
75376 75601 0
75376 75611 0
75376 75616 0
75376 75881 0
75381 75581 0
75381 75586 0
75381 75591 0
75381 75596 0
75381 75601 0
75381 75611 0
75381 75616 0
75381 75881 0
75386 75581 0
75386 75586 0
75386 75591 0
75386 75596 0
75386 75601 0
75386 75611 0
75386 75616 0
75386 75881 0
75396 75581 0
75396 75586 0
75396 75591 0
75396 75596 0
75396 75601 0
75396 75611 0
75396 75616 0
75396 75881 0
75401 75581 0
75401 75586 0
75401 75591 0
75401 75596 0
75401 75601 0
75401 75611 0
75401 75616 0
75401 75881 0
75406 75581 0
75406 75586 0
75406 75591 0
75406 75596 0
75406 75601 0
75406 75611 0
75406 75616 0
75406 75881 0
75411 75581 0
75411 75586 0
75411 75591 0
75411 75596 0
75411 75601 0
75411 75611 0
75411 75616 0
75411 75881 0
75416 75581 0
75416 75586 0
75416 75591 0
75416 75596 0
75416 75601 0
75416 75611 0
75416 75616 0
75416 75881 0
75421 75581 0
75421 75586 0
75421 75591 0
75421 75596 0
75421 75601 0
75421 75611 0
75421 75616 0
75421 75881 0
75426 75581 0
75426 75586 0
75426 75591 0
75426 75596 0
75426 75601 0
75426 75611 0
75426 75616 0
75426 75881 0
75431 75581 0
75431 75586 0
75431 75591 0
75431 75596 0
75431 75601 0
75431 75611 0
75431 75616 0
75431 75881 0
75436 75581 0
75436 75586 0
75436 75591 0
75436 75596 0
75436 75601 0
75436 75611 0
75436 75616 0
75436 75881 0
75441 75581 0
75441 75586 0
75441 75591 0
75441 75596 0
75441 75601 0
75441 75611 0
75441 75616 0
75441 75881 0
75451 75581 0
75451 75586 0
75451 75591 0
75451 75596 0
75451 75601 0
75451 75611 0
75451 75616 0
75451 75881 0
75461 75581 0
75461 75586 0
75461 75591 0
75461 75596 0
75461 75601 0
75461 75611 0
75461 75616 0
75461 75881 0
75466 75581 0
75466 75586 0
75466 75591 0
75466 75596 0
75466 75601 0
75466 75611 0
75466 75616 0
75466 75881 0
75471 75581 0
75471 75586 0
75471 75591 0
75471 75596 0
75471 75601 0
75471 75611 0
75471 75616 0
75471 75881 0
75481 75581 0
75481 75586 0
75481 75591 0
75481 75596 0
75481 75601 0
75481 75611 0
75481 75616 0
75481 75881 0
75486 75581 0
75486 75586 0
75486 75591 0
75486 75596 0
75486 75601 0
75486 75611 0
75486 75616 0
75486 75881 0
75491 75581 0
75491 75586 0
75491 75591 0
75491 75596 0
75491 75601 0
75491 75611 0
75491 75616 0
75491 75881 0
75496 75581 0
75496 75586 0
75496 75591 0
75496 75596 0
75496 75601 0
75496 75611 0
75496 75616 0
75496 75881 0
75501 75581 0
75501 75586 0
75501 75591 0
75501 75596 0
75501 75601 0
75501 75611 0
75501 75616 0
75501 75881 0
75506 75581 0
75506 75586 0
75506 75591 0
75506 75596 0
75506 75601 0
75506 75611 0
75506 75616 0
75506 75881 0
75511 75581 0
75511 75586 0
75511 75591 0
75511 75596 0
75511 75601 0
75511 75611 0
75511 75616 0
75511 75881 0
75516 75581 0
75516 75586 0
75516 75591 0
75516 75596 0
75516 75601 0
75516 75611 0
75516 75616 0
75516 75881 0
75521 75581 0
75521 75586 0
75521 75591 0
75521 75596 0
75521 75601 0
75521 75611 0
75521 75616 0
75521 75881 0
75526 75581 0
75526 75586 0
75526 75591 0
75526 75596 0
75526 75601 0
75526 75611 0
75526 75616 0
75526 75881 0
75531 75581 0
75531 75586 0
75531 75591 0
75531 75596 0
75531 75601 0
75531 75611 0
75531 75616 0
75531 75881 0
75536 75581 0
75536 75586 0
75536 75591 0
75536 75596 0
75536 75601 0
75536 75611 0
75536 75616 0
75536 75881 0
75541 75581 0
75541 75586 0
75541 75591 0
75541 75596 0
75541 75601 0
75541 75611 0
75541 75616 0
75541 75881 0
75546 75581 0
75546 75586 0
75546 75591 0
75546 75596 0
75546 75601 0
75546 75611 0
75546 75616 0
75546 75881 0
75551 75581 0
75551 75586 0
75551 75591 0
75551 75596 0
75551 75601 0
75551 75611 0
75551 75616 0
75551 75881 0
75556 75581 0
75556 75586 0
75556 75591 0
75556 75596 0
75556 75601 0
75556 75611 0
75556 75616 0
75556 75881 0
75561 75581 0
75561 75586 0
75561 75591 0
75561 75596 0
75561 75601 0
75561 75611 0
75561 75616 0
75561 75881 0
75566 75581 0
75566 75586 0
75566 75591 0
75566 75596 0
75566 75601 0
75566 75611 0
75566 75616 0
75566 75881 0
75571 75581 0
75571 75586 0
75571 75591 0
75571 75596 0
75571 75601 0
75571 75611 0
75571 75616 0
75571 75881 0
75576 75581 0
75576 75586 0
75576 75591 0
75576 75596 0
75576 75601 0
75576 75611 0
75576 75616 0
75576 75881 0
75201 75581 0
75206 75581 0
75211 75581 0
75216 75581 0
75221 75581 0
75226 75581 0
75231 75581 0
75236 75581 0
75241 75581 0
75246 75581 0
75251 75581 0
75256 75581 0
75261 75581 0
75266 75581 0
75271 75581 0
75276 75581 0
75281 75581 0
75286 75581 0
75291 75581 0
75296 75581 0
75301 75581 0
75306 75581 0
75311 75581 0
75316 75581 0
75321 75581 0
75326 75581 0
75331 75581 0
75336 75581 0
75341 75581 0
75346 75581 0
75351 75581 0
75356 75581 0
75361 75581 0
75366 75581 0
75371 75581 0
75376 75581 0
75381 75581 0
75386 75581 0
75396 75581 0
75401 75581 0
75406 75581 0
75411 75581 0
75416 75581 0
75421 75581 0
75426 75581 0
75431 75581 0
75436 75581 0
75441 75581 0
75451 75581 0
75461 75581 0
75466 75581 0
75471 75581 0
75481 75581 0
75486 75581 0
75491 75581 0
75496 75581 0
75501 75581 0
75506 75581 0
75511 75581 0
75516 75581 0
75521 75581 0
75526 75581 0
75531 75581 0
75536 75581 0
75541 75581 0
75546 75581 0
75551 75581 0
75556 75581 0
75561 75581 0
75566 75581 0
75571 75581 0
75576 75581 0
75581 75606 0
75581 75626 0
75581 75631 0
75581 75636 0
75581 75641 0
75581 75646 0
75581 75651 0
75581 75656 0
75581 75661 0
75581 75666 0
75581 75671 0
75581 75676 0
75581 75681 0
75581 75686 0
75581 75691 0
75581 75696 0
75581 75701 0
75581 75706 0
75581 75711 0
75581 75716 0
75581 75721 0
75581 75726 0
75581 75731 0
75581 75736 0
75581 75741 0
75581 75746 0
75581 75751 0
75581 75756 0
75581 75761 0
75581 75766 0
75581 75771 0
75581 75776 0
75581 75781 0
75581 75786 0
75581 75796 0
75581 75801 0
75581 75806 0
75581 75811 0
75581 75816 0
75581 75821 0
75581 75826 0
75581 75831 0
75581 75836 0
75581 75841 0
75581 75846 0
75581 75851 0
75581 75856 0
75581 75861 0
75581 75866 0
75581 75876 0
75201 75586 0
75206 75586 0
75211 75586 0
75216 75586 0
75221 75586 0
75226 75586 0
75231 75586 0
75236 75586 0
75241 75586 0
75246 75586 0
75251 75586 0
75256 75586 0
75261 75586 0
75266 75586 0
75271 75586 0
75276 75586 0
75281 75586 0
75286 75586 0
75291 75586 0
75296 75586 0
75301 75586 0
75306 75586 0
75311 75586 0
75316 75586 0
75321 75586 0
75326 75586 0
75331 75586 0
75336 75586 0
75341 75586 0
75346 75586 0
75351 75586 0
75356 75586 0
75361 75586 0
75366 75586 0
75371 75586 0
75376 75586 0
75381 75586 0
75386 75586 0
75396 75586 0
75401 75586 0
75406 75586 0
75411 75586 0
75416 75586 0
75421 75586 0
75426 75586 0
75431 75586 0
75436 75586 0
75441 75586 0
75451 75586 0
75461 75586 0
75466 75586 0
75471 75586 0
75481 75586 0
75486 75586 0
75491 75586 0
75496 75586 0
75501 75586 0
75506 75586 0
75511 75586 0
75516 75586 0
75521 75586 0
75526 75586 0
75531 75586 0
75536 75586 0
75541 75586 0
75546 75586 0
75551 75586 0
75556 75586 0
75561 75586 0
75566 75586 0
75571 75586 0
75576 75586 0
75586 75606 0
75586 75626 0
75586 75631 0
75586 75636 0
75586 75641 0
75586 75646 0
75586 75651 0
75586 75656 0
75586 75661 0
75586 75666 0
75586 75671 0
75586 75676 0
75586 75681 0
75586 75686 0
75586 75691 0
75586 75696 0
75586 75701 0
75586 75706 0
75586 75711 0
75586 75716 0
75586 75721 0
75586 75726 0
75586 75731 0
75586 75736 0
75586 75741 0
75586 75746 0
75586 75751 0
75586 75756 0
75586 75761 0
75586 75766 0
75586 75771 0
75586 75776 0
75586 75781 0
75586 75786 0
75586 75796 0
75586 75801 0
75586 75806 0
75586 75811 0
75586 75816 0
75586 75821 0
75586 75826 0
75586 75831 0
75586 75836 0
75586 75841 0
75586 75846 0
75586 75851 0
75586 75856 0
75586 75861 0
75586 75866 0
75586 75876 0
75201 75591 0
75206 75591 0
75211 75591 0
75216 75591 0
75221 75591 0
75226 75591 0
75231 75591 0
75236 75591 0
75241 75591 0
75246 75591 0
75251 75591 0
75256 75591 0
75261 75591 0
75266 75591 0
75271 75591 0
75276 75591 0
75281 75591 0
75286 75591 0
75291 75591 0
75296 75591 0
75301 75591 0
75306 75591 0
75311 75591 0
75316 75591 0
75321 75591 0
75326 75591 0
75331 75591 0
75336 75591 0
75341 75591 0
75346 75591 0
75351 75591 0
75356 75591 0
75361 75591 0
75366 75591 0
75371 75591 0
75376 75591 0
75381 75591 0
75386 75591 0
75396 75591 0
75401 75591 0
75406 75591 0
75411 75591 0
75416 75591 0
75421 75591 0
75426 75591 0
75431 75591 0
75436 75591 0
75441 75591 0
75451 75591 0
75461 75591 0
75466 75591 0
75471 75591 0
75481 75591 0
75486 75591 0
75491 75591 0
75496 75591 0
75501 75591 0
75506 75591 0
75511 75591 0
75516 75591 0
75521 75591 0
75526 75591 0
75531 75591 0
75536 75591 0
75541 75591 0
75546 75591 0
75551 75591 0
75556 75591 0
75561 75591 0
75566 75591 0
75571 75591 0
75576 75591 0
75591 75606 0
75591 75626 0
75591 75631 0
75591 75636 0
75591 75641 0
75591 75646 0
75591 75651 0
75591 75656 0
75591 75661 0
75591 75666 0
75591 75671 0
75591 75676 0
75591 75681 0
75591 75686 0
75591 75691 0
75591 75696 0
75591 75701 0
75591 75706 0
75591 75711 0
75591 75716 0
75591 75721 0
75591 75726 0
75591 75731 0
75591 75736 0
75591 75741 0
75591 75746 0
75591 75751 0
75591 75756 0
75591 75761 0
75591 75766 0
75591 75771 0
75591 75776 0
75591 75781 0
75591 75786 0
75591 75796 0
75591 75801 0
75591 75806 0
75591 75811 0
75591 75816 0
75591 75821 0
75591 75826 0
75591 75831 0
75591 75836 0
75591 75841 0
75591 75846 0
75591 75851 0
75591 75856 0
75591 75861 0
75591 75866 0
75591 75876 0
75201 75596 0
75206 75596 0
75211 75596 0
75216 75596 0
75221 75596 0
75226 75596 0
75231 75596 0
75236 75596 0
75241 75596 0
75246 75596 0
75251 75596 0
75256 75596 0
75261 75596 0
75266 75596 0
75271 75596 0
75276 75596 0
75281 75596 0
75286 75596 0
75291 75596 0
75296 75596 0
75301 75596 0
75306 75596 0
75311 75596 0
75316 75596 0
75321 75596 0
75326 75596 0
75331 75596 0
75336 75596 0
75341 75596 0
75346 75596 0
75351 75596 0
75356 75596 0
75361 75596 0
75366 75596 0
75371 75596 0
75376 75596 0
75381 75596 0
75386 75596 0
75396 75596 0
75401 75596 0
75406 75596 0
75411 75596 0
75416 75596 0
75421 75596 0
75426 75596 0
75431 75596 0
75436 75596 0
75441 75596 0
75451 75596 0
75461 75596 0
75466 75596 0
75471 75596 0
75481 75596 0
75486 75596 0
75491 75596 0
75496 75596 0
75501 75596 0
75506 75596 0
75511 75596 0
75516 75596 0
75521 75596 0
75526 75596 0
75531 75596 0
75536 75596 0
75541 75596 0
75546 75596 0
75551 75596 0
75556 75596 0
75561 75596 0
75566 75596 0
75571 75596 0
75576 75596 0
75596 75606 0
75596 75626 0
75596 75631 0
75596 75636 0
75596 75641 0
75596 75646 0
75596 75651 0
75596 75656 0
75596 75661 0
75596 75666 0
75596 75671 0
75596 75676 0
75596 75681 0
75596 75686 0
75596 75691 0
75596 75696 0
75596 75701 0
75596 75706 0
75596 75711 0
75596 75716 0
75596 75721 0
75596 75726 0
75596 75731 0
75596 75736 0
75596 75741 0
75596 75746 0
75596 75751 0
75596 75756 0
75596 75761 0
75596 75766 0
75596 75771 0
75596 75776 0
75596 75781 0
75596 75786 0
75596 75796 0
75596 75801 0
75596 75806 0
75596 75811 0
75596 75816 0
75596 75821 0
75596 75826 0
75596 75831 0
75596 75836 0
75596 75841 0
75596 75846 0
75596 75851 0
75596 75856 0
75596 75861 0
75596 75866 0
75596 75876 0
75201 75601 0
75206 75601 0
75211 75601 0
75216 75601 0
75221 75601 0
75226 75601 0
75231 75601 0
75236 75601 0
75241 75601 0
75246 75601 0
75251 75601 0
75256 75601 0
75261 75601 0
75266 75601 0
75271 75601 0
75276 75601 0
75281 75601 0
75286 75601 0
75291 75601 0
75296 75601 0
75301 75601 0
75306 75601 0
75311 75601 0
75316 75601 0
75321 75601 0
75326 75601 0
75331 75601 0
75336 75601 0
75341 75601 0
75346 75601 0
75351 75601 0
75356 75601 0
75361 75601 0
75366 75601 0
75371 75601 0
75376 75601 0
75381 75601 0
75386 75601 0
75396 75601 0
75401 75601 0
75406 75601 0
75411 75601 0
75416 75601 0
75421 75601 0
75426 75601 0
75431 75601 0
75436 75601 0
75441 75601 0
75451 75601 0
75461 75601 0
75466 75601 0
75471 75601 0
75481 75601 0
75486 75601 0
75491 75601 0
75496 75601 0
75501 75601 0
75506 75601 0
75511 75601 0
75516 75601 0
75521 75601 0
75526 75601 0
75531 75601 0
75536 75601 0
75541 75601 0
75546 75601 0
75551 75601 0
75556 75601 0
75561 75601 0
75566 75601 0
75571 75601 0
75576 75601 0
75601 75606 1
75601 75626 0
75601 75631 0
75601 75636 0
75601 75641 0
75601 75646 0
75601 75651 0
75601 75656 0
75601 75661 0
75601 75666 0
75601 75671 0
75601 75676 0
75601 75681 0
75601 75686 0
75601 75691 0
75601 75696 0
75601 75701 0
75601 75706 0
75601 75711 0
75601 75716 0
75601 75721 0
75601 75726 0
75601 75731 0
75601 75736 0
75601 75741 0
75601 75746 0
75601 75751 0
75601 75756 0
75601 75761 0
75601 75766 0
75601 75771 0
75601 75776 0
75601 75781 0
75601 75786 0
75601 75796 0
75601 75801 0
75601 75806 0
75601 75811 0
75601 75816 0
75601 75821 0
75601 75826 0
75601 75831 0
75601 75836 0
75601 75841 0
75601 75846 0
75601 75851 0
75601 75856 0
75601 75861 0
75601 75866 0
75601 75876 0
75581 75606 0
75586 75606 0
75591 75606 0
75596 75606 0
75601 75606 0
75606 75606 0
75606 75606 0
75606 75606 0
75201 75611 0
75206 75611 0
75211 75611 0
75216 75611 0
75221 75611 0
75226 75611 0
75231 75611 0
75236 75611 0
75241 75611 0
75246 75611 0
75251 75611 0
75256 75611 0
75261 75611 0
75266 75611 0
75271 75611 0
75276 75611 0
75281 75611 0
75286 75611 0
75291 75611 0
75296 75611 0
75301 75611 0
75306 75611 0
75311 75611 0
75316 75611 0
75321 75611 0
75326 75611 0
75331 75611 0
75336 75611 0
75341 75611 0
75346 75611 0
75351 75611 0
75356 75611 0
75361 75611 0
75366 75611 0
75371 75611 0
75376 75611 0
75381 75611 0
75386 75611 0
75396 75611 0
75401 75611 0
75406 75611 0
75411 75611 0
75416 75611 0
75421 75611 0
75426 75611 0
75431 75611 0
75436 75611 0
75441 75611 0
75451 75611 0
75461 75611 0
75466 75611 0
75471 75611 0
75481 75611 0
75486 75611 0
75491 75611 0
75496 75611 0
75501 75611 0
75506 75611 0
75511 75611 0
75516 75611 0
75521 75611 0
75526 75611 0
75531 75611 0
75536 75611 0
75541 75611 0
75546 75611 0
75551 75611 0
75556 75611 0
75561 75611 0
75566 75611 0
75571 75611 0
75576 75611 0
75606 75611 0
75611 75626 0
75611 75631 0
75611 75636 0
75611 75641 0
75611 75646 0
75611 75651 0
75611 75656 0
75611 75661 0
75611 75666 0
75611 75671 0
75611 75676 0
75611 75681 0
75611 75686 0
75611 75691 0
75611 75696 0
75611 75701 0
75611 75706 0
75611 75711 0
75611 75716 0
75611 75721 0
75611 75726 0
75611 75731 0
75611 75736 0
75611 75741 0
75611 75746 0
75611 75751 0
75611 75756 0
75611 75761 0
75611 75766 0
75611 75771 0
75611 75776 0
75611 75781 0
75611 75786 0
75611 75796 0
75611 75801 0
75611 75806 0
75611 75811 0
75611 75816 0
75611 75821 0
75611 75826 0
75611 75831 0
75611 75836 0
75611 75841 0
75611 75846 0
75611 75851 0
75611 75856 0
75611 75861 0
75611 75866 0
75611 75876 0
75201 75616 0
75206 75616 0
75211 75616 0
75216 75616 0
75221 75616 0
75226 75616 0
75231 75616 0
75236 75616 0
75241 75616 0
75246 75616 0
75251 75616 0
75256 75616 0
75261 75616 0
75266 75616 0
75271 75616 0
75276 75616 0
75281 75616 0
75286 75616 0
75291 75616 0
75296 75616 0
75301 75616 0
75306 75616 0
75311 75616 0
75316 75616 0
75321 75616 0
75326 75616 0
75331 75616 0
75336 75616 0
75341 75616 0
75346 75616 0
75351 75616 0
75356 75616 0
75361 75616 0
75366 75616 0
75371 75616 0
75376 75616 0
75381 75616 0
75386 75616 0
75396 75616 0
75401 75616 0
75406 75616 0
75411 75616 0
75416 75616 0
75421 75616 0
75426 75616 0
75431 75616 0
75436 75616 0
75441 75616 0
75451 75616 0
75461 75616 0
75466 75616 0
75471 75616 0
75481 75616 0
75486 75616 0
75491 75616 0
75496 75616 0
75501 75616 0
75506 75616 0
75511 75616 0
75516 75616 0
75521 75616 0
75526 75616 0
75531 75616 0
75536 75616 0
75541 75616 0
75546 75616 0
75551 75616 0
75556 75616 0
75561 75616 0
75566 75616 0
75571 75616 0
75576 75616 0
75606 75616 0
75616 75626 1
75616 75631 1
75616 75636 1
75616 75641 1
75616 75646 1
75616 75651 1
75616 75656 1
75616 75661 0
75616 75666 0
75616 75671 0
75616 75676 0
75616 75681 0
75616 75686 0
75616 75691 0
75616 75696 0
75616 75701 0
75616 75706 0
75616 75711 0
75616 75716 0
75616 75721 0
75616 75726 0
75616 75731 0
75616 75736 0
75616 75741 0
75616 75746 0
75616 75751 0
75616 75756 0
75616 75761 0
75616 75766 0
75616 75771 0
75616 75776 0
75616 75781 0
75616 75786 0
75616 75796 0
75616 75801 0
75616 75806 0
75616 75811 0
75616 75816 0
75616 75821 0
75616 75826 0
75616 75831 0
75616 75836 0
75616 75841 0
75616 75846 0
75616 75851 0
75616 75856 0
75616 75861 0
75616 75866 0
75616 75876 0
75581 75626 0
75586 75626 0
75591 75626 0
75596 75626 0
75601 75626 0
75611 75626 0
75616 75626 0
75626 75881 0
75581 75631 0
75586 75631 0
75591 75631 0
75596 75631 0
75601 75631 0
75611 75631 0
75616 75631 0
75631 75881 0
75581 75636 0
75586 75636 0
75591 75636 0
75596 75636 0
75601 75636 0
75611 75636 0
75616 75636 0
75636 75881 0
75581 75641 0
75586 75641 0
75591 75641 0
75596 75641 0
75601 75641 0
75611 75641 0
75616 75641 0
75641 75881 0
75581 75646 0
75586 75646 0
75591 75646 0
75596 75646 0
75601 75646 0
75611 75646 0
75616 75646 0
75646 75881 0
75581 75651 0
75586 75651 0
75591 75651 0
75596 75651 0
75601 75651 0
75611 75651 0
75616 75651 0
75651 75881 0
75581 75656 0
75586 75656 0
75591 75656 0
75596 75656 0
75601 75656 0
75611 75656 0
75616 75656 0
75656 75881 0
75581 75661 0
75586 75661 0
75591 75661 0
75596 75661 0
75601 75661 0
75611 75661 0
75616 75661 0
75661 75881 0
75581 75666 0
75586 75666 0
75591 75666 0
75596 75666 0
75601 75666 0
75611 75666 0
75616 75666 0
75666 75881 0
75581 75671 0
75586 75671 0
75591 75671 0
75596 75671 0
75601 75671 0
75611 75671 0
75616 75671 0
75671 75881 0
75581 75676 0
75586 75676 0
75591 75676 0
75596 75676 0
75601 75676 0
75611 75676 0
75616 75676 0
75676 75881 0
75581 75681 0
75586 75681 0
75591 75681 0
75596 75681 0
75601 75681 0
75611 75681 0
75616 75681 0
75681 75881 0
75581 75686 0
75586 75686 0
75591 75686 0
75596 75686 0
75601 75686 0
75611 75686 0
75616 75686 0
75686 75881 0
75581 75691 0
75586 75691 0
75591 75691 0
75596 75691 0
75601 75691 0
75611 75691 0
75616 75691 0
75691 75881 0
75581 75696 0
75586 75696 0
75591 75696 0
75596 75696 0
75601 75696 0
75611 75696 0
75616 75696 0
75696 75881 0
75581 75701 0
75586 75701 0
75591 75701 0
75596 75701 0
75601 75701 0
75611 75701 0
75616 75701 0
75701 75881 0
75581 75706 0
75586 75706 0
75591 75706 0
75596 75706 0
75601 75706 0
75611 75706 0
75616 75706 0
75706 75881 0
75581 75711 0
75586 75711 0
75591 75711 0
75596 75711 0
75601 75711 0
75611 75711 0
75616 75711 0
75711 75881 0
75581 75716 0
75586 75716 0
75591 75716 0
75596 75716 0
75601 75716 0
75611 75716 0
75616 75716 0
75716 75881 0
75581 75721 0
75586 75721 0
75591 75721 0
75596 75721 0
75601 75721 0
75611 75721 0
75616 75721 0
75721 75881 0
75581 75726 0
75586 75726 0
75591 75726 0
75596 75726 0
75601 75726 0
75611 75726 0
75616 75726 0
75726 75881 0
75581 75731 0
75586 75731 0
75591 75731 0
75596 75731 0
75601 75731 0
75611 75731 0
75616 75731 0
75731 75881 0
75581 75736 0
75586 75736 0
75591 75736 0
75596 75736 0
75601 75736 0
75611 75736 0
75616 75736 0
75736 75881 0
75581 75741 0
75586 75741 0
75591 75741 0
75596 75741 0
75601 75741 0
75611 75741 0
75616 75741 0
75741 75881 0
75581 75746 0
75586 75746 0
75591 75746 0
75596 75746 0
75601 75746 0
75611 75746 0
75616 75746 0
75746 75881 0
75581 75751 0
75586 75751 0
75591 75751 0
75596 75751 0
75601 75751 0
75611 75751 0
75616 75751 0
75751 75881 0
75581 75756 0
75586 75756 0
75591 75756 0
75596 75756 0
75601 75756 0
75611 75756 0
75616 75756 0
75756 75881 0
75581 75761 0
75586 75761 0
75591 75761 0
75596 75761 0
75601 75761 0
75611 75761 0
75616 75761 0
75761 75881 0
75581 75766 0
75586 75766 0
75591 75766 0
75596 75766 0
75601 75766 0
75611 75766 0
75616 75766 0
75766 75881 0
75581 75771 0
75586 75771 0
75591 75771 0
75596 75771 0
75601 75771 0
75611 75771 0
75616 75771 0
75771 75881 0
75581 75776 0
75586 75776 0
75591 75776 0
75596 75776 0
75601 75776 0
75611 75776 0
75616 75776 0
75776 75881 0
75581 75781 0
75586 75781 0
75591 75781 0
75596 75781 0
75601 75781 0
75611 75781 0
75616 75781 0
75781 75881 0
75581 75786 0
75586 75786 0
75591 75786 0
75596 75786 0
75601 75786 0
75611 75786 0
75616 75786 0
75786 75881 0
75581 75796 0
75586 75796 0
75591 75796 0
75596 75796 0
75601 75796 0
75611 75796 0
75616 75796 0
75796 75881 0
75581 75801 0
75586 75801 0
75591 75801 0
75596 75801 0
75601 75801 0
75611 75801 0
75616 75801 0
75801 75881 0
75581 75806 0
75586 75806 0
75591 75806 0
75596 75806 0
75601 75806 0
75611 75806 0
75616 75806 0
75806 75881 0
75581 75811 0
75586 75811 0
75591 75811 0
75596 75811 0
75601 75811 0
75611 75811 0
75616 75811 0
75811 75881 0
75581 75816 0
75586 75816 0
75591 75816 0
75596 75816 0
75601 75816 0
75611 75816 0
75616 75816 0
75816 75881 0
75581 75821 0
75586 75821 0
75591 75821 0
75596 75821 0
75601 75821 0
75611 75821 0
75616 75821 0
75821 75881 0
75581 75826 0
75586 75826 0
75591 75826 0
75596 75826 0
75601 75826 0
75611 75826 0
75616 75826 0
75826 75881 0
75581 75831 0
75586 75831 0
75591 75831 0
75596 75831 0
75601 75831 0
75611 75831 0
75616 75831 0
75831 75881 0
75581 75836 0
75586 75836 0
75591 75836 0
75596 75836 0
75601 75836 0
75611 75836 0
75616 75836 0
75836 75881 0
75581 75841 0
75586 75841 0
75591 75841 0
75596 75841 0
75601 75841 0
75611 75841 0
75616 75841 0
75841 75881 0
75581 75846 0
75586 75846 0
75591 75846 0
75596 75846 0
75601 75846 0
75611 75846 0
75616 75846 0
75846 75881 0
75581 75851 0
75586 75851 0
75591 75851 0
75596 75851 0
75601 75851 0
75611 75851 0
75616 75851 0
75851 75881 0
75581 75856 0
75586 75856 0
75591 75856 0
75596 75856 0
75601 75856 0
75611 75856 0
75616 75856 0
75856 75881 0
75581 75861 0
75586 75861 0
75591 75861 0
75596 75861 0
75601 75861 0
75611 75861 0
75616 75861 0
75861 75881 0
75581 75866 0
75586 75866 0
75591 75866 0
75596 75866 0
75601 75866 0
75611 75866 0
75616 75866 0
75866 75881 0
75581 75876 0
75586 75876 0
75591 75876 0
75596 75876 0
75601 75876 0
75611 75876 0
75616 75876 0
75876 75881 0
75201 75881 0
75206 75881 0
75211 75881 0
75216 75881 0
75221 75881 0
75226 75881 0
75231 75881 0
75236 75881 0
75241 75881 0
75246 75881 0
75251 75881 0
75256 75881 0
75261 75881 0
75266 75881 0
75271 75881 0
75276 75881 0
75281 75881 0
75286 75881 0
75291 75881 0
75296 75881 0
75301 75881 0
75306 75881 0
75311 75881 0
75316 75881 0
75321 75881 0
75326 75881 0
75331 75881 0
75336 75881 0
75341 75881 0
75346 75881 0
75351 75881 0
75356 75881 0
75361 75881 0
75366 75881 0
75371 75881 0
75376 75881 0
75381 75881 0
75386 75881 0
75396 75881 0
75401 75881 0
75406 75881 0
75411 75881 0
75416 75881 0
75421 75881 0
75426 75881 0
75431 75881 0
75436 75881 0
75441 75881 0
75451 75881 0
75461 75881 0
75466 75881 0
75471 75881 0
75481 75881 0
75486 75881 0
75491 75881 0
75496 75881 0
75501 75881 0
75506 75881 0
75511 75881 0
75516 75881 0
75521 75881 0
75526 75881 0
75531 75881 0
75536 75881 0
75541 75881 0
75546 75881 0
75551 75881 0
75556 75881 0
75561 75881 0
75566 75881 0
75571 75881 0
75576 75881 0
75606 75881 0
75626 75881 0
75631 75881 0
75636 75881 0
75641 75881 0
75646 75881 0
75651 75881 0
75656 75881 0
75661 75881 0
75666 75881 0
75671 75881 0
75676 75881 0
75681 75881 0
75686 75881 0
75691 75881 0
75696 75881 0
75701 75881 0
75706 75881 0
75711 75881 0
75716 75881 0
75721 75881 0
75726 75881 0
75731 75881 0
75736 75881 0
75741 75881 0
75746 75881 0
75751 75881 0
75756 75881 0
75761 75881 0
75766 75881 0
75771 75881 0
75776 75881 0
75781 75881 0
75786 75881 0
75796 75881 0
75801 75881 0
75806 75881 0
75811 75881 0
75816 75881 0
75821 75881 0
75826 75881 0
75831 75881 0
75836 75881 0
75841 75881 0
75846 75881 0
75851 75881 0
75856 75881 0
75861 75881 0
75866 75881 0
75876 75881 0