   0    37377    37832     455 1
   1    37832    62338   24506 1
   2    64964    89013   24049 1
   3    89013    89013       0 1
   4    89013    99086   10073 1
   5   100606   452853  352247 2
   6   454373   477945   23572 1
   7   479465   777045  297580 2
   8   778565   837625   59060 4
   9   837625   837625       0 1
  10   837625   837625       0 1
  11   837625   837625       0 1
  12   837625   837625       0 1
  13   837625   837626       1 1
  14   842381   853769   11388 1
  15   853769   860758    6989 1
  16   860758   860758       0 1
  17   860758   860758       0 1
  18   860758   861591     833 1
  19   861591   862835    1244 1
  20   862835   879638   16803 1
  21   879638   901823   22185 1
  22   964026   966170    2144 1
  23   966170   973158    6988 1
  24   973158   984571   11413 1
  25   984571   984571       0 1
  26   984571   986686    2115 1
  27   986686   999748   13062 1
  28   999748  1002693    2945 1
  29  1002693  1006733    4040 1
  30  1006733  1006733       0 1
  31  1006733  1019814   13081 1
  32  1019814  1019814       0 1
  33  1019814  1019814       0 1
  34  1019814  1039067   19253 1
  35  1039067  1039067       0 1
  36  1039067  1039067       0 1
  37  1039067  1043008    3941 1
  38  1043008  1043008       0 1
  39  1043008  1043008       0 1
  40  1043008  1043008       0 1
  41  1043008  1065513   22505 4
  42  1065513  1065513       0 1
  43  1065513  1065513       0 1
  44  1065513  1065513       0 1
  45  1065513  1065513       0 1
  46  1065513  1065513       0 1
  47  1065513  1065513       0 1
  48  1065513  1065513       0 1
  49  1065513  1065513       0 1
  50  1065513  1072736    7223 1
  51  1072736  1072736       0 1
  52  1072736  1072736       0 1
  53  1072736  1072736       0 1
  54  1072736  1072736       0 1
  55  1072736  1094527   21791 1
  56  1112302  1129922   17620 1
  57  1129922  1130696     774 1
  58  1130696  1134230    3534 1
  59  1134230  1156616   22386 1
  60  1156616  1163823    7207 1
  61  1163823  1163823       0 1
  62  1163823  1166752    2929 1
  63  1166752  1167672     920 1
  64  1167672  1190600   22928 1
  65  1198912  1200512    1600 1
  66  1200512  1235332   34820 1
  67  1235332  1236948    1616 1
  68  1236948  1241560    4612 1
  69  1241560  1268238   26678 1
  70  1269758  1562670  292912 2
  71  1564190  1597220   33030 1
  72  1597220  1602678    5458 1
  73  1602678  1797397  194719 1
  74  1797397  1833260   35863 1
  75  1834780  2834342  999562 2
  76  2835862  2861302   25440 1
  77  2869779  2879440    9661 1
  78  2879440  2904127   24687 1
  79  2948140  2949702    1562 1
  80  2949702  2974597   24895 1
  81  2980078  3002986   22908 1
  82  3002986  3011461    8475 1
  83  3011461  3407474  396013 1
  84  3407474  3437882   30408 1
  85  3439402  3936793  497391 2
  86  3938313  4613636  675323 1
  87  4615156  4825881  210725 2
  88  4827401  4851003   23602 1
  89  4852523  5186166  333643 2
  90  5445243  5830801  385558 2
  91  5830801  5830801       0 2
  92  5830801  5836902    6101 2
  93  5838422  6606892  768470 2
  94  6608412  6633558   25146 2
  95  6633558  6642201    8643 2
  96  6642201  6664413   22212 2
  97  6667561  6699316   31755 2
  98  6699316  6777990   78674 2
  99  6777990  6783344    5354 2
 100  6783344  6785199    1855 2
 101  6785199  6806865   21666 2
 102  6806865  6806865       0 2
 103  6806865  6806866       1 2
 104  6806866  6808799    1933 2
 105  6808799  6814382    5583 2
 106  6843756  6854518   10762 2
 107  6854518  6862504    7986 2
 108  6862504  6871502    8998 2
 109  6871502  6880304    8802 2
 110  6880304  6880304       0 2
 111  6880304  6902748   22444 2
 112  6902748  6902748       0 2
 113  6902748  6902749       1 2
 114  6902749  6904254    1505 2
 115  6904254  6933006   28752 2
 116  6937175  7022422   85247 4
 117  7022422  7022422       0 4
 118  7022422  7022422       0 2
 119  7022422  7022422       0 2
 120  7022422  7022422       0 2
 121  7022422  7022422       0 2
 122  7022422  7031075    8653 2
 123  7031075  7032106    1031 2
 124  7032106  7032106       0 2
 125  7032106  7056031   23925 2
 126  7056031  7061404    5373 2
 127  7063359  7078763   15404 2
 128  7078763  7078763       0 2
 129  7078763  7078763       0 2
 130  7078763  7078763       0 2
 131  7078763  7101650   22887 2
 132  7110812  7145280   34468 2
 133  7145280  7145280       0 2
 134  7145280  7159259   13979 2
 135  7159259  7159259       0 2
 136  7159259  7169343   10084 2
 137  7169343  7169343       0 2
 138  7169343  7169343       0 2
 139  7169343  7170360    1017 2
 140  7170360  7177932    7572 2
 141  7177932  7180527    2595 2
 142  7180527  7180632     105 2
 143  7180632  7191427   10795 2
 144  7191427  7191427       0 2
 145  7191427  7191427       0 2
 146  7191427  7191427       0 2
 147  7191427  7191427       0 2
 148  7191427  7199586    8159 2
 149  7199586  7202826    3240 2
 150  7202826  7229422   26596 2
 151  7229422  7231348    1926 2
 152  7231348  7235102    3754 2
 153  7235102  7247942   12840 1
 154  7247942  7261659   13717 1
 155  7263179  7611239  348060 2
 156  7612759  7936354  323595 1
 157  7936354  7936354       0 1
 158  7936354  7936355       1 1
 159  7936355  7941986    5631 1
 160  7941986  7942253     267 1
 161  8025901  8141225  115324 1
 162  8141225  8141226       1 1
 163  8141226  8188667   47441 1
 164  8201976  8283333   81357 1
 165  8283333  8283333       0 1
 166  8283333  8283333       0 1
 167  8283333  8283333       0 1
 168  8283333  8283333       0 1
 169  8283333  8283333       0 1
 170  8283333  8283333       0 1
 171  8283333  8286692    3359 1
 172  8286692  8312808   26116 1
 173  8312808  8317340    4532 1
 174  8391051  8425945   34894 1
 175  8430700  8454030   23330 1
 176  8455550  8607406  151856 2
 177  8608926  8633432   24506 1
 178  8633432  8633432       0 1
 179  8633432  8633432       0 1
 180  8633432  8637456    4024 1
 181  8637456  8637456       0 1
 182  8637456  8637456       0 1
 183  8637456  8639219    1763 1
 184  8639219  8662208   22989 1
 185  8662208  8662208       0 1
 186  8662208  8662208       0 1
 187  8662208  8662208       0 1
 188  8662208  8662208       0 1
 189  8662208  8694216   32008 1
 190  8694216  8694217       1 1
 191  8694217  8703831    9614 1
 192  8703831  8713084    9253 1
 193  8713084  8721061    7977 1
 194  8721061  8744511   23450 1
 195  8744511  8747430    2919 1
 196  8747430  8771838   24408 1
 197  8825179  8859032   33853 1
 198  8859032  8859033       1 1
 199  8859033  8875132   16099 1
 200  8942412  8974380   31968 1
 201  8984473  9007422   22949 1
 202  9007422  9007422       0 1
 203  9007422  9013243    5821 1
 204  9013243  9013243       0 1
 205  9013243  9013243       0 1
 206  9013243  9014656    1413 1
 207  9014656  9031987   17331 1
 208  9033507  9191742  158235 2
 209  9193262  9197998    4736 1
 210  9197998  9222573   24575 1
 211  9290142  9313933   23791 1
 212  9315453  9977968  662515 2
 213  9979488 10002587   23099 1
 214 10002587 10002588       1 1
 215 10002588 10002588       0 1
 216 10002588 10005548    2960 1
 217 10007068 10830103  823035 2
 218 10831623 10835250    3627 1
 219 10835250 10857638   22388 1
 220 10859158 10987613  128455 2
 221 10989133 11025349   36216 1
 222 11025349 11025864     515 1
 223 11025864 11028176    2312 1
 224 11029696 11177761  148065 2
 225 11179281 11207684   28403 1
 226 11207684 11231810   24126 1
 227 11467359 11488573   21214 2
 228 11488573 11709429  220856 2
 229 11709429 11736649   27220 2
 230 11736649 11796341   59692 2
 231 11796341 11858284   61943 2
 232 11858284 11994497  136213 2
 233 11994497 12061330   66833 2
 234 12062850 12173284  110434 2
 235 12174804 12205476   30672 2
 236 12205476 12205479       3 2
 237 12205479 12205950     471 2
 238 12205950 12227552   21602 2
 239 12244766 12251312    6546 2
 240 12251312 12251312       0 2
 241 12251312 12254803    3491 2
 242 12254803 12267486   12683 2
 243 12267486 12290147   22661 2
 244 12290147 12290147       0 2
 245 12290147 12316413   26266 2
 246 12316413 12316413       0 2
 247 12316413 12316414       1 2
 248 12316414 12321886    5472 2
 249 12321886 12346598   24712 2
 250 12413847 12708705  294858 2
 251 12708705 12864841  156136 2
 252 12864841 12951333   86492 4
 253 12951333 12951333       0 2
 254 12951333 12951333       0 2
 255 12951333 12951333       0 2
 256 12951333 12971974   20641 2
 257 13018378 13040309   21931 2
 258 13040309 13040309       0 2
 259 13040309 13053691   13382 2
 260 13053691 13054352     661 2
 261 13054352 13055365    1013 2
 262 13055365 13056269     904 2
 263 13056269 13063853    7584 2
 264 13063853 13063853       0 2
 265 13063853 13063853       0 2
 266 13063853 13065799    1946 2
 267 13065799 13079679   13880 2
 268 13079679 13086983    7304 2
 269 13086983 13144870   57887 4
 270 13144870 13144870       0 2
 271 13144870 13163833   18963 2
 272 13163833 13165994    2161 2
 273 13165994 13198071   32077 2
 274 13198071 13201039    2968 2
 275 13201039 13204108    3069 2
 276 13204108 13205626    1518 2
 277 13205626 13208556    2930 2
 278 13208556 13208556       0 2
 279 13208556 13230991   22435 2
 280 13230991 13241905   10914 2
 281 13243425 13554016  310591 2
 282 13555536 13581936   26400 1
 283 13581936 13581937       1 1
 284 13581937 13587888    5951 1
 285 13587888 13599114   11226 1
 286 13599114 13623180   24066 1
 287 13627960 13649964   22004 1
 288 13649964 13649964       0 1
 289 13649964 13649964       0 1
 290 13649964 13649964       0 1
 291 13649964 13649964       0 1
 292 13649964 13649964       0 1
 293 13649964 13649964       0 1
 294 13649964 13649964       0 1
 295 13649964 13649964       0 1
 296 13649964 13649964       0 1
 297 13649964 13667855   17891 1
 298 13667855 13671313    3458 1
 299 13671313 13674323    3010 1
 300 13675843 14044170  368327 2
 301 14045690 14209352  163662 1
 302 14209352 14502909  293557 1
 303 14502909 14507322    4413 1
 304 14507322 14579996   72674 1
 305 14579996 14598577   18581 1
 306 14598577 14676172   77595 1
 307 14676172 14680926    4754 1
 308 14680926 14685005    4079 1
 309 14685005 14685005       0 1
 310 14685005 14689817    4812 1
 311 14689817 14690496     679 1
 312 14690496 14717156   26660 1
 313 14717156 14718917    1761 1
 314 14718917 14743445   24528 1
 315 14749330 14749821     491 1
 316 14749821 14767324   17503 1
 317 14797674 14805161    7487 1
 318 14805161 14816649   11488 1
 319 14841155 14849031    7876 1
 320 14849031 14870700   21669 1
 321 14872220 16050194 1177974 2
 322 16051714 16513674  461960 1
 323 16513674 16515153    1479 1
 324 16515153 16548795   33642 1
 325 16619512 16679884   60372 1
 326 16679884 16679884       0 1
 327 16679884 16679884       0 1
 328 16679884 16723634   43750 1
 329 16723634 16739346   15712 1
 330 16739346 16744229    4883 1
 331 16744229 16744229       0 1
 332 16744229 16750128    5899 1
 333 16750128 16750128       0 1
 334 16750128 16772494   22366 1
 335 16774015 17270302  496287 2
 336 18193086 18474354  281268 2
 337 18474354 18741151  266797 2
 338 18741151 18765036   23885 2
 339 18765036 19152485  387449 4
 340 19152485 19152485       0 2
 341 19152485 19170830   18345 2
 342 19193228 19626441  433213 4
 343 19626441 19626441       0 1
 344 19626441 19626442       1 1
 345 19626442 19629818    3376 1
 346 19629818 19658379   28561 1
 347 19659899 20067680  407781 2
 348 20069200 20130656   61456 1
 349 20130656 20215474   84818 1
 350 20215474 20251929   36455 1
 351 20333840 20334412     572 1
 352 20334412 20362890   28478 1
 353 20364410 20740619  376209 2
 354 20742139 20749799    7660 1
 355 20749799 20753526    3727 1
 356 20753526 20758809    5283 1
 357 20758809 20780216   21407 1
 358 20789346 20811163   21817 1
 359 20811163 20827841   16678 1
 360 20827841 20831548    3707 1
 361 20833068 22066674 1233606 2
 362 22068194 22073618    5424 1
 363 22073618 22082713    9095 1
 364 22082713 22106650   23937 1
 365 22108170 22492777  384607 2
 366 22494297 22541675   47378 1
 367 22541675 22565944   24269 1
 368 22565944 22592432   26488 1
 369 22592432 22698111  105679 1
 370 22698111 22700251    2140 1
 371 22700251 22712227   11976 1
 372 22712227 22735062   22835 1
 373 22761185 22785232   24047 1
 374 22786752 23312371  525619 2
 375 24713428 25006947  293519 4
 376 25006947 25006947       0 2
 377 25006947 25006947       0 2
 378 25006947 25006948       1 2
 379 25008468 25254862  246394 2
 380 25256382 25598691  342309 4
 381 25598691 25598691       0 1
 382 25598691 25598691       0 1
 383 25598691 25598691       0 1
 384 25598691 25598691       0 1
 385 25598691 25601123    2432 1
 386 25610387 25615496    5109 1
 387 25615496 25615496       0 1
 388 25615496 25617043    1547 1
 389 25617043 25618230    1187 1
 390 25618230 25621420    3190 1
 391 25621420 25621420       0 1
 392 25621420 25621420       0 1
 393 25621420 25623031    1611 1
 394 25623031 25624666    1635 1
 395 25624666 25628346    3680 1
 396 25628346 25628346       0 1
 397 25628346 25634998    6652 1
 398 25634998 25634998       0 1
 399 25634998 25634998       0 1
 400 25634998 25634998       0 1
 401 25634998 25658089   23091 1
 402 25663991 25687210   23219 1
 403 25687210 25687210       0 1
 404 25687210 25687210       0 1
 405 25687210 25687210       0 1
 406 25687210 25687210       0 1
 407 25687210 25687210       0 1
 408 25687210 25699309   12099 1
 409 25699309 25699309       0 1
 410 25699309 25699309       0 1
 411 25699309 25699309       0 1
 412 25699309 25699309       0 1
 413 25699309 25699309       0 1
 414 25699309 25699309       0 1
 415 25699309 25711970   12661 1
 416 25711970 25713287    1317 1
 417 25713287 25713820     533 1
 418 25713820 25714034     214 1
 419 25714034 25714135     101 1
 420 25714135 25714279     144 1
 421 25714279 25718548    4269 1
 422 25718548 25724027    5479 1
 423 25724027 25724027       0 1
 424 25724027 25752230   28203 1
 425 25832358 25857387   25029 1
 426 25858907 26045557  186650 2
 427 26047077 26294132  247055 1
 428 26294132 26294133       1 1
 429 26294133 26363945   69812 1
 430 26363945 26523862  159917 1
 431 26523862 26531448    7586 1
 432 26531448 26532168     720 1
 433 26532168 26560081   27913 1
 434 26560081 26560082       1 1
 435 26560082 26561740    1658 1
 436 26561740 26590714   28974 1
 437 26654530 26771572  117042 1
 438 26780184 26915064  134880 1
 439 26915064 26915065       1 1
 440 26916585 27162011  245426 2
 441 27163531 27177083   13552 1
 442 27177083 27199471   22388 1
 443 27212534 27271304   58770 1
 444 27272824 28170977  898153 2
 445 28172497 28202786   30289 1
 446 28202786 28202787       1 1
 447 28202787 28210872    8085 1
 448 28212392 28463197  250805 2
 449 28464717 28517538   52821 1
 450 28517538 28543130   25592 1
 451 28543130 28569116   25986 1
 452 28570636 28726503  155867 2
 453 28728023 28752202   24179 1
 454 28753722 29354434  600712 2
 455 30746552 30944079  197527 4
 456 30944079 30944079       0 2
 457 30944079 30944079       0 2
 458 30944079 30944079       0 2
 459 30944079 30944079       0 2
 460 30944079 30944079       0 2
 461 30944079 30944079       0 2
 462 30944079 30944079       0 2
 463 30944079 30945608    1529 2
 464 31011219 31047192   35973 2
 465 31047192 31047193       1 2
 466 31074685 31104263   29578 2
 467 31104263 31108156    3893 2
 468 31108156 31112251    4095 2
 469 31112251 31112251       0 2
 470 31112251 31126442   14191 2
 471 31219491 31223429    3938 2
 472 31223429 31252989   29560 2
 473 31290358 31591351  300993 4
 474 31591351 31591351       0 1
 475 31591351 31591351       0 1
 476 31591351 31591351       0 1
 477 31591351 31591352       1 1
 478 31591352 31591352       0 1
 479 31591352 31598619    7267 1
 480 31598619 31600544    1925 1
 481 31600544 31600545       1 1
 482 31600545 31616008   15463 1
 483 31616008 31639942   23934 1
 484 31667547 31720756   53209 1
 485 31720756 31720757       1 1
 486 31720757 31726295    5538 1
 487 31748082 31783764   35682 1
 488 31783764 31810377   26613 1
 489 31820725 31854375   33650 1
 490 31854375 31854376       1 1
 491 31854376 31878416   24040 1
 492 31878416 31900854   22438 1
 493 31915331 31939343   24012 1
 494 31940711 32276835  336124 4
 495 32276835 32276836       1 1
 496 32304406 32320117   15711 1
 497 32320117 32347317   27200 1
 498 32395952 32400993    5041 1
 499 32400993 32413531   12538 1
 500 32413531 32441448   27917 1
 501 32485168 32665083  179915 1
 502 32665083 32708306   43223 1
 503 32708306 32861213  152907 1
 504 32861213 32882792   21579 1
 505 32882792 32963228   80436 1
 506 32963228 33130267  167039 1
 507 33130267 33305646  175379 1
 508 33305646 33398067   92421 1
 509 33398067 33428114   30047 1
 510 33429635 33941038  511403 2
 511 33942558 33965293   22735 1
 512 33966813 34217396  250583 2
 513 34218916 34223203    4287 1
 514 34223203 34227146    3943 1
 515 34227146 34249635   22489 1
 516 34308436 34339827   31391 1
 517 34408908 34441977   33069 1
 518 34441977 34460634   18657 1
 519 34460634 34480307   19673 1
 520 34480307 34522982   42675 1
 521 34524502 34736328  211826 2
 522 34737848 34742808    4960 1
 523 34742808 34765938   23130 1
 524 34767458 35396502  629044 2
 525 35727187 35745352   18165 2
 526 35801581 35824176   22595 2
 527 35888521 35910093   21572 2
 528 35911613 36889939  978326 2
 529 36891459 36950058   58599 4
 530 36950058 36950058       0 2
 531 36950058 36960401   10343 2
 532 36961921 37054788   92867 2
 533 37056308 37249292  192984 2
 534 37249292 37249292       0 2
 535 37249292 37250065     773 2
 536 37250065 37250066       1 2
 537 37250066 37272555   22489 2
 538 37303403 37372922   69519 4
 539 37372922 37372922       0 2
 540 37372922 37372922       0 2
 541 37372922 37372922       0 2
 542 37372922 37372922       0 2
 543 37372922 37394058   21136 2
 544 37395578 37528167  132589 2
 545 37529687 37553349   23662 1
 546 37553349 37569059   15710 1
 547 37569059 37573073    4014 1
 548 37576904 37601963   25059 1
 549 37612731 37616931    4200 1
 550 37616931 37616931       0 1
 551 37616931 37624871    7940 1
 552 37624871 37624871       0 1
 553 37624871 37624871       0 1
 554 37624871 37624871       0 1
 555 37624871 37628259    3388 1
 556 37628259 37628259       0 1
 557 37628259 37628259       0 1
 558 37628259 37628487     228 1
 559 37628487 37630981    2494 1
 560 37630981 37630981       0 1
 561 37630981 37630981       0 1
 562 37630981 37630981       0 1
 563 37630981 37633679    2698 1
 564 37633679 37633679       0 1
 565 37633679 37633679       0 1
 566 37633679 37633679       0 1
 567 37633679 37634091     412 1
 568 37634091 37638899    4808 1
 569 37638899 37638899       0 1
 570 37638899 37638899       0 1
 571 37638899 37638899       0 1
 572 37638899 37638899       0 1
 573 37638899 37641652    2753 1
 574 37641652 37641652       0 1
 575 37641652 37643029    1377 1
 576 37643029 37643029       0 1
 577 37643029 37643029       0 1
 578 37643029 37643029       0 1
 579 37643029 37645417    2388 1
 580 37645417 37645417       0 1
 581 37645417 37667956   22539 1
 582 37667956 37667956       0 1
 583 37667956 37667956       0 1
 584 37667956 37667956       0 1
 585 37667956 37679135   11179 1
 586 37679135 37680628    1493 1
 587 37682148 37827162  145014 2
 588 37828682 37858722   30040 1
 589 37858722 37858722       0 1
 590 37858722 37858722       0 1
 591 37858722 37858722       0 1
 592 37858722 37858722       0 1
 593 37858722 37858722       0 1
 594 37858722 37858722       0 1
 595 37858722 37858722       0 1
 596 37858722 37862467    3745 1
 597 37862467 37862467       0 1
 598 37862467 37862467       0 1
 599 37862467 37862467       0 1
 600 37862467 37864504    2037 1
 601 37864504 37887460   22956 1
 602 37887460 37888789    1329 1
 603 37888789 37905621   16832 1
 604 37905621 37992679   87058 4
 605 37992679 37992679       0 1
 606 37992679 38010370   17691 1
 607 38013663 38079707   66044 1
 608 38079707 38079707       0 1
 609 38079707 38079707       0 1
 610 38079707 38101594   21887 1
 611 38101594 38101594       0 1
 612 38101594 38101594       0 1
 613 38101594 38107972    6378 1
 614 38107972 38121512   13540 1
 615 38121512 38121512       0 1
 616 38121512 38121512       0 1
 617 38121512 38121512       0 1
 618 38121512 38122835    1323 1
 619 38122835 38123157     322 1
 620 38123157 38132872    9715 1
 621 38132872 38132872       0 1
 622 38132872 38132872       0 1
 623 38132872 38132872       0 1
 624 38132872 38132872       0 1
 625 38132872 38132872       0 1
 626 38132872 38153780   20908 1
 627 38217371 38244261   26890 1
 628 38244261 38244805     544 1
 629 38244805 38246094    1289 1
 630 38246094 38246095       1 1
 631 38246095 38251954    5859 1
 632 38251954 38333383   81429 4
 633 38333383 38333383       0 1
 634 38333383 38334636    1253 1
 635 38381632 38386251    4619 1
 636 38386251 38417823   31572 1
 637 38431409 38716469  285060 1
 638 38716469 38859105  142636 1
 639 38859105 38868302    9197 1
 640 38868302 38891097   22795 1
 641 38891097 38968604   77507 1
 642 38968604 38968951     347 1
 643 38968951 38990038   21087 1
 644 38991558 40069345 1077787 2
 645 40070865 40083531   12666 1
 646 40085051 40403029  317978 2
 647 40404549 40445035   40486 1
 648 40455750 40499056   43306 1
 649 40499056 40504891    5835 1
 650 40504891 40721329  216438 1
 651 40721329 40722193     864 1
 652 40722193 40723180     987 1
 653 40723180 40724855    1675 1
 654 40724855 40727826    2971 1
 655 40727826 40727826       0 1
 656 40727826 40727826       0 1
 657 40727826 40728560     734 1
 658 40728560 40728560       0 1
 659 40728560 40729126     566 1
 660 40729126 40731546    2420 1
 661 40731546 40731546       0 1
 662 40731546 40747555   16009 1
 663 40747555 40747555       0 1
 664 40747555 40759171   11616 1
 665 40760691 41337740  577049 2
 666 41339260 41385851   46591 1
 667 41385851 41410097   24246 1
 668 41593739 41616105   22366 2
 669 41699623 41705534    5911 2
 670 41705534 41714787    9253 2
 671 41714787 41734020   19233 2
 672 41734020 41734020       0 2
 673 41734020 41759998   25978 2
 674 41815799 41854020   38221 2
 675 41896238 41919500   23262 2
 676 41921020 42852477  931457 2
 677 42853997 42856566    2569 2
 678 42856566 42885520   28954 2
 679 42887040 43082442  195402 2
 680 43083962 43170252   86290 2
 681 43170252 43297994  127742 4
 682 43297994 43350898   52904 4
 683 43350898 43350898       0 2
 684 43350898 43350898       0 2
 685 43350898 43350898       0 2
 686 43350898 43356598    5700 2
 687 43356598 43356598       0 2
 688 43356598 43356598       0 2
 689 43356598 43356598       0 2
 690 43356598 43359245    2647 2
 691 43359245 43359246       1 2
 692 43359246 43361787    2541 2
 693 43361787 43361787       0 2
 694 43361787 43361787       0 2
 695 43361787 43361787       0 2
 696 43361787 43384396   22609 2
 697 43415165 43446434   31269 2
 698 43446434 43446435       1 2
 699 43446435 43450229    3794 2
 700 43450229 43454147    3918 2
 701 43454147 43476176   22029 2
 702 43476176 43484030    7854 2
 703 43484030 43486326    2296 2
 704 43486326 43488314    1988 1
 705 43488314 43493985    5671 1
 706 43493985 43506708   12723 1
 707 43506708 43512297    5589 1
 708 43512297 43512297       0 1
 709 43512297 43512297       0 1
 710 43512297 43512576     279 1
 711 43512576 43515954    3378 1
 712 43515954 43539304   23350 1
 713 43539304 43552249   12945 1
 714 43553062 43577618   24556 1
 715 43592157 43600680    8523 1
 716 43600680 43600680       0 1
 717 43600680 43600680       0 1
 718 43600680 43601956    1276 1
 719 43601956 43606347    4391 1
 720 43606347 43606347       0 1
 721 43606347 43606939     592 1
 722 43606939 43606939       0 1
 723 43606939 43617529   10590 1
 724 43617529 43617529       0 1
 725 43617529 43617529       0 1
 726 43617529 43617529       0 1
 727 43617529 43617529       0 1
 728 43617529 43617529       0 1
 729 43617529 43617529       0 1
 730 43617529 43617529       0 1
 731 43617529 43617529       0 1
 732 43617529 43617529       0 1
 733 43617529 43617529       0 1
 734 43617529 43617529       0 1
 735 43617529 43617529       0 1
 736 43617529 43617529       0 1
 737 43617529 43617529       0 1
 738 43617529 43617529       0 1
 739 43617529 43617529       0 1
 740 43617529 43622988    5459 1
 741 43622988 43622988       0 1
 742 43622988 43622988       0 1
 743 43622988 43622988       0 1
 744 43622988 43622988       0 1
 745 43622988 43622988       0 1
 746 43622988 43622988       0 1
 747 43622988 43628724    5736 1
 748 43628724 43628724       0 1
 749 43628724 43628724       0 1
 750 43628724 43629068     344 1
 751 43629068 43632514    3446 1
 752 43632514 43634701    2187 1
 753 43634701 43658038   23337 1
 754 43658038 43658038       0 1
 755 43658038 43658998     960 1
 756 43677899 43691639   13740 1
 757 43691639 43694054    2415 1
 758 43694054 43708812   14758 1
 759 43708812 43708812       0 1
 760 43708812 43708812       0 1
 761 43708812 43718792    9980 1
 762 43718792 43718792       0 1
 763 43718792 43719890    1098 1
 764 43719890 43722636    2746 1
 765 43722636 43723663    1027 1
 766 43723663 43759442   35779 1
 767 43760962 44021092  260130 2
 768 44022612 44051625   29013 4
 769 44051625 44051625       0 1
 770 44051625 44051625       0 1
 771 44051625 44051625       0 1
 772 44051625 44051625       0 1
 773 44051625 44057897    6272 1
 774 44059417 44173055  113638 2
 775 44174575 44831591  657016 4
 776 44831591 44831592       1 1
 777 44833112 46186468 1353356 2
 778 46187988 46212751   24763 1
 779 46287131 46297527   10396 1
 780 46297527 46302736    5209 1
 781 46302736 46314077   11341 1
 782 46314077 46314077       0 1
 783 46314077 46319847    5770 1
 784 46319847 46343777   23930 1
 785 46343777 46357971   14194 1
 786 46357971 46362495    4524 1
 787 46362495 46386281   23786 1
 788 46387801 46700293  312492 2
 789 46701813 46743917   42104 1
 790 46745437 46855796  110359 2
 791 46857316 46859922    2606 1
 792 46859922 46945512   85590 1
 793 46959605 46986652   27047 1
 794 46986652 46986652       0 1
 795 46986652 47009287   22635 1
 796 47010807 47386378  375571 2
 797 47387898 47392967    5069 1
 798 47392967 47392967       0 1
 799 47392967 47417188   24221 1
 800 47417188 47423369    6181 1
 801 47435469 47459806   24337 1
 802 47459806 47462491    2685 1
 803 47462491 47474376   11885 1
 804 47474376 47476646    2270 1
 805 47476646 47500048   23402 1
 806 47839177 47846343    7166 2
 807 47846343 47871452   25109 2
 808 47872972 47978926  105954 2
 809 47980446 48008036   27590 2
 810 48008036 48008037       1 2
 811 48008037 48008424     387 2
 812 48008424 48031797   23373 2
 813 48094907 48106971   12064 2
 814 48106971 48136917   29946 2
 815 48138437 48249390  110953 2
 816 48250910 48277437   26527 2
 817 48278957 48595558  316601 2
 818 48597078 48602141    5063 2
 819 48602141 48628219   26078 2
 820 48633716 48658250   24534 2
 821 48658250 48663127    4877 2
 822 48663127 48666882    3755 2
 823 48666882 48668999    2117 2
 824 48668999 48676502    7503 2
 825 48676502 48679453    2951 2
 826 48679453 48684260    4807 2
 827 48684260 48692150    7890 2
 828 48692150 48699479    7329 2
 829 48699479 48702798    3319 2
 830 48702798 48712506    9708 2
 831 48712506 48712506       0 2
 832 48712506 48712506       0 2
 833 48712506 48737452   24946 2
 834 48744929 48768439   23510 2
 835 48768439 48788177   19738 2
 836 48788177 48851470   63293 2
 837 48851470 49007974  156504 2
 838 49007974 49274658  266684 2
 839 49274658 49461068  186410 4
 840 49461068 49461068       0 2
 841 49461068 49461068       0 2
 842 49461068 49461068       0 2
 843 49461068 49461068       0 2
 844 49461068 49461068       0 2
 845 49461068 49461068       0 2
 846 49461068 49461068       0 2
 847 49461068 49461068       0 2
 848 49461068 49461068       0 2
 849 49461068 49461068       0 2
 850 49461068 49461068       0 2
 851 49461068 49461068       0 2
 852 49461068 49471983   10915 2
 853 49471983 49472377     394 2
 854 49472377 49472725     348 2
 855 49472725 49494182   21457 2
 856 49494182 49494182       0 2
 857 49494182 49516837   22655 2
 858 49528172 49536474    8302 1
 859 49536474 49559818   23344 1
 860 49569772 49578308    8536 1
 861 49578308 49578308       0 1
 862 49578308 49578387      79 1
 863 49578387 49578482      95 1
 864 49578482 49579818    1336 1
 865 49579818 49580427     609 1
 866 49580427 49581880    1453 1
 867 49581880 49581880       0 1
 868 49581880 49583500    1620 1
 869 49583500 49584407     907 1
 870 49584407 49584912     505 1
 871 49584912 49585009      97 1
 872 49585009 49588219    3210 1
 873 49588219 49588219       0 1
 874 49588219 49588219       0 1
 875 49588219 49588219       0 1
 876 49588219 49588219       0 1
 877 49588219 49588219       0 1
 878 49588219 49588219       0 1
 879 49588219 49590051    1832 1
 880 49590051 49590051       0 1
 881 49590051 49590051       0 1
 882 49590051 49590051       0 1
 883 49590051 49590051       0 1
 884 49590051 49590051       0 1
 885 49590051 49591695    1644 1
 886 49591695 49591695       0 1
 887 49591695 49593610    1915 1
 888 49593610 49593610       0 1
 889 49593610 49593610       0 1
 890 49593610 49594160     550 1
 891 49594160 49594533     373 1
 892 49594533 49595383     850 1
 893 49595383 49596175     792 1
 894 49596175 49598038    1863 1
 895 49598038 49598598     560 1
 896 49598598 49603414    4816 1
 897 49603414 49603414       0 1
 898 49603414 49605733    2319 1
 899 49605733 49607475    1742 1
 900 49607475 49607475       0 1
 901 49607475 49611184    3709 1
 902 49611184 49642664   31480 1
 903 49652953 49668754   15801 1
 904 49668754 49677816    9062 1
 905 49677816 49677816       0 1
 906 49677816 49684271    6455 1
 907 49684271 49685054     783 1
 908 49685054 49707017   21963 1
 909 49707017 49710109    3092 1
 910 49710109 49715917    5808 1
 911 49715917 49717438    1521 1
 912 49717438 49717668     230 1
 913 49717668 49739687   22019 1
 914 49739687 49747568    7881 1
 915 49828026 49840550   12524 1
 916 49840550 49840550       0 1
 917 49840550 49850746   10196 1
 918 49850746 49873629   22883 1
 919 49873629 49873630       1 1
 920 49873630 49876298    2668 1
 921 49876298 49883297    6999 1
 922 49883297 49885215    1918 1
 923 49885215 49912692   27477 1
 924 49912692 49912692       0 1
 925 49912692 49915483    2791 1
 926 49920572 49928174    7602 1
 927 49928174 49928174       0 1
 928 49928174 49935180    7006 1
 929 49935180 49957881   22701 1
 930 49974509 49997106   22597 1
 931 49997106 50001309    4203 1
 932 50002829 51040345 1037516 2
 933 51041865 51098184   56319 1
 934 51098184 51098184       0 1
 935 51098184 51111791   13607 1
 936 51111791 51133197   21406 1
 937 51134717 51393565  258848 2
 938 51395085 51465816   70731 1
 939 51465816 51527487   61671 1
 940 51527487 52024418  496931 1
 941 52024418 52030718    6300 1
 942 52030718 52031851    1133 1
 943 52031851 52053741   21890 1
 944 52053741 52053741       0 1
 945 52053741 52055087    1346 1
 946 52055087 52058443    3356 1
 947 52058443 52058638     195 1
 948 52058638 52059414     776 1
 949 52059414 52060578    1164 1
 950 52060578 52060578       0 1
 951 52060578 52072414   11836 1
 952 52072414 52072414       0 1
 953 52072414 52072414       0 1
 954 52072414 52072414       0 1
 955 52072414 52072414       0 1
 956 52072414 52072414       0 1
 957 52072414 52072414       0 1
 958 52072414 52072414       0 1
 959 52072414 52096965   24551 1
 960 52096965 52096966       1 1
 961 52098486 52392977  294491 2
 962 52394497 52410596   16099 1
 963 52410596 52410596       0 1
 964 52410596 52410596       0 1
 965 52410596 52410596       0 1
 966 52410596 52412487    1891 1
 967 52412487 52432354   19867 1
 968 52433874 52776050  342176 2
 969 52777570 52781357    3787 1
 970 52781357 52783400    2043 1
 971 52783400 52808102   24702 1
 972 52808102 52816766    8664 1
 973 52818286 53522693  704407 2
 974 53583457 53838471  255014 2
 975 53838471 53841287    2816 2
 976 53842807 54012626  169819 2
 977 54014146 54016656    2510 2
 978 54016656 54066050   49394 2
 979 54066050 54066051       1 2
 980 54066051 54069126    3075 2
 981 54069126 54091873   22747 2
 982 54105299 54206397  101098 2
 983 54206397 54206397       0 2
 984 54206397 54234025   27628 2
 985 54235545 54351658  116113 2
 986 54353178 54391681   38503 2
 987 54391681 54437912   46231 2
 988 54437912 54477711   39799 2
 989 54477711 54504663   26952 2
 990 54504663 54516196   11533 2
 991 54516196 54520991    4795 2
 992 54520991 54545072   24081 2
 993 54545072 54874936  329864 2
 994 54874936 55012167  137231 2
 995 55012167 55236554  224387 2
 996 55236554 55392716  156162 4
 997 55392716 55392716       0 2
 998 55392716 55392716       0 2
 999 55392716 55392716       0 2
1000 55392716 55392716       0 2
1001 55392716 55392716       0 2
1002 55392716 55405053   12337 2
1003 55414564 55430636   16072 2
1004 55430636 55430636       0 2
1005 55430636 55430636       0 2
1006 55430636 55430636       0 2
1007 55430636 55435959    5323 2
1008 55435959 55435959       0 2
1009 55435959 55442930    6971 2
1010 55442930 55443207     277 2
1011 55443207 55445910    2703 2
1012 55445910 55468523   22613 2
1013 55493357 55533443   40086 2
1014 55558191 55563339    5148 1
1015 55563339 55563339       0 1
1016 55563339 55565305    1966 1
1017 55565305 55570205    4900 1
1018 55570205 55570783     578 1
1019 55570783 55574937    4154 1
1020 55574937 55574937       0 1
1021 55574937 55574937       0 1
1022 55574937 55574937       0 1
1023 55574937 55574937       0 1
1024 55574937 55574937       0 1
1025 55574937 55574937       0 1
1026 55574937 55576514    1577 1
1027 55576514 55577523    1009 1
1028 55577523 55577523       0 1
1029 55577523 55581192    3669 1
1030 55581192 55581879     687 1
1031 55581879 55603988   22109 1
1032 55603988 55603988       0 1
1033 55603988 55603988       0 1
1034 55603988 55619430   15442 1
1035 55624442 55650392   25950 1
1036 55650392 55650392       0 1
1037 55650392 55650392       0 1
1038 55650392 55659206    8814 1
1039 55659206 55681067   21861 1
1040 55681067 55682543    1476 1
1041 55682543 55684019    1476 1
1042 55684019 55688603    4584 1
1043 55739894 55777132   37238 1
1044 55777132 55777132       0 1
1045 55777132 55777132       0 1
1046 55777132 55777459     327 1
1047 55777459 55779583    2124 1
1048 55779583 55779583       0 1
1049 55779583 55784459    4876 1
1050 55784459 55785805    1346 1
1051 55785805 55785805       0 1
1052 55785805 55793570    7765 1
1053 55793570 55793570       0 1
1054 55793570 55816526   22956 1
1055 55818046 55957439  139393 2
1056 55958959 55962885    3926 1
1057 55962885 55966033    3148 1
1058 55966033 55982270   16237 1
1059 55982270 55982270       0 1
1060 55982270 55982270       0 1
1061 55982270 55982270       0 1
1062 55982270 55982270       0 1
1063 55982270 55982270       0 1
1064 55982270 56002250   19980 1
1065 56002250 56002516     266 1
1066 56002516 56026000   23484 1
1067 56026000 56026000       0 1
1068 56026000 56026000       0 1
1069 56026000 56032385    6385 1
1070 56032385 56036850    4465 1
1071 56036850 56042720    5870 1
1072 56042720 56045310    2590 1
1073 56045310 56067493   22183 1
1074 56069013 56165526   96513 2
1075 56167046 56193262   26216 1
1076 56193262 56193263       1 1
1077 56195696 56196290     594 1
1078 56196290 56200957    4667 1
1079 56200957 56200957       0 1
1080 56200957 56216054   15097 1
1081 56216054 56216054       0 1
1082 56216054 56216054       0 1
1083 56216054 56216054       0 1
1084 56216054 56218311    2257 1
1085 56218311 56240783   22472 1
1086 56242303 56379735  137432 2
1087 56381255 56428273   47018 1
1088 56428273 56432028    3755 1
1089 56432028 56454688   22660 1
1090 56481018 56482488    1470 1
1091 56482488 56482488       0 1
1092 56482488 56491900    9412 1
1093 56491900 56516186   24286 1
1094 56517706 56757592  239886 2
1095 56759112 56768209    9097 1
1096 56768209 56774155    5946 1
1097 56774155 56783983    9828 1
1098 56783983 56785552    1569 1
1099 56785552 56808644   23092 1
1100 56808644 56808644       0 1
1101 56808644 56810489    1845 1
1102 56820831 56843715   22884 1
1103 56843715 56843943     228 1
1104 56843943 56865782   21839 1
1105 56873771 56906576   32805 1
1106 56908096 57021770  113674 2
1107 57023290 57040696   17406 1
1108 57040696 57049956    9260 1
1109 57049956 57074264   24308 1
1110 57161698 57224942   63244 1
1111 57224942 57237454   12512 1
1112 57237454 57306116   68662 1
1113 57307636 58453769 1146133 2
1114 58455289 58488737   33448 1
1115 58488737 58488737       0 1
1116 58488737 58490683    1946 1
1117 58490683 58490684       1 1
1118 58490684 58506606   15922 1
1119 58508126 58639380  131254 2
1120 58640900 58671170   30270 1
1121 58733429 59099536  366107 1
1122 59101057 59564757  463700 2
1123 60486915 60678099  191184 2
1124 60678099 60735758   57659 2
1125 60735758 60851838  116080 2
1126 60851838 60851839       1 2
1127 60891719 60930882   39163 2
1128 60930882 61110885  180003 2
1129 61110885 61194040   83155 2
1130 61194040 61413149  219109 4
1131 61413149 61413150       1 2
1132 61413150 61418207    5057 2
1133 61418207 61418670     463 2
1134 61418670 61419271     601 2
1135 61419271 61435988   16717 2
1136 61435988 61464653   28665 2
1137 61464653 61499206   34553 2
1138 61500726 61598327   97601 2
1139 61599847 61604531    4684 1
1140 61604531 61616461   11930 1
1141 61616461 61616461       0 1
1142 61616461 61616461       0 1
1143 61616461 61616698     237 1
1144 61616698 61619882    3184 1
1145 61619882 61624742    4860 1
1146 61624742 61627394    2652 1
1147 61627394 61628855    1461 1
1148 61628855 61636944    8089 1
1149 61636944 61637959    1015 1
1150 61637959 61638482     523 1
1151 61638482 61640174    1692 1
1152 61640174 61656783   16609 1
1153 61656783 61656783       0 1
1154 61656783 61678903   22120 1
1155 61708952 61759886   50934 4
1156 61759886 61759886       0 1
1157 61759886 61759886       0 1
1158 61759886 61759886       0 1
1159 61759886 61759886       0 1
1160 61759886 61759886       0 1
1161 61759886 61767377    7491 1
1162 61768897 61905928  137031 2
1163 61907448 61929485   22037 1
1164 61975656 61982205    6549 1
1165 61982205 61985059    2854 1
1166 61985059 61988622    3563 1
1167 61988622 61991065    2443 1
1168 61991065 61991065       0 1
1169 61991065 61991403     338 1
1170 61991403 62014182   22779 1
1171 62014182 62020190    6008 1
1172 62030433 62057545   27112 1
1173 62057545 62057545       0 1
1174 62057545 62057545       0 1
1175 62057545 62057545       0 1
1176 62057545 62057545       0 1
1177 62057545 62057545       0 1
1178 62057545 62057545       0 1
1179 62057545 62057545       0 1
1180 62057545 62057545       0 1
1181 62057545 62077704   20159 1
1182 62077704 62082643    4939 1
1183 62094942 62100799    5857 1
1184 62100799 62124940   24141 1
1185 62124940 62124941       1 1
1186 62124941 62131808    6867 1
1187 62131808 62171846   40038 1
1188 62171846 62182777   10931 1
1189 62256894 62401510  144616 1
1190 62401510 62799763  398253 1
1191 62799763 62953094  153331 1
1192 62954614 64521115 1566501 2
1193 64522635 64528838    6203 1
1194 64528838 64535887    7049 1
1195 64535887 64542444    6557 1
1196 64542444 64557519   15075 1
1197 64557519 64557519       0 1
1198 64557519 64557519       0 1
1199 64557519 64557519       0 1
1200 64557519 64557519       0 1
1201 64557519 64558128     609 1
1202 64558128 64560874    2746 1
1203 64560874 64561289     415 1
1204 64561289 64561289       0 1
1205 64561289 64561289       0 1
1206 64561289 64562808    1519 1
1207 64562808 64563163     355 1
1208 64563163 64588820   25657 1
1209 64588820 64588820       0 1
1210 64588820 64593880    5060 1
1211 64615123 64648488   33365 1
1212 64719184 65105031  385847 1
1213 65105031 65105031       0 1
1214 65105031 65110171    5140 1
1215 65110171 65133511   23340 1
1216 65135031 65606823  471792 2
1217 66555912 66635399   79487 2
1218 66635399 66635399       0 2
1219 66635399 66681432   46033 2
1220 66681432 66698640   17208 2
1221 66698640 66699088     448 2
1222 66699088 66724695   25607 2
1223 66724695 66724696       1 2
1224 66726216 66876530  150314 2
1225 66878050 66889418   11368 2
1226 66906604 66969913   63309 4
1227 66969913 66969913       0 2
1228 66969913 66969914       1 2
1229 66969914 67008538   38624 2
1230 67008538 67026405   17867 2
1231 67026405 67050773   24368 2
1232 67050773 67165174  114401 2
1233 67165174 67373478  208304 4
1234 67373478 67373478       0 2
1235 67373478 67391583   18105 2
1236 67437315 67447559   10244 2
1237 67447559 67450893    3334 2
1238 67450893 67478268   27375 2
1239 67478268 67478269       1 2
1240 67483069 67507499   24430 2
1241 67548840 67572617   23777 2
1242 67583627 67608582   24955 2
1243 67608582 67608583       1 2
1244 67615263 67648370   33107 2
1245 67648370 67648370       0 1
1246 67648370 67658190    9820 1
1247 67704874 67706995    2121 1
1248 67706995 67737864   30869 4
1249 67737864 67737864       0 1
1250 67737864 67737864       0 1
1251 67737864 67737864       0 1
1252 67737864 67737864       0 1
1253 67737864 67746761    8897 1
1254 67779943 67787475    7532 1
1255 67787475 67796372    8897 1
1256 67796372 67818628   22256 1
1257 67818628 67818629       1 1
1258 67825955 67832027    6072 1
1259 67832027 67840844    8817 1
1260 67840844 67862516   21672 1
1261 67877579 67899882   22303 1
1262 67899882 67918341   18459 1
1263 67918341 67928509   10168 1
1264 67928509 67928820     311 1
1265 67928820 67931588    2768 1
1266 67931588 67957935   26347 1
1267 67957935 67957936       1 1
1268 67957936 67959031    1095 1
1269 67959031 67960494    1463 1
1270 67960494 67965677    5183 1
1271 67965677 67969134    3457 1
1272 67969134 67975817    6683 1
1273 67975817 67994337   18520 1
1274 67994337 67994337       0 1
1275 67994337 67994337       0 1
1276 67994337 67994337       0 1
1277 67994337 67994337       0 1
1278 67994337 68005625   11288 1
1279 68005625 68005625       0 1
1280 68005625 68030830   25205 1
1281 68030830 68033516    2686 1
1282 68033516 68043959   10443 1
1283 68043959 68043960       1 1
1284 68043960 68051561    7601 1
1285 68051561 68054853    3292 1
1286 68054853 68056237    1384 1
1287 68056237 68069811   13574 1
1288 68069811 68075826    6015 1
1289 68075826 68075826       0 1
1290 68075826 68076038     212 1
1291 68076038 68098473   22435 1
1292 68098473 68098473       0 1
1293 68098473 68098473       0 1
1294 68098473 68098473       0 1
1295 68098473 68121556   23083 1
1296 68121556 68121556       0 1
1297 68121556 68121556       0 1
1298 68121556 68121556       0 1
1299 68121556 68121556       0 1
1300 68121556 68121556       0 1
1301 68121556 68121556       0 1
1302 68121556 68125088    3532 1
1303 68125088 68148798   23710 1
1304 68150318 68429430  279112 2
1305 68430950 68684754  253804 1
1306 68686274 70663985 1977711 2
1307 70665505 70669189    3684 1
1308 70669189 70693073   23884 1
1309 70693073 71045926  352853 1
1310 71045926 71069618   23692 1
1311 71069618 71069619       1 1
1312 71071139 71648888  577749 2
1313 72007846 72038877   31031 2
1314 72038877 72038878       1 2
1315 72098812 72218478  119666 2
1316 72218478 72364254  145776 2
1317 72364254 72364254       0 2
1318 72364254 72367576    3322 2
1319 72367576 72590996  223420 2
1320 72590996 72847431  256435 4
1321 72847431 72847432       1 2
1322 72888409 72912220   23811 2
1323 72912220 72912220       0 2
1324 72912220 72912220       0 2
1325 72912220 72912220       0 2
1326 72912220 72913309    1089 2
1327 72913309 72929367   16058 2
1328 72929367 72929367       0 2
1329 72929367 72929367       0 2
1330 72929367 72952068   22701 2
1331 72952068 72952069       1 2
1332 72952069 72967924   15855 2
1333 72967924 72967980      56 2
1334 72967980 72970121    2141 2
1335 72970121 72971872    1751 2
1336 72971872 72975276    3404 2
1337 72975276 72977269    1993 2
1338 72977269 72999981   22712 2
1339 72999981 73006966    6985 2
1340 73006966 73006967       1 2
1341 73006967 73030119   23152 2
1342 73030119 73073991   43872 2
1343 73073991 73073992       1 2
1344 73095567 73097681    2114 2
1345 73097681 73156599   58918 2
1346 73156599 73156600       1 2
1347 73156600 73162488    5888 2
1348 73162488 73170419    7931 2
1349 73170419 73242020   71601 4
1350 73242020 73242020       0 2
1351 73242020 73242020       0 2
1352 73242020 73256951   14931 2
1353 73256951 73256952       1 2
1354 73256952 73261317    4365 2
1355 73261317 73262298     981 2
1356 73262298 73267297    4999 2
1357 73267297 73297939   30642 2
1358 73297939 73297940       1 2
1359 73301572 73303879    2307 2
1360 73303879 73315644   11765 2
1361 73315644 73315644       0 2
1362 73315644 73340143   24499 2
1363 73350869 73364222   13353 2
1364 73364222 73398983   34761 2
1365 73398983 73405263    6280 2
1366 73405263 73406028     765 2
1367 73406028 73408715    2687 2
1368 73408715 73408715       0 2
1369 73408715 73434813   26098 2
1370 73434813 73437712    2899 2
1371 73437712 73440820    3108 2
1372 73440820 73444066    3246 2
1373 73444066 73447314    3248 2
1374 73447314 73472314   25000 2
1375 73472314 73472315       1 2
1376 73473835 73655513  181678 2
1377 73657033 73663451    6418 2
1378 73663451 73667063    3612 2
1379 73667063 73672838    5775 2
1380 73672838 73672838       0 2
1381 73672838 73672838       0 2
1382 73672838 73672838       0 2
1383 73672838 73674090    1252 2
1384 73674090 73675103    1013 2
1385 73675103 73675103       0 2
1386 73675103 73675145      42 2
1387 73675145 73676197    1052 2
1388 73676197 73676197       0 2
1389 73676197 73698470   22273 2
1390 73698470 73698470       0 1
1391 73698470 73698470       0 1
1392 73698470 73704360    5890 1
1393 73704360 73704360       0 1
1394 73704360 73795669   91309 4
1395 73795669 73795669       0 1
1396 73795669 73795669       0 1
1397 73795669 73795669       0 1
1398 73795669 73803130    7461 1
1399 73803130 73816086   12956 1
1400 73816086 73838583   22497 1
1401 73838583 73840301    1718 1
1402 73874247 73889872   15625 1
1403 73889872 73889872       0 1
1404 73889872 73904398   14526 1
1405 73904398 73910870    6472 1
1406 73910870 73910870       0 1
1407 73910870 73930757   19887 1
1408 73930757 73930757       0 1
1409 73930757 73933364    2607 1
1410 73933364 73946300   12936 1
1411 73946300 73946300       0 1
1412 73946300 73946300       0 1
1413 73946300 73948933    2633 1
1414 73948933 73964915   15982 1
1415 73964915 73964915       0 1
1416 73964915 73964915       0 1
1417 73964915 73964915       0 1
1418 73964915 73973233    8318 1
1419 73973233 73995110   21877 1
1420 73995110 74001992    6882 1
1421 74001992 74001993       1 1
1422 74001993 74006717    4724 1
1423 74006717 74030198   23481 1
1424 74030198 74032295    2097 1
1425 74032295 74068652   36357 1
1426 74068652 74068653       1 1
1427 74098066 74122860   24794 1
1428 74122860 74122861       1 1
1429 74124381 74284780  160399 2
1430 74286300 74311190   24890 1
1431 74311190 74340646   29456 1
1432 74340646 74340647       1 1
1433 74342167 75280940  938773 2
1434 75282460 75304383   21923 1
1435 75305903 75662052  356149 2
1436 75663572 75685573   22001 1
1437 75687093 76542142  855049 2
1438 76543662 76600498   56836 1
1439 76600498 76600499       1 1
1440 76602019 77690950 1088931 2
1441 77744001 77841815   97814 2
1442 77841815 78071939  230124 2
1443 78071939 78232321  160382 2
1444 78232321 78237637    5316 2
1445 78237637 78279508   41871 2
1446 78279508 78321802   42294 2
1447 78321802 78350306   28504 2
1448 78350306 78396685   46379 2
1449 78396685 78404284    7599 2
1450 78404284 78422016   17732 2
1451 78422016 78547088  125072 2
1452 78547088 78553258    6170 2
1453 78553258 78590602   37344 4
1454 78590602 78975351  384749 4
1455 78975351 78975352       1 2
1456 78988050 78990526    2476 2
1457 78990526 78991407     881 2
1458 78991407 79016449   25042 2
1459 79016449 79025396    8947 2
1460 79047176 79074066   26890 2
1461 79074066 79074067       1 2
1462 79111023 79116846    5823 2
1463 79116846 79139775   22929 2
1464 79139775 79162674   22899 2
1465 79165490 79167523    2033 2
1466 79167523 79172838    5315 2
1467 79172838 79194977   22139 2
1468 79194977 79194977       0 2
1469 79194977 79212588   17611 2
1470 79225567 79262841   37274 4
1471 79262841 79262841       0 2
1472 79262841 79262841       0 2
1473 79262841 79262841       0 2
1474 79262841 79280360   17519 2
1475 79280360 79280360       0 2
1476 79280360 79281104     744 2
1477 79281104 79283780    2676 2
1478 79283780 79296519   12739 2
1479 79296519 79296519       0 2
1480 79296519 79297833    1314 2
1481 79297833 79302958    5125 2
1482 79302958 79314271   11313 2
1483 79314271 79314271       0 2
1484 79314271 79314271       0 2
1485 79314271 79314271       0 2
1486 79314271 79314271       0 2
1487 79314271 79314271       0 2
1488 79314271 79338234   23963 2
1489 79338234 79348965   10731 2
1490 79375041 79380702    5661 2
1491 79380702 79386302    5600 2
1492 79386302 79386302       0 2
1493 79386302 79409752   23450 2
1494 79409752 79411766    2014 2
1495 79441836 79500497   58661 2
1496 79547230 79578007   30777 2
1497 79578007 79585339    7332 2
1498 79585339 79594066    8727 2
1499 79594066 79603644    9578 2
1500 79603644 79603644       0 2
1501 79603644 79630967   27323 2
1502 79691348 79815066  123718 4
1503 79815066 79815066       0 1
1504 79815066 79815066       0 1
1505 79815066 79819812    4746 1
1506 79849429 79858323    8894 1
1507 79858323 79880178   21855 1
1508 79880178 79893149   12971 1
1509 79893149 79906955   13806 1
1510 79908475 80131542  223067 2
1511 80133062 80294516  161454 1
1512 80294516 80294517       1 1
1513 80343917 80369937   26020 1
1514 80403992 80435349   31357 1
1515 80435349 80435349       0 1
1516 80435349 80435349       0 1
1517 80435349 80435349       0 1
1518 80435349 80435349       0 1
1519 80435349 80437164    1815 1
1520 80437164 80460581   23417 1
1521 80460581 80477262   16681 1
1522 80478782 81452038  973256 2
1523 81453558 81474655   21097 1
1524 81474655 81479941    5286 1
1525 81481461 82088657  607196 2
1526 82090177 82124406   34229 1
1527 82124406 82124406       0 1
1528 82124406 82138949   14543 1
1529 82138949 82170801   31852 1
1530 82205540 82211117    5577 1
1531 82211117 82233548   22431 1
1532 82235068 82518194  283126 2
1533 82519714 83166359  646645 1
1534 83166359 83173455    7096 1
1535 83173455 83197997   24542 1
1536 83199517 83443735  244218 2
1537 83445255 83467674   22419 1
1538 83469194 83733037  263843 2
1539 84396037 84584955  188918 4
1540 84584955 84584955       0 2
1541 84584955 84584955       0 2
1542 84584955 84584955       0 2
1543 84584955 84584955       0 2
1544 84584955 84584955       0 2
1545 84584955 84584955       0 2
1546 84584955 84624980   40025 2
1547 84624980 84624981       1 2
1548 84644531 84672538   28007 2
1549 84674058 85030345  356287 2
1550 85031865 85041981   10116 2
1551 85043501 85334193  290692 2
1552 85335713 85515902  180189 4
1553 85515902 85515902       0 2
1554 85515902 85515902       0 2
1555 85515902 85515902       0 2
1556 85515902 85515902       0 2
1557 85515902 85515902       0 2
1558 85515902 85515902       0 2
1559 85515902 85519732    3830 2
1560 85519732 85521039    1307 2
1561 85522559 85656685  134126 2
1562 85658205 85690093   31888 4
1563 85690093 85690093       0 2
1564 85690093 85690093       0 2
1565 85690093 85700548   10455 2
1566 85740029 85749447    9418 2
1567 85749447 85774037   24590 2
1568 85774037 85774037       0 1
1569 85774037 85796808   22771 1
1570 85808147 85843393   35246 1
1571 85843393 85843393       0 1
1572 85843393 85851159    7766 1
1573 85851159 85876439   25280 1
1574 85877959 86168438  290479 2
1575 86169958 86202886   32928 1
1576 86202886 86205649    2763 1
1577 86208607 86293335   84728 1
1578 86293335 86293336       1 1