   0   303777  1003087  699310 1
   1  1003087  1003088       1 1
   2  1003088  1004468    1380 1
   3  1004468  1004469       1 1
   4  1004469  1017628   13159 1
   5  1017628  1022062    4434 1
   6  1022062  1027311    5249 1
   7  1028832  1543912  515080 2
   8  2323518  2961351  637833 4
   9  2962871  3241370  278499 2
  10  3242890  3279617   36727 4
  11  3279617  3279617       0 2
  12  3279617  3279618       1 2
  13  3279618  3302018   22400 2
  14  3302018  3302019       1 2
  15  3302019  3320787   18768 2
  16  3320787  3322313    1526 2
  17  3322313  3323587    1274 2
  18  3323587  3344093   20506 2
  19  3344093  3346265    2172 2
  20  3346265  3354607    8342 2
  21  3354607  3365832   11225 2
  22  3420209  3547098  126889 4
  23  3547098  3547098       0 2
  24  3547098  3547099       1 2
  25  3547099  3548614    1515 2
  26  3548614  3564529   15915 2
  27  3564529  3565613    1084 2
  28  3565613  3583046   17433 2
  29  3583046  3583047       1 2
  30  3583047  3598629   15582 2
  31  3598629  3615285   16656 1
  32  3615285  3616449    1164 1
  33  3616449  3646120   29671 1
  34  3646120  3646121       1 1
  35  3646121  3656276   10155 1
  36  3656276  3661095    4819 1
  37  3661095  3667854    6759 1
  38  3669374  4012168  342794 2
  39  4013688  4040647   26959 1
  40  4040647  4058819   18172 1
  41  4058819  4058820       1 1
  42  4058820  4061949    3129 1
  43  4061949  4069829    7880 1
  44  4071349  4441366  370017 2
  45  4442886  4469856   26970 1
  46  4469856  4495606   25750 1
  47  4495606  4507384   11778 1
  48  4507384  4507384       0 1
  49  4507384  4507385       1 1
  50  4508905  5235295  726390 2
  51  5236815  5265341   28526 1
  52  5265341  5267037    1696 1
  53  5267037  5275707    8670 1
  54  5275707  5275708       1 1
  55  5299756  5321746   21990 1
  56  5321746  5344715   22969 1
  57  5344715  5344715       0 1
  58  5344715  5344715       0 1
  59  5344715  5344716       1 1
  60  5344716  5354158    9442 1
  61  5354158  5354159       1 1
  62  5354159  5355863    1704 1
  63  5355863  5359494    3631 1
  64  5413246  5439215   25969 1
  65  5439215  5796806  357591 1
  66  5798326  6345945  547619 2
  67  6347465  6988223  640758 1
  68  6988223  6988888     665 1
  69  6990408  7586055  595647 2
  70  7724640  8305873  581233 2
  71  8305873  8369776   63903 2
  72  8369776  8369777       1 2
  73  8391255  8420509   29254 2
  74  8443068  8465800   22732 2
  75  8470445  8495975   25530 2
  76  8495975  8500655    4680 2
  77  8500655  8511847   11192 2
  78  8511847  8524985   13138 2
  79  8524985  8537971   12986 2
  80  8537971  8543711    5740 2
  81  8543711  8552347    8636 2
  82  8552347  8563911   11564 2
  83  8563911  8573045    9134 2
  84  8574565  8795029  220464 2
  85  8796549  8818834   22285 2
  86  8820354  8993810  173456 2
  87  8995330  9022276   26946 2
  88  9022276  9022277       1 2
  89  9022277  9024031    1754 2
  90  9024031  9026383    2352 2
  91  9026383  9072286   45903 2
  92  9072286  9072287       1 2
  93  9073807  9288879  215072 2
  94  9290399  9312373   21974 2
  95  9312373  9331921   19548 2
  96  9331921  9331921       0 2
  97  9331921  9331921       0 2
  98  9331921  9331921       0 2
  99  9331921  9361638   29717 4
 100  9361638  9361639       1 2
 101  9361639  9383453   21814 2
 102  9383453  9383454       1 2
 103  9383454  9403705   20251 2
 104  9403705  9403705       0 2
 105  9403705  9403705       0 2
 106  9403705  9403705       0 2
 107  9403705  9439998   36293 4
 108  9439998  9439999       1 2
 109  9439999  9449968    9969 2
 110  9449968  9463246   13278 2
 111  9463246  9463992     746 2
 112  9463992  9463993       1 2
 113  9463993  9465861    1868 2
 114  9465861  9478632   12771 2
 115  9485798  9508390   22592 2
 116  9508390  9520972   12582 2
 117  9520972  9543651   22679 2
 118  9543651  9543652       1 2
 119  9543652  9548152    4500 2
 120  9548152  9561412   13260 2
 121  9561412  9561413       1 2
 122  9561413  9564787    3374 2
 123  9564787  9564787       0 2
 124  9564787  9564788       1 2
 125  9564788  9568707    3919 2
 126  9568707  9568708       1 2
 127  9568708  9580431   11723 2
 128  9580431  9580431       0 2
 129  9580431  9580432       1 2
 130  9580432  9583145    2713 2
 131  9583145  9583972     827 2
 132  9583972  9590961    6989 2
 133  9590961  9598322    7361 2
 134  9598322  9600516    2194 2
 135  9600516  9601358     842 2
 136  9601358  9601359       1 2
 137  9601359  9602405    1046 2
 138  9602405  9603880    1475 2
 139  9603880  9605765    1885 2
 140  9605765  9605766       1 2
 141  9605766  9613440    7674 2
 142  9613440  9613441       1 2
 143  9613441  9619347    5906 2
 144  9619347  9619348       1 2
 145  9619348  9623926    4578 2
 146  9623926  9626870    2944 2
 147  9626870  9626871       1 2
 148  9626871  9630158    3287 2
 149  9630158  9651273   21115 2
 150  9651273  9656411    5138 1
 151  9656411  9656998     587 1
 152  9658518  9921830  263312 2
 153  9923350  9945127   21777 1
 154  9945127  9967537   22410 1
 155  9967537  9970040    2503 1
 156  9970040  9996068   26028 1
 157  9996068 10002424    6356 1
 158 10002424 10032750   30326 1
 159 10032750 10064472   31722 1
 160 10064472 10064473       1 1
 161 10064473 10069855    5382 1
 162 10071375 10362541  291166 2
 163 10364061 10620045  255984 1
 164 10620045 10620046       1 1
 165 10621566 10716719   95153 2
 166 10718239 10739997   21758 1
 167 10741517 10861426  119909 2
 168 10862946 10887000   24054 1
 169 10887000 10890573    3573 1
 170 10892093 11211738  319645 2
 171 11213258 11247752   34494 1
 172 11247752 11247753       1 1
 173 11247753 11312137   64384 1
 174 11312137 11312138       1 1
 175 11312138 11319776    7638 1
 176 11375229 11421179   45950 1
 177 11422699 12392791  970092 2
 178 12394311 12431637   37326 1
 179 12431637 12431638       1 1
 180 12431638 12432314     676 1
 181 12432314 12436424    4110 1
 182 12437944 12927642  489698 2
 183 12929162 12951494   22332 1
 184 12953014 13162870  209856 2
 185 13164390 13201924   37534 1
 186 13201924 13201925       1 1
 187 13201925 13206190    4265 1
 188 13206190 13207363    1173 1
 189 13207363 13216996    9633 1
 190 13216996 13216997       1 1
 191 13216997 13224284    7287 1
 192 13224284 13224285       1 1
 193 13224285 13226871    2586 1
 194 13226871 13237235   10364 1
 195 13237235 13238724    1489 1
 196 13238724 13242719    3995 1
 197 13242719 13242720       1 1
 198 13242720 13243220     500 1
 199 13243220 13243221       1 1
 200 13243221 13244726    1505 1
 201 13244726 13244727       1 1
 202 13244727 13247622    2895 1
 203 13249142 13343534   94392 2
 204 13345054 13368042   22988 1
 205 13368042 13368935     893 1
 206 13368935 13371863    2928 1
 207 13371863 13373040    1177 1
 208 13373040 13373040       0 1
 209 13373040 13373040       0 1
 210 13373040 13373040       0 1
 211 13373040 13373040       0 1
 212 13373040 13373040       0 1
 213 13373040 13373040       0 1
 214 13373040 13373041       1 1
 215 13377902 13427081   49179 1
 216 13427081 13433086    6005 1
 217 13433086 13433087       1 1
 218 13514421 13722282  207861 1
 219 14145315 14254285  108970 2
 220 14254285 14264684   10399 2
 221 14264684 14264685       1 2
 222 14266205 14424307  158102 2
 223 14425827 14471350   45523 2
 224 14471350 14505341   33991 2
 225 14505341 14562336   56995 2
 226 14562336 14584696   22360 2
 227 14584696 14592263    7567 2
 228 14612576 14660948   48372 2
 229 14660948 14660949       1 2
 230 14662469 14781239  118770 2
 231 14782759 15150084  367325 2
 232 15150084 15224785   74701 2
 233 15224785 15461667  236882 4
 234 15461667 15461668       1 2
 235 15461668 15464218    2550 2
 236 15464218 15469307    5089 2
 237 15469307 15471270    1963 2
 238 15471270 15471883     613 2
 239 15471883 15471884       1 2
 240 15471884 15477243    5359 2
 241 15477243 15477586     343 2
 242 15477586 15480105    2519 2
 243 15480105 15482479    2374 2
 244 15482479 15483927    1448 2
 245 15483927 15484184     257 2
 246 15484184 15485026     842 2
 247 15485026 15491377    6351 2
 248 15491377 15492762    1385 2
 249 15492762 15492763       1 2
 250 15500463 15523739   23276 2
 251 15523739 15537386   13647 2
 252 15538303 15612984   74681 4
 253 15612984 15612984       0 2
 254 15612984 15612985       1 2
 255 15612985 15619916    6931 2
 256 15619916 15624829    4913 2
 257 15624829 15624830       1 2
 258 15624830 15628562    3732 2
 259 15630082 16023384  393302 2
 260 16024904 16033475    8571 1
 261 16033475 16033475       0 1
 262 16033475 16033475       0 1
 263 16033475 16033476       1 1
 264 16043116 16066275   23159 1
 265 16066275 16066276       1 1
 266 16066276 16066660     384 1
 267 16066660 16070817    4157 1
 268 16072337 16425866  353529 2
 269 16427385 16606827  179442 1
 270 16606827 16862010  255183 1
 271 16862010 16882764   20754 1
 272 16882764 16882765       1 1
 273 16882765 16947575   64810 1
 274 16947575 16947576       1 1
 275 16947576 16950626    3050 1
 276 16950626 16950627       1 1
 277 16950627 16956118    5491 1
 278 16956118 16958953    2835 1
 279 16960473 18145107 1184634 2
 280 18146627 18179765   33138 1
 281 18181285 18457052  275767 2
 282 18458572 18917104  458532 1
 283 18917104 18941065   23961 1
 284 18941065 18941066       1 1
 285 19013885 19091703   77818 1
 286 19091703 19091703       0 1
 287 19091703 19091703       0 1
 288 19091703 19091704       1 1
 289 19091704 19117128   25424 1
 290 19117128 19117129       1 1
 291 19117129 19133292   16163 1
 292 19133292 19147281   13989 1
 293 19148801 19670339  521538 2
 294 20649372 20672564   23192 2
 295 20740799 20767405   26606 2
 296 20767405 20767406       1 2
 297 20767406 20779978   12572 2
 298 20811564 20838050   26486 2
 299 20838050 20840153    2103 2
 300 20840153 20853670   13517 2
 301 20872267 21139137  266870 2
 302 21139137 21546437  407300 4
 303 21546437 21546437       0 2
 304 21546437 21546437       0 2
 305 21546437 21546438       1 2
 306 21546438 21559427   12989 2
 307 21625736 22015521  389785 4
 308 22015521 22015521       0 1
 309 22015521 22015522       1 1
 310 22015522 22015531       9 1
 311 22015531 22020042    4511 1
 312 22020042 22024634    4592 1
 313 22024634 22024634       0 1
 314 22024634 22024635       1 1
 315 22035806 22055804   19998 1
 316 22055804 22063183    7379 1
 317 22063183 22065092    1909 1
 318 22065092 22065982     890 1
 319 22067502 22423234  355732 2
 320 22424754 22689661  264907 1
 321 22689661 22705587   15926 1
 322 22705587 22747247   41660 1
 323 22747247 22750808    3561 1
 324 22750808 22874775  123967 1
 325 22874775 22955308   80533 1
 326 22956828 23701974  745146 2
 327 23703494 23732276   28782 1
 328 23733796 24523215  789419 2
 329 24524735 24935444  410709 1
 330 24935444 24935445       1 1
 331 24935445 24970175   34730 1
 332 24970175 24990666   20491 1
 333 24992186 25102855  110669 2
 334 25104375 25128080   23705 1
 335 25128080 25129539    1459 1
 336 25129539 25134872    5333 1
 337 25134872 25141074    6202 1
 338 25141074 25141075       1 1
 339 25141075 25148187    7112 1
 340 25149707 25712580  562873 2
 341 25978313 25990438   12125 2
 342 25991958 27116203 1124245 2
 343 27117723 27390548  272825 4
 344 27390548 27390549       1 2
 345 27390549 27392347    1798 2
 346 27392347 27392348       1 2
 347 27392348 27399738    7390 2
 348 27399738 27407684    7946 2
 349 27407684 27407685       1 2
 350 27407685 27414824    7139 2
 351 27416344 27674217  257873 2
 352 27675737 27996038  320301 4
 353 27996038 27996038       0 1
 354 27996038 27996038       0 1
 355 27996038 27996038       0 1
 356 27996038 27996039       1 1
 357 27996039 28007332   11293 1
 358 28007332 28015137    7805 1
 359 28015137 28016217    1080 1
 360 28016217 28016218       1 1
 361 28016218 28017984    1766 1
 362 28017984 28026121    8137 1
 363 28026121 28036596   10475 1
 364 28036596 28048793   12197 1
 365 28048793 28051668    2875 1
 366 28051668 28063329   11661 1
 367 28063329 28081974   18645 1
 368 28081974 28084300    2326 1
 369 28084300 28091974    7674 1
 370 28091974 28107867   15893 1
 371 28108632 28130503   21871 1
 372 28130503 28134090    3587 1
 373 28134090 28143466    9376 1
 374 28143466 28146848    3382 1
 375 28146848 28146849       1 1
 376 28146849 28212821   65972 1
 377 28212821 28212822       1 1
 378 28212822 28214178    1356 1
 379 28214178 28222005    7827 1
 380 28222005 28227341    5336 1
 381 28227341 28236981    9640 1
 382 28238501 28456557  218056 2
 383 28458077 28623954  165877 4
 384 28623954 28623955       1 1
 385 28623955 28635868   11913 1
 386 28672140 28720840   48700 1
 387 28720840 28720840       0 1
 388 28720840 28720840       0 1
 389 28720840 28720840       0 1
 390 28720840 28720841       1 1
 391 28720841 28721342     501 1
 392 28721342 28721343       1 1
 393 28721343 28726492    5149 1
 394 28726492 28726492       0 1
 395 28726492 28726493       1 1
 396 28726493 28753430   26937 1
 397 28753430 28801246   47816 1
 398 28801246 28903060  101814 1
 399 28903060 29080483  177423 1
 400 29083121 29130309   47188 1
 401 29130309 29130633     324 1
 402 29130633 29130634       1 1
 403 29143557 29339615  196058 1
 404 29339615 29339788     173 1
 405 29339788 29434413   94625 1
 406 29434413 29434414       1 1
 407 29434414 29575256  140842 1
 408 29575256 29647138   71882 1
 409 29647138 29647139       1 1
 410 29647139 29690567   43428 1
 411 29690567 29786327   95760 1
 412 29786327 29786327       0 1
 413 29786327 29786328       1 1
 414 29786328 29931841  145513 1
 415 29931841 29931841       0 1
 416 29931841 29931842       1 1
 417 29933362 30589838  656476 2
 418 30591358 30636259   44901 1
 419 30636259 30636260       1 1
 420 30636260 30639673    3413 1
 421 30639673 30649833   10160 1
 422 30651353 30851164  199811 2
 423 30852684 30909989   57305 1
 424 30909989 30943643   33654 1
 425 30945163 31120263  175100 2
 426 31121783 31144094   22311 1
 427 31144094 31147235    3141 1
 428 31147235 31168251   21016 1
 429 31168251 31182839   14588 1
 430 31184359 31754621  570262 2
 431 32445746 32472407   26661 2
 432 32473927 33191173  717246 2
 433 33192693 33328729  136036 4
 434 33328729 33328730       1 2
 435 33328730 33328745      15 2
 436 33328745 33329555     810 2
 437 33329555 33333642    4087 2
 438 33335161 33485641  150480 2
 439 33487161 33588139  100978 2
 440 33588139 33588140       1 2
 441 33626863 33652527   25664 2
 442 33700753 33782148   81395 4
 443 33782148 33782149       1 2
 444 33782149 33783321    1172 2
 445 33783321 33797954   14633 2
 446 33799474 33947320  147846 2
 447 33948840 33980854   32014 1
 448 33980854 33980855       1 1
 449 33980855 33983059    2204 1
 450 33983059 33989075    6016 1
 451 33989075 33989076       1 1
 452 33992350 34017552   25202 1
 453 34017552 34034426   16874 1
 454 34091401 34114368   22967 1
 455 34114368 34120141    5773 1
 456 34120141 34138591   18450 1
 457 34140111 34251578  111467 2
 458 34253098 34275670   22572 1
 459 34275670 34275671       1 1
 460 34314808 34315178     370 1
 461 34315178 34433224  118046 4
 462 34433224 34433225       1 1
 463 34433225 34479997   46772 1
 464 34479997 34509522   29525 1
 465 34509522 34544660   35138 1
 466 34544660 34544661       1 1
 467 34544661 34626124   81463 1
 468 34626124 34639436   13312 1
 469 34639436 34639437       1 1
 470 34639437 34679106   39669 1
 471 34679106 34709650   30544 1
 472 34709650 34723821   14171 1
 473 34723821 34723821       0 1
 474 34723821 34723822       1 1
 475 34723822 34750615   26793 1
 476 34750615 34762778   12163 1
 477 34762778 34784428   21650 1
 478 34784428 34786494    2066 1
 479 34786494 34786495       1 1
 480 34786495 34789219    2724 1
 481 34789219 34801036   11817 1
 482 34801036 34804801    3765 1
 483 34804801 34808722    3921 1
 484 34808722 34814737    6015 1
 485 34908894 35076413  167519 1
 486 35076413 35106691   30278 1
 487 35106691 35227339  120648 1
 488 35227339 35227339       0 1
 489 35227339 35227339       0 1
 490 35227339 35227340       1 1
 491 35251554 35420236  168682 1
 492 35420236 35440590   20354 1
 493 35440590 35440591       1 1
 494 35447201 35470661   23460 1
 495 35472181 36750324 1278143 2
 496 36751844 36827048   75204 1
 497 36827048 36835560    8512 1
 498 36835560 36888509   52949 1
 499 36888509 36914909   26400 1
 500 36914909 37172148  257239 1
 501 37172148 37172149       1 1
 502 37172149 37172196      47 1
 503 37172196 37176116    3920 1
 504 37176116 37176117       1 1
 505 37177637 37796761  619124 2
 506 38176448 38200687   24239 2
 507 38200687 38202116    1429 2
 508 38202116 38211131    9015 2
 509 38212651 38314635  101984 2
 510 38316155 38338479   22324 2
 511 38338479 38356025   17546 2
 512 38360791 38381987   21196 2
 513 38383507 39365653  982146 2
 514 39367173 39388692   21519 2
 515 39388692 39757214  368522 4
 516 39757214 39757214       0 4
 517 39757214 39757215       1 2
 518 39757215 39764634    7419 2
 519 39764634 39777358   12724 2
 520 39777358 39777359       1 2
 521 39777359 39784556    7197 2
 522 39784556 39789721    5165 2
 523 39789721 39797660    7939 2
 524 39799180 39910553  111373 2
 525 39912073 39934161   22088 1
 526 39934161 39951313   17152 1
 527 39951313 39952510    1197 1
 528 39952510 39952511       1 1
 529 39952511 39961445    8934 1
 530 39961445 39967014    5569 1
 531 39970223 39995071   24848 1
 532 40008714 40034604   25890 1
 533 40034604 40034605       1 1
 534 40034605 40036036    1431 1
 535 40036036 40042347    6311 1
 536 40042347 40042347       0 1
 537 40042347 40042347       0 1
 538 40042347 40042348       1 1
 539 40042348 40044008    1660 1
 540 40044008 40044009       1 1
 541 40044009 40045042    1033 1
 542 40045042 40047031    1989 1
 543 40047031 40047032       1 1
 544 40047032 40048315    1283 1
 545 40048315 40048347      32 1
 546 40048347 40048347       0 1
 547 40048347 40048347       0 1
 548 40048347 40048348       1 1
 549 40048348 40049339     991 1
 550 40049339 40049340       1 1
 551 40049340 40052363    3023 1
 552 40052363 40052364       1 1
 553 40052364 40052729     365 1
 554 40052729 40052730       1 1
 555 40052730 40054245    1515 1
 556 40054245 40055024     779 1
 557 40055024 40055024       0 1
 558 40055024 40055025       1 1
 559 40055025 40057620    2595 1
 560 40057620 40057621       1 1
 561 40057621 40059591    1970 1
 562 40059591 40059623      32 1
 563 40059623 40061063    1440 1
 564 40061063 40061190     127 1
 565 40061190 40062179     989 1
 566 40062179 40063116     937 1
 567 40063116 40063221     105 1
 568 40063221 40065926    2705 1
 569 40065926 40065927       1 1
 570 40065927 40075238    9311 1
 571 40075238 40075238       0 1
 572 40075238 40075238       0 1
 573 40075238 40075239       1 1
 574 40075239 40076606    1367 1
 575 40150993 40177022   26029 1
 576 40196052 40219804   23752 1
 577 40271634 40299920   28286 1
 578 40299920 40305864    5944 1
 579 40305864 40305865       1 1
 580 40305865 40315561    9696 1
 581 40315561 40315562       1 1
 582 40315562 40321734    6172 1
 583 40321734 40321735       1 1
 584 40321735 40324536    2801 1
 585 40324536 40324537       1 1
 586 40324537 40326600    2063 1
 587 40326600 40326600       0 1
 588 40326600 40326600       0 1
 589 40326600 40355998   29398 4
 590 40355998 40355998       0 1
 591 40355998 40355999       1 1
 592 40355999 40368093   12094 1
 593 40368093 40382308   14215 1
 594 40382308 40382309       1 1
 595 40382309 40407391   25082 1
 596 40407391 40407392       1 1
 597 40407392 40410879    3487 1
 598 40410879 40412230    1351 1
 599 40412230 40413713    1483 1
 600 40413713 40415008    1295 1
 601 40415008 40416341    1333 1
 602 40416341 40418797    2456 1
 603 40418797 40420731    1934 1
 604 40420731 40427341    6610 1
 605 40427341 40432893    5552 1
 606 40432893 40435993    3100 1
 607 40435993 40437531    1538 1
 608 40437531 40445596    8065 1
 609 40445596 40457414   11818 1
 610 40457414 40463930    6516 1
 611 40463930 40463931       1 1
 612 40463931 40464997    1066 1
 613 40464997 40466815    1818 1
 614 40466815 40470268    3453 1
 615 40470268 40473773    3505 1
 616 40473773 40476359    2586 1
 617 40476359 40479656    3297 1
 618 40479656 40486542    6886 1
 619 40547798 40595252   47454 1
 620 40595252 40621997   26745 4
 621 40621997 40621998       1 1
 622 40621998 40640056   18058 1
 623 40640056 40662021   21965 1
 624 40662021 40662022       1 1
 625 40662022 40664910    2888 1
 626 40664910 40674269    9359 1
 627 40675609 40697789   22180 1
 628 40697789 40711393   13604 1
 629 40711393 40715177    3784 1
 630 40738521 40876460  137939 1
 631 40876460 40876461       1 1
 632 40876461 40884612    8151 1
 633 40884612 40889011    4399 1
 634 40889011 41034674  145663 1
 635 41034674 41043067    8393 1
 636 41043067 41062870   19803 1
 637 41062870 41249710  186840 1
 638 41249710 41289935   40225 1
 639 41289935 41289936       1 1
 640 41289936 41305034   15098 1
 641 41305034 41305035       1 1
 642 41305327 41370053   64726 1
 643 41370053 41370054       1 1
 644 41371574 42853421 1481847 2
 645 42854941 42899238   44297 1
 646 42899238 43158032  258794 1
 647 43158032 43158033       1 1
 648 43159553 43600990  441437 2
 649 43602510 43625942   23432 1
 650 43637243 43659994   22751 1
 651 43659994 43664802    4808 1
 652 43666322 43838875  172553 2
 653 44308872 44333736   24864 2
 654 44333736 44333737       1 2
 655 44349977 44375714   25737 2
 656 44407593 44418110   10517 2
 657 44418110 44456192   38082 2
 658 44456192 44472291   16099 2
 659 44472291 44472292       1 2
 660 44473812 45150361  676549 2
 661 45151881 45227583   75702 2
 662 45227583 45242652   15069 2
 663 45242652 45242653       1 2
 664 45263944 45287360   23416 2
 665 45287360 45291332    3972 2
 666 45291332 45445258  153926 2
 667 45445258 45445259       1 2
 668 45445259 45446746    1487 2
 669 45446746 45456834   10088 2
 670 45456834 45456835       1 2
 671 45458355 45692098  233743 2
 672 45693618 45730574   36956 4
 673 45730574 45770947   40373 4
 674 45770947 45770948       1 2
 675 45770948 45771680     732 2
 676 45771680 45771753      73 2
 677 45771753 45779768    8015 2
 678 45783729 45806106   22377 2
 679 45806106 45818199   12093 2
 680 45818815 45841275   22460 2
 681 45841275 45846694    5419 2
 682 45846694 45866813   20119 2
 683 45866813 45869814    3001 2
 684 45869814 45879129    9315 2
 685 45879129 45881459    2330 2
 686 45881459 45904645   23186 2
 687 45904645 45911947    7302 1
 688 45911947 45911947       0 1
 689 45911947 45911948       1 1
 690 45911948 45926302   14354 1
 691 45926302 45926303       1 1
 692 45926303 45928264    1961 1
 693 45928264 45928933     669 1
 694 45928933 45928934       1 1
 695 45928934 45932953    4019 1
 696 45932953 45949249   16296 1
 697 45949249 45971971   22722 1
 698 45971971 45971972       1 1
 699 45985433 46013901   28468 1
 700 46013901 46016505    2604 1
 701 46016505 46017467     962 1
 702 46017467 46017468       1 1
 703 46017468 46020073    2605 1
 704 46020073 46020074       1 1
 705 46020074 46021795    1721 1
 706 46021795 46023510    1715 1
 707 46023510 46024250     740 1
 708 46024250 46024250       0 1
 709 46024250 46024250       0 1
 710 46024250 46024250       0 1
 711 46024250 46024251       1 1
 712 46024251 46025658    1407 1
 713 46025658 46025659       1 1
 714 46025659 46025776     117 1
 715 46025776 46027842    2066 1
 716 46027842 46027842       0 1
 717 46027842 46027843       1 1
 718 46027843 46028642     799 1
 719 46028642 46031260    2618 1
 720 46031260 46031260       0 1
 721 46031260 46031261       1 1
 722 46031261 46031727     466 1
 723 46031727 46031728       1 1
 724 46031728 46033971    2243 1
 725 46033971 46033971       0 1
 726 46033971 46033972       1 1
 727 46033972 46034866     894 1
 728 46034866 46035661     795 1
 729 46035661 46035929     268 1
 730 46035929 46036341     412 1
 731 46036341 46036342       1 1
 732 46036342 46039015    2673 1
 733 46039015 46039016       1 1
 734 46039016 46045793    6777 1
 735 46045793 46045794       1 1
 736 46045794 46049528    3734 1
 737 46049528 46061266   11738 1
 738 46072047 46099577   27530 1
 739 46099577 46109081    9504 1
 740 46109081 46115256    6175 1
 741 46115256 46115256       0 1
 742 46115256 46115256       0 1
 743 46115256 46115256       0 1
 744 46115256 46115257       1 1
 745 46115257 46124634    9377 1
 746 46124634 46130618    5984 1
 747 46130618 46136152    5534 1
 748 46136152 46138090    1938 1
 749 46138090 46144446    6356 1
 750 46144446 46144447       1 1
 751 46144447 46152933    8486 1
 752 46152933 46153742     809 1
 753 46153742 46167366   13624 1
 754 46168886 46289778  120892 2
 755 46291298 46320481   29183 1
 756 46380985 46459429   78444 1
 757 46460949 46606627  145678 2
 758 46608147 46875714  267567 4
 759 46875714 46875715       1 1
 760 46877235 47562854  685619 2
 761 47564374 47916018  351644 1
 762 47916018 47916019       1 1
 763 47918201 47942903   24702 1
 764 47986490 48014191   27701 1
 765 48015711 48569181  553470 2
 766 48570701 48598074   27373 1
 767 48598074 48600268    2194 1
 768 48600268 48603036    2768 1
 769 48603036 48605065    2029 1
 770 48605065 48609967    4902 1
 771 48609967 48613185    3218 1
 772 48613185 48614356    1171 1
 773 48614356 48620882    6526 1
 774 48620882 48623438    2556 1
 775 48623438 48628565    5127 1
 776 48628565 48634667    6102 1
 777 48634667 48634668       1 1
 778 48634668 48642833    8165 1
 779 48642833 48650535    7702 1
 780 48650535 48651257     722 1
 781 48651257 48673099   21842 1
 782 48673099 48681551    8452 1
 783 48681551 48692276   10725 1
 784 48692276 48692277       1 1
 785 48692277 48697689    5412 1
 786 48697689 48698952    1263 1
 787 48698952 48702099    3147 1
 788 48702099 48706634    4535 1
 789 48706634 48707176     542 1
 790 48707176 48749041   41865 1
 791 48749041 48749042       1 1
 792 48749042 48770267   21225 1
 793 48770267 48770268       1 1
 794 48778368 48806328   27960 1
 795 48806328 48806329       1 1
 796 48806329 48815555    9226 1
 797 48815555 48817215    1660 1
 798 48818735 49093198  274463 2
 799 49094718 49135241   40523 1
 800 49199394 49232251   32857 1
 801 49232251 49242069    9818 1
 802 49242069 49377267  135198 1
 803 49377267 49377268       1 1
 804 49377268 49379514    2246 1
 805 49381034 49881014  499980 2
 806 49930268 49958054   27786 2
 807 49958054 50353975  395921 2
 808 50353975 50371962   17987 2
 809 50371962 50371963       1 2
 810 50404417 50426887   22470 2
 811 50426887 50430872    3985 2
 812 50430872 50430873       1 2
 813 50430873 50441652   10779 2
 814 50441652 50445764    4112 2
 815 50479928 50504024   24096 2
 816 50504024 50504024       0 2
 817 50504024 50504025       1 2
 818 50504025 50510553    6528 2
 819 50510553 50510553       0 2
 820 50510553 50510554       1 2
 821 50510554 50511721    1167 2
 822 50513626 50535485   21859 2
 823 50535485 50535485       0 2
 824 50535485 50535486       1 2
 825 50535486 50544537    9051 2
 826 50544537 50554422    9885 2
 827 50554422 50554422       0 2
 828 50554422 50554423       1 2
 829 50554423 50560298    5875 2
 830 50575692 50596810   21118 2
 831 50596810 50614709   17899 2
 832 50614709 50629032   14323 2
 833 50629032 50631819    2787 2
 834 50631819 50639688    7869 2
 835 50639688 50685473   45785 2
 836 50685473 50685474       1 2
 837 50697835 50721640   23805 2
 838 50721640 50725051    3411 2
 839 50725051 50726761    1710 2
 840 50726761 50729138    2377 2
 841 50729138 50735239    6101 2
 842 50735239 50735239       0 2
 843 50735239 50735239       0 2
 844 50735239 50735240       1 2
 845 50735240 50744777    9537 2
 846 50744777 50744777       0 2
 847 50744777 50744778       1 2
 848 50744778 50761873   17095 2
 849 50761873 50761873       0 2
 850 50761873 50761873       0 2
 851 50761873 50761874       1 2
 852 50761874 50779860   17986 2
 853 50779860 50779991     131 2
 854 50779991 50789351    9360 2
 855 50789351 50789352       1 2
 856 50789352 50801811   12459 2
 857 50801811 50819055   17244 2
 858 50819055 50882249   63194 2
 859 50882249 50887533    5284 2
 860 50887533 50895092    7559 2
 861 50917183 50990784   73601 2
 862 50990784 51001363   10579 2
 863 51001363 51001364       1 2
 864 51016015 51039218   23203 2
 865 51084695 51109340   24645 2
 866 51110860 51304776  193916 2
 867 51306296 51415033  108737 2
 868 51415033 51663670  248637 2
 869 51663670 51848887  185217 4
 870 51848887 51848887       0 2
 871 51848887 51848888       1 2
 872 51848888 51860670   11782 2
 873 51860670 51862973    2303 2
 874 51862973 51862974       1 2
 875 51862974 51864823    1849 2
 876 51864823 51864906      83 2
 877 51864906 51865609     703 2
 878 51865609 51866964    1355 2
 879 51866964 51867640     676 2
 880 51867640 51885754   18114 2
 881 51885754 51890848    5094 2
 882 51890848 51892198    1350 2
 883 51892198 51910951   18753 2
 884 51924650 51950776   26126 1
 885 51966205 51993036   26831 1
 886 51993036 51993941     905 1
 887 51993941 51993941       0 1
 888 51993941 51993942       1 1
 889 51993942 51996001    2059 1
 890 51996001 52000089    4088 1
 891 52000089 52000090       1 1
 892 52000090 52000579     489 1
 893 52000579 52001531     952 1
 894 52001531 52003071    1540 1
 895 52003071 52003071       0 1
 896 52003071 52003072       1 1
 897 52003072 52003719     647 1
 898 52003719 52004089     370 1
 899 52004089 52005421    1332 1
 900 52005421 52005421       0 1
 901 52005421 52005421       0 1
 902 52005421 52005421       0 1
 903 52005421 52005422       1 1
 904 52005422 52005916     494 1
 905 52005916 52007178    1262 1
 906 52007178 52007179       1 1
 907 52007179 52007976     797 1
 908 52007976 52007976       0 1
 909 52007976 52007977       1 1
 910 52007977 52008721     744 1
 911 52008721 52008721       0 1
 912 52008721 52008722       1 1
 913 52008722 52009329     607 1
 914 52009329 52009329       0 1
 915 52009329 52009330       1 1
 916 52009330 52009423      93 1
 917 52009423 52012041    2618 1
 918 52012041 52014122    2081 1
 919 52014122 52014123       1 1
 920 52014123 52016267    2144 1
 921 52016267 52016268       1 1
 922 52016268 52020680    4412 1
 923 52020680 52020681       1 1
 924 52020681 52020725      44 1
 925 52020725 52023759    3034 1
 926 52023759 52035305   11546 1
 927 52044131 52068249   24118 1
 928 52068249 52081717   13468 1
 929 52081717 52091650    9933 1
 930 52091650 52091651       1 1
 931 52091651 52099414    7763 1
 932 52099414 52100589    1175 1
 933 52100589 52103095    2506 1
 934 52103095 52108533    5438 1
 935 52108533 52131745   23212 1
 936 52131745 52131746       1 1
 937 52131746 52131910     164 1
 938 52186827 52211547   24720 1
 939 52211547 52215079    3532 1
 940 52215079 52217869    2790 1
 941 52217869 52217870       1 1
 942 52217870 52222635    4765 1
 943 52222635 52222636       1 1
 944 52222636 52223450     814 1
 945 52223450 52223936     486 1
 946 52223936 52225080    1144 1
 947 52225080 52227475    2395 1
 948 52227475 52227476       1 1
 949 52227476 52229984    2508 1
 950 52229984 52232679    2695 1
 951 52232679 52233822    1143 1
 952 52233822 52234072     250 1
 953 52234072 52242909    8837 1
 954 52242909 52242910       1 1
 955 52242910 52243855     945 1
 956 52243855 52249699    5844 1
 957 52249699 52250054     355 1
 958 52250054 52250751     697 1
 959 52250751 52251053     302 1
 960 52251053 52251620     567 1
 961 52251620 52255034    3414 1
 962 52255034 52259047    4013 1
 963 52259047 52270357   11310 1
 964 52278504 52305926   27422 1
 965 52307446 52436256  128810 2
 966 52437776 52459861   22085 1
 967 52459861 52474448   14587 1
 968 52474448 52480084    5636 1
 969 52480084 52480085       1 1
 970 52480085 52496284   16199 1
 971 52496284 52497736    1452 1
 972 52497736 52499197    1461 1
 973 52499197 52502269    3072 1
 974 52502269 52507417    5148 1
 975 52507417 52509984    2567 1
 976 52509984 52521576   11592 1
 977 52521576 52529367    7791 1
 978 52529367 52547642   18275 1
 979 52547642 52547643       1 1
 980 52547643 52549127    1484 1
 981 52549127 52549127       0 1
 982 52549127 52549128       1 1
 983 52549128 52552835    3707 1
 984 52552835 52553552     717 1
 985 52553552 52553552       0 1
 986 52553552 52553553       1 1
 987 52553553 52555647    2094 1
 988 52555647 52556630     983 1
 989 52556630 52557040     410 1
 990 52558560 52721367  162807 2
 991 52722887 52745929   23042 1
 992 52745929 52769442   23513 1
 993 52769442 52769443       1 1
 994 52769443 52781920   12477 1
 995 52783440 53261122  477682 2
 996 53262642 53278257   15615 1
 997 53278257 53278258       1 1
 998 53278258 53293680   15422 1
 999 53293680 53295114    1434 1
1000 53295114 53301293    6179 1
1001 53301293 53311865   10572 1
1002 53311865 53312085     220 1
1003 53312085 53323269   11184 1
1004 53323269 53332452    9183 1
1005 53351554 53376408   24854 1
1006 53376408 53400712   24304 1
1007 53400712 53571131  170419 1
1008 53571131 53771204  200073 1
1009 53771204 53893007  121803 1
1010 53893007 53893008       1 1
1011 53893008 54108590  215582 1
1012 54165278 54228389   63111 1
1013 54229909 54735266  505357 2
1014 54736786 54760625   23839 1
1015 54798080 54828776   30696 1
1016 54828776 54828777       1 1
1017 54828777 54835878    7101 1
1018 54835878 54841911    6033 1
1019 54841911 54860535   18624 1
1020 54860535 54860536       1 1
1021 54862056 55158095  296039 2
1022 55159615 55472378  312763 1
1023 55473898 55923147  449249 2
1024 56488172 56519986   31814 2
1025 56519986 56519987       1 2
1026 56596419 56623591   27172 2
1027 56623591 56623592       1 2
1028 56623592 56628949    5357 2
1029 56628949 56632899    3950 2
1030 56632899 56641961    9062 2
1031 56641961 56700062   58101 2
1032 56700062 56700063       1 2
1033 56700063 56717225   17162 2
1034 56717225 56717226       1 2
1035 56717226 56721591    4365 2
1036 56729039 56747554   18515 2
1037 56747554 56767646   20092 2
1038 56767646 56779817   12171 2
1039 56779817 56779818       1 2
1040 56779818 56795062   15244 2
1041 56795062 56807750   12688 2
1042 56807750 56807751       1 2
1043 56807751 56812812    5061 2
1044 56812812 56816539    3727 2
1045 56816539 56818692    2153 2
1046 56818692 56818693       1 2
1047 56861502 56886745   25243 2
1048 56888265 56984044   95779 2
1049 56985564 57008909   23345 2
1050 57008909 57102899   93990 2
1051 57102899 57443588  340689 2
1052 57443588 57450111    6523 2
1053 57450111 57455336    5225 2
1054 57455336 57622076  166740 2
1055 57622076 57863351  241275 4
1056 57863351 57863351       0 2
1057 57863351 57863352       1 2
1058 57884670 57927050   42380 2
1059 57927050 57927876     826 2
1060 57927876 57927877       1 2
1061 57975689 57998306   22617 1
1062 57998306 58000927    2621 1
1063 58000927 58009223    8296 1
1064 58009223 58016333    7110 1
1065 58017775 58043455   25680 1
1066 58043455 58053665   10210 1
1067 58053665 58064643   10978 1
1068 58064643 58064644       1 1
1069 58064644 58074015    9371 1
1070 58074015 58075671    1656 1
1071 58075671 58076373     702 1
1072 58076373 58080236    3863 1
1073 58080236 58085141    4905 1
1074 58124433 58170873   46440 4
1075 58170873 58170873       0 1
1076 58170873 58170874       1 1
1077 58170874 58172895    2021 1
1078 58172895 58174161    1266 1
1079 58174161 58177744    3583 1
1080 58177744 58186441    8697 1
1081 58186441 58190597    4156 1
1082 58192117 58320256  128139 2
1083 58321776 58343955   22179 1
1084 58343955 58345998    2043 1
1085 58345998 58353664    7666 1
1086 58353664 58357064    3400 1
1087 58357064 58357205     141 1
1088 58357205 58357531     326 1
1089 58357531 58357531       0 1
1090 58357531 58357532       1 1
1091 58357532 58359313    1781 1
1092 58359313 58359967     654 1
1093 58359967 58362964    2997 1
1094 58362964 58363303     339 1
1095 58363303 58365176    1873 1
1096 58365176 58365177       1 1
1097 58365177 58365687     510 1
1098 58365687 58367676    1989 1
1099 58367676 58368774    1098 1
1100 58368774 58368775       1 1
1101 58368775 58374779    6004 1
1102 58374779 58379786    5007 1
1103 58424098 58460660   36562 1
1104 58460660 58460661       1 1
1105 58460661 58461430     769 1
1106 58461430 58465628    4198 1
1107 58465628 58468582    2954 1
1108 58468582 58468583       1 1
1109 58468583 58470547    1964 1
1110 58470547 58491096   20549 1
1111 58491096 58515922   24826 1
1112 58515922 58516457     535 1
1113 58516457 58518703    2246 1
1114 58534107 58559387   25280 1
1115 58559387 58919946  360559 1
1116 58919946 59136425  216479 1
1117 59219773 59253073   33300 1
1118 59253073 59283891   30818 1
1119 59283891 59283892       1 1
1120 59297214 59324771   27557 1
1121 59324771 59324772       1 1
1122 59324772 59334769    9997 1
1123 59334769 59347953   13184 1
1124 59347953 59370801   22848 1
1125 59370801 59370802       1 1
1126 59370802 59402746   31944 1
1127 59402746 59414129   11383 1
1128 59415649 59600842  185193 2
1129 59602362 59629300   26938 1
1130 59629300 59629301       1 1
1131 59629301 59633452    4151 1
1132 59633452 59635275    1823 1
1133 59635275 59644862    9587 1
1134 59646382 60864823 1218441 2
1135 60866343 60897289   30946 1
1136 60897289 60901773    4484 1
1137 60901773 60914328   12555 1
1138 60914328 60914329       1 1
1139 60914329 60923895    9566 1
1140 60923895 60925535    1640 1
1141 60982112 61004233   22121 1
1142 61032332 61066070   33738 1
1143 61126868 61512286  385418 1
1144 61512286 61512287       1 1
1145 61512287 61516713    4426 1
1146 61516713 61517932    1219 1
1147 61517932 61521266    3334 1
1148 61521266 61521267       1 1
1149 61521267 61527819    6552 1
1150 61529339 61965285  435946 2
1151 62799611 62820966   21355 2
1152 62820966 62841942   20976 2
1153 62841942 63121380  279438 2
1154 63121380 63220091   98711 2
1155 63220091 63287826   67735 2
1156 63287826 63303936   16110 2
1157 63303936 63303936       0 2
1158 63303936 63303937       1 2
1159 63320999 63566317  245318 2
1160 63566317 63582556   16239 2
1161 63582556 63819145  236589 4
1162 63819145 63819146       1 2
1163 63819146 63839871   20725 2
1164 63841391 63976764  135373 2
1165 63978284 64001007   22723 2
1166 64001007 64020551   19544 2
1167 64020551 64020552       1 2
1168 64020552 64023093    2541 2
1169 64023093 64034864   11771 1
1170 64034864 64041638    6774 1
1171 64041638 64041638       0 1
1172 64041638 64041639       1 1
1173 64041639 64045601    3962 1
1174 64045601 64056857   11256 1
1175 64056857 64058620    1763 1
1176 64058620 64064799    6179 1
1177 64064799 64070947    6148 1
1178 64070947 64071509     562 1
1179 64110246 64156371   46125 4
1180 64156371 64156371       0 1
1181 64156371 64156372       1 1
1182 64156372 64156830     458 1
1183 64156830 64158065    1235 1
1184 64158065 64159948    1883 1
1185 64159948 64160508     560 1
1186 64192708 64214286   21578 1
1187 64287074 64309481   22407 1
1188 64309481 64321663   12182 1
1189 64321663 64324797    3134 1
1190 64324797 64329336    4539 1
1191 64329336 64331493    2157 1
1192 64331493 64354755   23262 1
1193 64354755 64361768    7013 1
1194 64361768 64389184   27416 1
1195 64389184 64405134   15950 1
1196 64405134 64409338    4204 1
1197 64409338 64409339       1 1
1198 64409339 64410833    1494 1
1199 64410833 64411134     301 1
1200 64411134 64428482   17348 1
1201 64433725 64455001   21276 1
1202 64455001 64456825    1824 1
1203 64456825 64459893    3068 1
1204 64459893 64459894       1 1
1205 64459894 64464742    4848 1
1206 64464742 64483857   19115 1
1207 64483857 64484930    1073 1
1208 64484930 64487805    2875 1
1209 64487805 64491767    3962 1
1210 64491767 64497514    5747 1
1211 64551598 64573183   21585 1
1212 64573183 64595279   22096 1
1213 64595279 64605522   10243 1
1214 64607042 64807166  200124 2
1215 64808686 65140401  331715 1
1216 65140401 65233006   92605 1
1217 65233006 65233007       1 1
1218 65233007 65246439   13432 1
1219 65246439 65253754    7315 1
1220 65253754 65256759    3005 1
1221 65256759 65258263    1504 1
1222 65324920 65347958   23038 1
1223 65349478 66973716 1624238 2
1224 66975236 67015327   40091 1
1225 67015327 67044629   29302 1
1226 67118709 67519423  400714 1
1227 67520943 68007423  486480 2
1228 68310814 68340663   29849 2
1229 68340663 68344300    3637 2
1230 68345820 68768710  422890 2
1231 68770230 68883191  112961 2
1232 68902306 68993213   90907 2
1233 68993213 69134068  140855 2
1234 69134068 69321607  187539 4
1235 69321607 69321608       1 2
1236 69321608 69322380     772 2
1237 69322380 69392026   69646 2
1238 69392026 69428748   36722 2
1239 69428748 69565021  136273 2
1240 69565021 69565021       0 2
1241 69565021 69811837  246816 4
1242 69811837 69811837       0 2
1243 69811837 69811838       1 2
1244 69811838 69884258   72420 2
1245 69884258 69895611   11353 2
1246 69895611 69895612       1 2
1247 69895612 69897182    1570 2
1248 69897182 69897182       0 2
1249 69897182 69897183       1 2
1250 69897183 69899191    2008 2
1251 69899191 69899191       0 2
1252 69899191 69899192       1 2
1253 69899192 69900051     859 2
1254 69900051 69900051       0 2
1255 69900051 69900052       1 2
1256 69900052 69902837    2785 2
1257 69902837 69902837       0 2
1258 69902837 69902838       1 2
1259 69902838 69904010    1172 2
1260 69904010 69904044      34 2
1261 69904044 69904044       0 2
1262 69904044 69904045       1 2
1263 69943916 69967785   23869 2
1264 69969305 70093973  124668 2
1265 70095493 70109548   14055 1
1266 70109548 70109548       0 1
1267 70109548 70109548       0 1
1268 70109548 70109548       0 1
1269 70109548 70140194   30646 4
1270 70140194 70140195       1 1
1271 70140195 70141331    1136 1
1272 70141331 70143514    2183 1
1273 70143514 70145860    2346 1
1274 70177405 70205595   28190 1
1275 70205595 70206629    1034 1
1276 70206629 70208082    1453 1
1277 70208082 70216083    8001 1
1278 70216083 70216084       1 1
1279 70216084 70252041   35957 1
1280 70252041 70252042       1 1
1281 70252042 70257675    5633 1
1282 70270491 70291852   21361 1
1283 70291852 70322022   30170 1
1284 70322022 70322023       1 1
1285 70322023 70333900   11877 1
1286 70333900 70334031     131 1
1287 70334031 70349437   15406 1
1288 70349437 70349437       0 1
1289 70349437 70349438       1 1
1290 70349438 70353529    4091 1
1291 70353529 70358434    4905 1
1292 70358434 70358435       1 1
1293 70358435 70363984    5549 1
1294 70363984 70363984       0 1
1295 70363984 70363985       1 1
1296 70363985 70371489    7504 1
1297 70371489 70377231    5742 1
1298 70377231 70380060    2829 1
1299 70380060 70381064    1004 1
1300 70381064 70381065       1 1
1301 70381065 70385633    4568 1
1302 70385633 70385633       0 1
1303 70385633 70385634       1 1
1304 70385634 70390949    5315 1
1305 70390949 70395930    4981 1
1306 70395930 70398834    2904 1
1307 70398834 70398834       0 1
1308 70398834 70398834       0 1
1309 70398834 70398835       1 1
1310 70398835 70401396    2561 1
1311 70401396 70404802    3406 1
1312 70404802 70409987    5185 1
1313 70409987 70409987       0 1
1314 70409987 70409988       1 1
1315 70409988 70417210    7222 1
1316 70417210 70443063   25853 1
1317 70443063 70443749     686 1
1318 70443749 70443750       1 1
1319 70443750 70501604   57854 1
1320 70501604 70501605       1 1
1321 70503495 70526239   22744 1
1322 70526239 70531816    5577 1
1323 70531816 70535554    3738 1
1324 70535554 70535555       1 1
1325 70537075 70793383  256308 2
1326 70794903 70819714   24811 1
1327 70819714 70822907    3193 1
1328 70822907 70822907       0 1
1329 70822907 70822907       0 1
1330 70822907 70822907       0 1
1331 70822907 70822907       0 1
1332 70822907 70822907       0 1
1333 70822907 70822908       1 1
1334 70822908 70829060    6152 1
1335 70829060 70833222    4162 1
1336 70833222 70838136    4914 1
1337 70838136 70845776    7640 1
1338 70845776 70845777       1 1
1339 70845777 70848868    3091 1
1340 70848868 70848868       0 1
1341 70848868 70848868       0 1
1342 70848868 70848868       0 1
1343 70848868 70848869       1 1
1344 70848869 70852269    3400 1
1345 70852269 70864584   12315 1
1346 70864584 70868440    3856 1
1347 70868440 70869629    1189 1
1348 70871149 73031853 2160704 2
1349 73033373 73055602   22229 1
1350 73055602 73079296   23694 1
1351 73079296 73083117    3821 1
1352 73083117 73085613    2496 1
1353 73085613 73085614       1 1
1354 73087134 73569951  482817 2
1355 73571471 73595006   23535 1
1356 73596526 73915446  318920 2
1357 73916966 73940864   23898 1
1358 73942384 74049559  107175 2
1359 74222386 74300242   77856 2
1360 74300242 74300243       1 2
1361 74300243 74372921   72678 2
1362 74372921 74469227   96306 2
1363 74469227 74480460   11233 2
1364 74480460 74480461       1 2
1365 74483883 74822380  338497 2
1366 74822380 74921676   99296 2
1367 74921676 74958905   37229 2
1368 74958905 74958905       0 2
1369 74958905 75272164  313259 4
1370 75272164 75272165       1 2
1371 75354441 75383573   29132 2
1372 75383573 75457150   73577 2
1373 75457150 75457151       1 2
1374 75457151 75459915    2764 2
1375 75459915 75459916       1 2
1376 75459916 75464211    4295 2
1377 75464211 75480632   16421 2
1378 75480632 75480632       0 2
1379 75480632 75480633       1 2
1380 75480633 75489448    8815 2
1381 75489448 75490568    1120 2
1382 75490568 75498220    7652 2
1383 75498220 75498813     593 2
1384 75498813 75521599   22786 2
1385 75521599 75557763   36164 2
1386 75557763 75588807   31044 2
1387 75588807 75588807       0 2
1388 75588807 75655201   66394 4
1389 75655201 75655201       0 2
1390 75655201 75655202       1 2
1391 75655202 75662539    7337 2
1392 75662539 75662539       0 2
1393 75662539 75662540       1 2
1394 75662540 75666666    4126 2
1395 75666666 75666666       0 2
1396 75666666 75666667       1 2
1397 75666667 75666725      58 2
1398 75666725 75667514     789 2
1399 75667514 75667514       0 2
1400 75667514 75667515       1 2
1401 75667515 75676828    9313 2
1402 75676828 75682248    5420 2
1403 75682248 75701674   19426 2
1404 75701674 75701675       1 2
1405 75701675 75702579     904 2
1406 75702579 75750231   47652 2
1407 75750231 75750232       1 2
1408 75750232 75757667    7435 2
1409 75757667 75758773    1106 2
1410 75758773 75759531     758 2
1411 75759531 75767012    7481 2
1412 75767012 75768344    1332 2
1413 75768344 75768345       1 2
1414 75768345 75769671    1326 2
1415 75769671 75771926    2255 2
1416 75771926 75778951    7025 2
1417 75778951 75790083   11132 2
1418 75790083 75794636    4553 2
1419 75794636 75795828    1192 2
1420 75795828 75795829       1 2
1421 75795829 75799028    3199 2
1422 75799028 75802789    3761 2
1423 75804309 75940473  136164 2
1424 75941993 75965667   23674 2
1425 76020262 76043089   22827 2
1426 76043089 76051542    8453 2
1427 76051542 76063581   12039 2
1428 76063581 76063581       0 2
1429 76063581 76063582       1 2
1430 76063582 76069108    5526 2
1431 76069108 76069109       1 2
1432 76069109 76069585     476 2
1433 76069585 76071853    2268 2
1434 76071853 76072149     296 2
1435 76072149 76073109     960 2
1436 76073109 76074898    1789 2
1437 76074898 76082081    7183 2
1438 76082081 76082961     880 2
1439 76082961 76084712    1751 2
1440 76084712 76088058    3346 2
1441 76088058 76088059       1 2
1442 76088059 76090366    2307 2
1443 76090366 76091117     751 2
1444 76091117 76092007     890 2
1445 76092007 76092332     325 2
1446 76092332 76092398      66 2
1447 76092398 76093602    1204 2
1448 76093602 76098354    4752 2
1449 76103788 76185800   82012 4
1450 76185800 76185801       1 1
1451 76185801 76202126   16325 1
1452 76202126 76202127       1 1
1453 76202127 76232785   30658 1
1454 76232785 76232786       1 1
1455 76232786 76233703     917 1
1456 76268577 76293605   25028 1
1457 76293605 76293606       1 1
1458 76293606 76309609   16003 1
1459 76309609 76325511   15902 1
1460 76325511 76351447   25936 1
1461 76351447 76374591   23144 1
1462 76374591 76382921    8330 1
1463 76382921 76383831     910 1
1464 76383831 76389467    5636 1
1465 76389467 76396119    6652 1
1466 76396119 76396120       1 1
1467 76396120 76409722   13602 1
1468 76409722 76422641   12919 1
1469 76422641 76425785    3144 1
1470 76425785 76427530    1745 1
1471 76427530 76458207   30677 1
1472 76523592 76553250   29658 1
1473 76553250 76553250       0 1
1474 76553250 76553251       1 1
1475 76553251 76559584    6333 1
1476 76559584 76717505  157921 1
1477 76717505 76717505       0 1
1478 76717505 76717506       1 1
1479 76717506 76717958     452 1
1480 76717958 76720005    2047 1
1481 76720005 76722677    2672 1
1482 76722677 76724136    1459 1
1483 76724136 76725614    1478 1
1484 76725614 76725614       0 1
1485 76725614 76725615       1 1
1486 76725615 76730236    4621 1
1487 76730236 76730245       9 1
1488 76730245 76730828     583 1
1489 76732348 77352712  620364 2
1490 77354232 77379033   24801 1
1491 77380553 77970279  589726 2
1492 77971799 77995025   23226 1
1493 78046900 78070800   23900 1
1494 78072320 78465690  393370 2
1495 78467210 78495135   27925 1
1496 78574528 78597628   23100 1
1497 78599148 78889836  290688 2
1498 78891356 78917752   26396 1
1499 78937239 79577255  640016 1
1500 79578775 80091694  512919 2
1501 80842923 80847419    4496 2
1502 80847419 80954982  107563 4
1503 80954982 80954983       1 2
1504 80954983 81022134   67151 2
1505 81022134 81095115   72981 2
1506 81095115 81218788  123673 4
1507 81218788 81218788       0 2
1508 81218788 81218789       1 2
1509 81254931 81371020  116089 2
1510 81371020 81442711   71691 2
1511 81442711 81484713   42002 2
1512 81484713 81505332   20619 2
1513 81506852 81664640  157788 2
1514 81666160 81910165  244005 4
1515 81910165 81910166       1 2
1516 81931423 81955203   23780 2
1517 81955203 81955204       1 2
1518 81958219 81987805   29586 2
1519 81987805 81987874      69 2
1520 81987874 81989256    1382 2
1521 81990776 82082502   91726 2
1522 82084022 82209702  125680 4
1523 82209702 82209703       1 1
1524 82209703 82216838    7135 1
1525 82216838 82216839       1 1
1526 82240580 82275316   34736 1
1527 82275316 82275317       1 1
1528 82275317 82285757   10440 1
1529 82287277 82532144  244867 2
1530 82533664 82652056  118392 1
1531 82652056 82652057       1 1
1532 82652057 82659846    7789 1
1533 82659846 82680144   20298 1
1534 82685508 82716660   31152 1
1535 82740735 82765282   24547 1
1536 82766802 82875167  108365 2
1537 82876687 82905145   28458 1
1538 82905145 82907686    2541 1
1539 82907686 82910922    3236 1
1540 82910922 82910923       1 1
1541 82910923 82912287    1364 1
1542 82912287 82916677    4390 1
1543 82916677 82918226    1549 1
1544 82919746 83595162  675416 2
1545 83596682 83617586   20904 1
1546 83650910 83671806   20896 1
1547 83673326 83799853  126527 2
1548 83801373 83804131    2758 1
1549 83805651 83949156  143505 2
1550 83950676 83975291   24615 1
1551 83975291 83986410   11119 1
1552 84014335 84022364    8029 1
1553 84109536 84148221   38685 1
1554 84149741 84913256  763515 2
1555 84914776 85604668  689892 1
1556 85604668 85610190    5522 1
1557 85610190 85610191       1 1