   0  1028832  1543912  515080 2
   1  2962871  3241370  278499 2
   2  3669374  4012168  342794 2
   3  4071349  4441366  370017 2
   4  4508905  5235295  726390 2
   5  5798326  6345945  547619 2
   6  6990408  7586055  595647 2
   7  8574565  8795029  220464 2
   8  8820354  8993810  173456 2
   9  9073807  9288879  215072 2
  10  9658518  9921830  263312 2
  11 10071375 10362541  291166 2
  12 10621566 10716719   95153 2
  13 10741517 10861426  119909 2
  14 10892093 11211738  319645 2
  15 11422699 12392791  970092 2
  16 12437944 12927642  489698 2
  17 12953014 13162870  209856 2
  18 13249142 13343534   94392 2
  19 14266205 14424307  158102 2
  20 14662469 14781239  118770 2
  21 15630082 16023384  393302 2
  22 16072337 16425866  353529 2
  23 16960473 18145107 1184634 2
  24 18181285 18457052  275767 2
  25 19148801 19670339  521538 2
  26 22067502 22423234  355732 2
  27 22956828 23701974  745146 2
  28 23733796 24523215  789419 2
  29 24992186 25102855  110669 2
  30 25149707 25712480  562773 2
  31 25991958 27116203 1124245 2
  32 27416344 27674217  257873 2
  33 28238501 28456557  218056 2
  34 29933362 30589838  656476 2
  35 30651353 30851164  199811 2
  36 30945163 31120263  175100 2
  37 31184359 31754621  570262 2
  38 32473927 33191173  717246 2
  39 33335161 33485641  150480 2
  40 33799474 33947320  147846 2
  41 34140111 34251578  111467 2
  42 36751844 36827048   75204 1
  43 36827048 36835560    8512 1
  44 36835560 36871522   35962 1
  45 36871522 36893557   22035 1
  46 36893557 37148636  255079 1
  47 37148636 37149413     777 1
  48 37149413 37151523    2110 1
  49 37151523 37153426    1903 1
  50 37153426 37176117   22691 1
  51 37177637 37796761  619124 2
  52 38176448 38200687   24239 2
  53 38200687 38202116    1429 2
  54 38202116 38211131    9015 2
  55 38212651 38314635  101984 2
  56 38316155 38335015   18860 2
  57 38335015 38356025   21010 2
  58 38360791 38381987   21196 2
  59 38383507 39365653  982146 2
  60 39367173 39388692   21519 2
  61 39388692 39706294  317602 4
  62 39706294 39757214   50920 4
  63 39757214 39757214       0 2
  64 39757214 39757214       0 2
  65 39757214 39777358   20144 2
  66 39777358 39777358       0 2
  67 39777358 39777358       0 2
  68 39777358 39777358       0 2
  69 39777358 39797660   20302 2
  70 39799180 39910553  111373 2
  71 39912073 39934161   22088 1
  72 39934161 39934161       0 1
  73 39934161 39934161       0 1
  74 39934161 39934161       0 1
  75 39934161 39961445   27284 1
  76 39961445 39967014    5569 1
  77 39970223 39995071   24848 1
  78 40008714 40009786    1072 1
  79 40009786 40017870    8084 1
  80 40017870 40017870       0 1
  81 40017870 40017870       0 1
  82 40017870 40042347   24477 1
  83 40042347 40042347       0 1
  84 40042347 40042348       1 1
  85 40042348 40042348       0 1
  86 40042348 40044009    1661 1
  87 40044009 40045042    1033 1
  88 40045042 40045042       0 1
  89 40045042 40045042       0 1
  90 40045042 40045042       0 1
  91 40045042 40045042       0 1
  92 40045042 40045042       0 1
  93 40045042 40045042       0 1
  94 40045042 40045042       0 1
  95 40045042 40045042       0 1
  96 40045042 40045042       0 1
  97 40045042 40045042       0 1
  98 40045042 40045042       0 1
  99 40045042 40045042       0 1
 100 40045042 40045042       0 1
 101 40045042 40045042       0 1
 102 40045042 40045042       0 1
 103 40045042 40045042       0 1
 104 40045042 40045042       0 1
 105 40045042 40045042       0 1
 106 40045042 40045042       0 1
 107 40045042 40045042       0 1
 108 40045042 40045042       0 1
 109 40045042 40045042       0 1
 110 40045042 40045042       0 1
 111 40045042 40045042       0 1
 112 40045042 40063116   18074 1
 113 40063116 40063116       0 1
 114 40063116 40063116       0 1
 115 40063116 40063116       0 1
 116 40063116 40063116       0 1
 117 40063116 40063116       0 1
 118 40063116 40063116       0 1
 119 40063116 40075239   12123 1
 120 40075239 40076606    1367 1
 121 40150993 40177022   26029 1
 122 40196052 40219804   23752 1
 123 40271634 40286745   15111 1
 124 40286745 40286745       0 1
 125 40286745 40286745       0 1
 126 40286745 40286745       0 1
 127 40286745 40294970    8225 1
 128 40294970 40299746    4776 1
 129 40299746 40303633    3887 1
 130 40303633 40303633       0 1
 131 40303633 40303633       0 1
 132 40303633 40328073   24440 1
 133 40328073 40328074       1 1
 134 40328074 40331932    3858 1
 135 40331932 40335689    3757 4
 136 40335689 40338757    3068 1
 137 40338757 40355999   17242 1
 138 40355999 40358578    2579 1
 139 40358578 40359019     441 1
 140 40359019 40382309   23290 1
 141 40382309 40382848     539 1
 142 40382848 40384846    1998 1
 143 40384846 40390073    5227 1
 144 40390073 40390115      42 1
 145 40390115 40392019    1904 1
 146 40392019 40397195    5176 1
 147 40397195 40397195       0 1
 148 40397195 40397195       0 1
 149 40397195 40404548    7353 1
 150 40404548 40414577   10029 1
 151 40414577 40414577       0 1
 152 40414577 40414577       0 1
 153 40414577 40422707    8130 1
 154 40422707 40445596   22889 1
 155 40445596 40445596       0 1
 156 40445596 40445596       0 1
 157 40445596 40445596       0 1
 158 40445596 40464997   19401 1
 159 40464997 40464997       0 1
 160 40464997 40470268    5271 1
 161 40470268 40473773    3505 1
 162 40473773 40476359    2586 1
 163 40476359 40476359       0 1
 164 40476359 40486542   10183 1
 165 40547798 40621997   74199 1
 166 40621997 40621997       0 4
 167 40621997 40621998       1 1
 168 40621998 40626507    4509 1
 169 40626507 40639580   13073 1
 170 40639580 40642689    3109 1
 171 40642689 40653262   10573 1
 172 40653262 40674269   21007 1
 173 40675609 40689476   13867 1
 174 40689476 40692555    3079 1
 175 40692555 40715177   22622 1
 176 40738521 40876460  137939 1
 177 40876460 40876461       1 1
 178 40876461 40884612    8151 1
 179 40884612 40889011    4399 1
 180 40889011 40973365   84354 1
 181 40973365 41009732   36367 1
 182 41009732 41062870   53138 1
 183 41062870 41212602  149732 1
 184 41212602 41217090    4488 1
 185 41217090 41264909   47819 1
 186 41264909 41266481    1572 1
 187 41266481 41305035   38554 1
 188 41305327 41345968   40641 1
 189 41345968 41370054   24086 1
 190 41371574 42853421 1481847 2
 191 42854941 42899238   44297 1
 192 42899238 43115931  216693 1
 193 43115931 43158033   42102 1
 194 43159553 43600990  441437 2
 195 43602510 43625942   23432 1
 196 43637243 43659994   22751 1
 197 43659994 43664802    4808 1
 198 43666322 43838875  172553 2
 199 44308872 44310841    1969 2
 200 44310841 44333737   22896 2
 201 44349977 44375714   25737 2
 202 44407593 44418110   10517 2
 203 44418110 44421890    3780 2
 204 44421890 44448527   26637 2
 205 44448527 44472292   23765 2
 206 44473812 45150361  676549 2
 207 45151881 45206572   54691 2
 208 45206572 45220311   13739 2
 209 45220311 45242653   22342 2
 210 45263944 45287360   23416 2
 211 45287360 45288240     880 2
 212 45288240 45422272  134032 2
 213 45422272 45422948     676 2
 214 45422948 45426531    3583 2
 215 45426531 45432883    6352 2
 216 45432883 45456835   23952 2
 217 45458355 45692098  233743 2
 218 45693618 45770947   77329 4
 219 45770947 45770947       0 4
 220 45770947 45770947       0 2
 221 45770947 45770947       0 2
 222 45770947 45770947       0 2
 223 45770947 45779768    8821 2
 224 45783729 45789155    5426 2
 225 45789155 45818199   29044 2
 226 45818815 45841275   22460 2
 227 45841275 45843991    2716 2
 228 45843991 45847856    3865 2
 229 45847856 45854530    6674 2
 230 45854530 45858888    4358 2
 231 45858888 45881459   22571 2
 232 45881459 45882394     935 2
 233 45882394 45889833    7439 1
 234 45889833 45889858      25 1
 235 45889858 45903184   13326 1
 236 45903184 45904312    1128 1
 237 45904312 45905810    1498 1
 238 45905810 45928264   22454 1
 239 45928264 45928933     669 1
 240 45928933 45928934       1 1
 241 45928934 45932953    4019 1
 242 45932953 45946050   13097 1
 243 45946050 45947577    1527 1
 244 45947577 45971972   24395 1
 245 45985433 46013901   28468 1
 246 46013901 46013901       0 1
 247 46013901 46013901       0 1
 248 46013901 46013901       0 1
 249 46013901 46013901       0 1
 250 46013901 46013901       0 1
 251 46013901 46013901       0 1
 252 46013901 46013901       0 1
 253 46013901 46013901       0 1
 254 46013901 46024250   10349 1
 255 46024250 46024250       0 1
 256 46024250 46024250       0 1
 257 46024250 46024250       0 1
 258 46024250 46024250       0 1
 259 46024250 46024250       0 1
 260 46024250 46024250       0 1
 261 46024250 46024250       0 1
 262 46024250 46024250       0 1
 263 46024250 46027843    3593 1
 264 46027843 46027843       0 1
 265 46027843 46027843       0 1
 266 46027843 46027843       0 1
 267 46027843 46027843       0 1
 268 46027843 46031727    3884 1
 269 46031727 46031727       0 1
 270 46031727 46031727       0 1
 271 46031727 46031727       0 1
 272 46031727 46031727       0 1
 273 46031727 46031727       0 1
 274 46031727 46031727       0 1
 275 46031727 46031727       0 1
 276 46031727 46031727       0 1
 277 46031727 46031727       0 1
 278 46031727 46031727       0 1
 279 46031727 46031727       0 1
 280 46031727 46031727       0 1
 281 46031727 46045794   14067 1
 282 46045794 46049528    3734 1
 283 46049528 46061266   11738 1
 284 46072047 46086939   14892 1
 285 46086939 46089446    2507 1
 286 46089446 46093867    4421 1
 287 46093867 46098374    4507 1
 288 46098374 46101377    3003 1
 289 46101377 46101377       0 1
 290 46101377 46115257   13880 1
 291 46115257 46115257       0 1
 292 46115257 46130618   15361 1
 293 46130618 46130618       0 1
 294 46130618 46130618       0 1
 295 46130618 46130618       0 1
 296 46130618 46141570   10952 1
 297 46141570 46141570       0 1
 298 46141570 46141570       0 1
 299 46141570 46167366   25796 1
 300 46168886 46289778  120892 2
 301 46291298 46320481   29183 1
 302 46380985 46459429   78444 1
 303 46460949 46606627  145678 2
 304 46608147 46852154  244007 4
 305 46852154 46875715   23561 1
 306 46877235 47562854  685619 2
 307 47564374 47906144  341770 1
 308 47906144 47916019    9875 1
 309 47918201 47942903   24702 1
 310 47986490 48014191   27701 1
 311 48015711 48569181  553470 2
 312 48570701 48583144   12443 1
 313 48583144 48583144       0 1
 314 48583144 48583144       0 1
 315 48583144 48583144       0 1
 316 48583144 48589507    6363 1
 317 48589507 48603419   13912 1
 318 48603419 48603419       0 1
 319 48603419 48603419       0 1
 320 48603419 48603419       0 1
 321 48603419 48603419       0 1
 322 48603419 48610953    7534 1
 323 48610953 48613044    2091 1
 324 48613044 48618947    5903 1
 325 48618947 48650534   31587 1
 326 48650534 48651257     723 1
 327 48651257 48656045    4788 1
 328 48656045 48666782   10737 1
 329 48666782 48667497     715 1
 330 48667497 48675907    8410 1
 331 48675907 48675907       0 1
 332 48675907 48698952   23045 1
 333 48698952 48702099    3147 1
 334 48702099 48706634    4535 1
 335 48706634 48707170     536 1
 336 48707170 48723412   16242 1
 337 48723412 48749042   25630 1
 338 48749042 48758244    9202 1
 339 48758244 48770268   12024 1
 340 48778368 48806328   27960 1
 341 48806328 48806328       0 1
 342 48806328 48815555    9227 1
 343 48815555 48817215    1660 1
 344 48818735 49093198  274463 2
 345 49094718 49135241   40523 1
 346 49199394 49232251   32857 1
 347 49232251 49234405    2154 1
 348 49234405 49352646  118241 1
 349 49352646 49355942    3296 1
 350 49355942 49379514   23572 1
 351 49381034 49881014  499980 2
 352 49930268 49958054   27786 2
 353 49958054 50340273  382219 2
 354 50340273 50342356    2083 2
 355 50342356 50371963   29607 2
 356 50404417 50418361   13944 2
 357 50418361 50418361       0 2
 358 50418361 50418361       0 2
 359 50418361 50422461    4100 2
 360 50422461 50445764   23303 2
 361 50479928 50504024   24096 2
 362 50504024 50504024       0 2
 363 50504024 50504024       0 2
 364 50504024 50504024       0 2
 365 50504024 50510553    6529 2
 366 50510553 50510554       1 2
 367 50510554 50511721    1167 2
 368 50513626 50535485   21859 2
 369 50535485 50535485       0 2
 370 50535485 50535485       0 2
 371 50535485 50535485       0 2
 372 50535485 50535485       0 2
 373 50535485 50554422   18937 2
 374 50554422 50554423       1 2
 375 50554423 50560298    5875 2
 376 50575692 50596810   21118 2
 377 50596810 50601920    5110 2
 378 50601920 50606938    5018 2
 379 50606938 50631819   24881 2
 380 50631819 50638928    7109 2
 381 50638928 50659704   20776 2
 382 50659704 50685474   25770 2
 383 50697835 50721640   23805 2
 384 50721640 50721640       0 2
 385 50721640 50726761    5121 2
 386 50726761 50729138    2377 2
 387 50729138 50729138       0 2
 388 50729138 50729138       0 2
 389 50729138 50729138       0 2
 390 50729138 50729138       0 2
 391 50729138 50729138       0 2
 392 50729138 50729138       0 2
 393 50729138 50735765    6627 2
 394 50735765 50735765       0 2
 395 50735765 50737398    1633 2
 396 50737398 50761873   24475 2
 397 50761873 50761874       1 2
 398 50761874 50761874       0 2
 399 50761874 50779991   18117 2
 400 50779991 50789351    9360 2
 401 50789351 50789352       1 2
 402 50789352 50796308    6956 2
 403 50796308 50818112   21804 2
 404 50818112 50863939   45827 2
 405 50863939 50871810    7871 2
 406 50871810 50895092   23282 2
 407 50917183 50975792   58609 2
 408 50975792 50976483     691 2
 409 50976483 51001364   24881 2
 410 51016015 51039218   23203 2
 411 51084695 51109340   24645 2
 412 51110860 51304776  193916 2
 413 51306296 51415033  108737 2
 414 51415033 51663670  248637 2
 415 51663670 51848887  185217 4
 416 51848887 51848887       0 2
 417 51848887 51848887       0 2
 418 51848887 51848887       0 2
 419 51848887 51848887       0 2
 420 51848887 51848887       0 2
 421 51848887 51848887       0 2
 422 51848887 51848887       0 2
 423 51848887 51848887       0 2
 424 51848887 51866964   18077 2
 425 51866964 51867640     676 2
 426 51867640 51885754   18114 2
 427 51885754 51885754       0 2
 428 51885754 51888357    2603 2
 429 51888357 51910951   22594 2
 430 51924650 51950776   26126 1
 431 51966205 51993036   26831 1
 432 51993036 51993036       0 1
 433 51993036 51993941     905 1
 434 51993941 51993941       0 1
 435 51993941 51993941       0 1
 436 51993941 51993941       0 1
 437 51993941 51993941       0 1
 438 51993941 51993941       0 1
 439 51993941 51993941       0 1
 440 51993941 51993941       0 1
 441 51993941 51993941       0 1
 442 51993941 51993941       0 1
 443 51993941 51993941       0 1
 444 51993941 51993941       0 1
 445 51993941 51993941       0 1
 446 51993941 51993941       0 1
 447 51993941 51993941       0 1
 448 51993941 51993941       0 1
 449 51993941 51993941       0 1
 450 51993941 51993941       0 1
 451 51993941 52007178   13237 1
 452 52007178 52007178       0 1
 453 52007178 52007178       0 1
 454 52007178 52007178       0 1
 455 52007178 52007178       0 1
 456 52007178 52007178       0 1
 457 52007178 52007178       0 1
 458 52007178 52007178       0 1
 459 52007178 52007178       0 1
 460 52007178 52007178       0 1
 461 52007178 52009330    2152 1
 462 52009330 52009330       0 1
 463 52009330 52012041    2711 1
 464 52012041 52012041       0 1
 465 52012041 52012041       0 1
 466 52012041 52012041       0 1
 467 52012041 52012041       0 1
 468 52012041 52020680    8639 1
 469 52020680 52020681       1 1
 470 52020681 52020725      44 1
 471 52020725 52023759    3034 1
 472 52023759 52035305   11546 1
 473 52044131 52063392   19261 1
 474 52063392 52063392       0 1
 475 52063392 52070100    6708 1
 476 52070100 52077572    7472 1
 477 52077572 52099414   21842 1
 478 52099414 52100589    1175 1
 479 52100589 52103095    2506 1
 480 52103095 52108533    5438 1
 481 52108533 52109803    1270 1
 482 52109803 52109931     128 1
 483 52109931 52131910   21979 1
 484 52186827 52211547   24720 1
 485 52211547 52211547       0 1
 486 52211547 52211547       0 1
 487 52211547 52211547       0 1
 488 52211547 52211547       0 1
 489 52211547 52211547       0 1
 490 52211547 52223450   11903 1
 491 52223450 52223450       0 1
 492 52223450 52223450       0 1
 493 52223450 52223450       0 1
 494 52223450 52223450       0 1
 495 52223450 52223450       0 1
 496 52223450 52223450       0 1
 497 52223450 52223450       0 1
 498 52223450 52223450       0 1
 499 52223450 52223450       0 1
 500 52223450 52223450       0 1
 501 52223450 52226896    3446 1
 502 52226896 52249699   22803 1
 503 52249699 52249699       0 1
 504 52249699 52249699       0 1
 505 52249699 52251053    1354 1
 506 52251053 52251053       0 1
 507 52251053 52251053       0 1
 508 52251053 52251053       0 1
 509 52251053 52270357   19304 1
 510 52278504 52305926   27422 1
 511 52307446 52436256  128810 2
 512 52437776 52459861   22085 1
 513 52459861 52472033   12172 1
 514 52472033 52472033       0 1
 515 52472033 52472033       0 1
 516 52472033 52477110    5077 1
 517 52477110 52477110       0 1
 518 52477110 52478823    1713 1
 519 52478823 52502269   23446 1
 520 52502269 52507417    5148 1
 521 52507417 52509984    2567 1
 522 52509984 52515610    5626 1
 523 52515610 52523531    7921 1
 524 52523531 52525790    2259 1
 525 52525790 52526465     675 1
 526 52526465 52549127   22662 1
 527 52549127 52549127       0 1
 528 52549127 52549127       0 1
 529 52549127 52549127       0 1
 530 52549127 52549127       0 1
 531 52549127 52549127       0 1
 532 52549127 52549127       0 1
 533 52549127 52549127       0 1
 534 52549127 52549127       0 1
 535 52549127 52557040    7913 1
 536 52558560 52721367  162807 2
 537 52722887 52726540    3653 1
 538 52726540 52746169   19629 1
 539 52746169 52756207   10038 1
 540 52756207 52781920   25713 1
 541 52783440 53261122  477682 2
 542 53262642 53270104    7462 1
 543 53270104 53270104       0 1
 544 53270104 53281440   11336 1
 545 53281440 53281440       0 1
 546 53281440 53281440       0 1
 547 53281440 53289065    7625 1
 548 53289065 53307258   18193 1
 549 53307258 53307258       0 1
 550 53307258 53332452   25194 1
 551 53351554 53374438   22884 1
 552 53374438 53376846    2408 1
 553 53376846 53488913  112067 1
 554 53488913 53724386  235473 1
 555 53724386 53751750   27364 1
 556 53751750 53856175  104425 1
 557 53856175 54108590  252415 1
 558 54165278 54228389   63111 1
 559 54229909 54735266  505357 2
 560 54736786 54760625   23839 1
 561 54798080 54828776   30696 1
 562 54828776 54828776       0 1
 563 54828776 54828776       0 1
 564 54828776 54828776       0 1
 565 54828776 54860535   31759 1
 566 54860535 54860536       1 1
 567 54862056 55158095  296039 2
 568 55159615 55472378  312763 1
 569 55473898 55923147  449249 2
 570 56488172 56495341    7169 2
 571 56495341 56519987   24646 2
 572 56596419 56623591   27172 2
 573 56623591 56623591       0 2
 574 56623591 56623591       0 2
 575 56623591 56632899    9308 2
 576 56632899 56641961    9062 2
 577 56641961 56675760   33799 2
 578 56675760 56679829    4069 2
 579 56679829 56693334   13505 2
 580 56693334 56697546    4212 2
 581 56697546 56721591   24045 2
 582 56729039 56747554   18515 2
 583 56747554 56757241    9687 2
 584 56757241 56757357     116 2
 585 56757357 56779818   22461 2
 586 56779818 56781857    2039 2
 587 56781857 56783121    1264 2
 588 56783121 56788308    5187 2
 589 56788308 56795720    7412 2
 590 56795720 56795720       0 2
 591 56795720 56796018     298 2
 592 56796018 56818693   22675 2
 593 56861502 56886745   25243 2
 594 56888265 56984044   95779 2
 595 56985564 57008909   23345 2
 596 57008909 57061961   53052 2
 597 57061961 57345339  283378 2
 598 57345339 57414178   68839 2
 599 57414178 57455336   41158 2
 600 57455336 57622076  166740 2
 601 57622076 57863351  241275 4
 602 57863351 57863351       0 2
 603 57863351 57863352       1 2
 604 57884670 57905912   21242 2
 605 57905912 57906165     253 2
 606 57906165 57927877   21712 2
 607 57975689 57998306   22617 1
 608 57998306 57998306       0 1
 609 57998306 58009223   10917 1
 610 58009223 58016333    7110 1
 611 58017775 58031655   13880 1
 612 58031655 58042855   11200 1
 613 58042855 58042855       0 1
 614 58042855 58052179    9324 1
 615 58052179 58053205    1026 1
 616 58053205 58054687    1482 1
 617 58054687 58062529    7842 1
 618 58062529 58062529       0 1
 619 58062529 58085141   22612 1
 620 58124433 58170873   46440 4
 621 58170873 58170873       0 1
 622 58170873 58170873       0 1
 623 58170873 58170873       0 1
 624 58170873 58170873       0 1
 625 58170873 58177744    6871 1
 626 58177744 58186441    8697 1
 627 58186441 58190597    4156 1
 628 58192117 58320256  128139 2
 629 58321776 58322071     295 1
 630 58322071 58330631    8560 1
 631 58330631 58335305    4674 1
 632 58335305 58335305       0 1
 633 58335305 58335305       0 1
 634 58335305 58335305       0 1
 635 58335305 58357531   22226 1
 636 58357531 58357531       0 1
 637 58357531 58357531       0 1
 638 58357531 58357531       0 1
 639 58357531 58357531       0 1
 640 58357531 58357531       0 1
 641 58357531 58357531       0 1
 642 58357531 58357531       0 1
 643 58357531 58357531       0 1
 644 58357531 58357531       0 1
 645 58357531 58357531       0 1
 646 58357531 58357531       0 1
 647 58357531 58374779   17248 1
 648 58374779 58379786    5007 1
 649 58424098 58460660   36562 1
 650 58460660 58460660       0 1
 651 58460660 58460660       0 1
 652 58460660 58460660       0 1
 653 58460660 58460660       0 1
 654 58460660 58460660       0 1
 655 58460660 58468760    8100 1
 656 58468760 58491096   22336 1
 657 58491096 58494389    3293 1
 658 58494389 58495507    1118 1
 659 58495507 58518703   23196 1
 660 58534107 58559387   25280 1
 661 58559387 58859335  299948 1
 662 58859335 59136425  277090 1
 663 59219773 59253073   33300 1
 664 59253073 59257166    4093 1
 665 59257166 59283892   26726 1
 666 59297214 59299402    2188 1
 667 59299402 59309373    9971 1
 668 59309373 59323849   14476 1
 669 59323849 59337362   13513 1
 670 59337362 59337362       0 1
 671 59337362 59367714   30352 1
 672 59367714 59367714       0 1
 673 59367714 59414129   46415 1
 674 59415649 59600842  185193 2
 675 59602362 59629300   26938 1
 676 59629300 59629300       0 1
 677 59629300 59629300       0 1
 678 59629300 59629300       0 1
 679 59629300 59644862   15562 1
 680 59646382 60864823 1218441 2
 681 60866343 60897289   30946 1
 682 60897289 60897289       0 1
 683 60897289 60897289       0 1
 684 60897289 60914329   17040 1
 685 60914329 60923895    9566 1
 686 60923895 60925535    1640 1
 687 60982112 61004233   22121 1
 688 61032332 61066070   33738 1
 689 61126868 61512286  385418 1
 690 61512286 61512286       0 1
 691 61512286 61512286       0 1
 692 61512286 61512286       0 1
 693 61512286 61512286       0 1
 694 61512286 61521267    8981 1
 695 61521267 61527819    6552 1
 696 61529339 61965285  435946 2
 697 62799611 62820966   21355 2
 698 62820966 62827522    6556 2
 699 62827522 63121380  293858 2
 700 63121380 63160398   39018 2
 701 63160398 63251356   90958 2
 702 63251356 63256151    4795 2
 703 63256151 63261667    5516 2
 704 63261667 63303937   42270 2
 705 63320999 63566317  245318 2
 706 63566317 63582556   16239 2
 707 63582556 63819145  236589 4
 708 63819145 63819145       0 2
 709 63819145 63839871   20726 2
 710 63841391 63976764  135373 2
 711 63978284 63993247   14963 2
 712 63993247 64006125   12878 2
 713 64006125 64006125       0 2
 714 64006125 64006125       0 2
 715 64006125 64010326    4201 1
 716 64010326 64010786     460 1
 717 64010786 64018092    7306 1
 718 64018092 64041639   23547 1
 719 64041639 64041639       0 1
 720 64041639 64041639       0 1
 721 64041639 64041639       0 1
 722 64041639 64048631    6992 1
 723 64048631 64049388     757 1
 724 64049388 64071509   22121 1
 725 64110246 64156371   46125 4
 726 64156371 64156371       0 1
 727 64156371 64156371       0 1
 728 64156371 64156371       0 1
 729 64156371 64156371       0 1
 730 64156371 64159948    3577 1
 731 64159948 64160508     560 1
 732 64192708 64214286   21578 1
 733 64287074 64309481   22407 1
 734 64309481 64309481       0 1
 735 64309481 64324797   15316 1
 736 64324797 64329336    4539 1
 737 64329336 64331493    2157 1
 738 64331493 64335201    3708 1
 739 64335201 64361768   26567 1
 740 64361768 64367358    5590 1
 741 64367358 64375426    8068 1
 742 64375426 64386910   11484 1
 743 64386910 64388747    1837 1
 744 64388747 64388747       0 1
 745 64388747 64411134   22387 1
 746 64411134 64428482   17348 1
 747 64433725 64435034    1309 1
 748 64435034 64437187    2153 1
 749 64437187 64440741    3554 1
 750 64440741 64440741       0 1
 751 64440741 64459374   18633 1
 752 64459374 64461397    2023 1
 753 64461397 64467799    6402 1
 754 64467799 64467799       0 1
 755 64467799 64467977     178 1
 756 64467977 64497514   29537 1
 757 64551598 64573183   21585 1
 758 64573183 64582976    9793 1
 759 64582976 64605522   22546 1
 760 64607042 64807166  200124 2
 761 64808686 65140401  331715 1
 762 65140401 65207631   67230 1
 763 65207631 65222751   15120 1
 764 65222751 65230170    7419 1
 765 65230170 65232597    2427 1
 766 65232597 65234636    2039 1
 767 65234636 65258263   23627 1
 768 65324920 65347958   23038 1
 769 65349478 66973716 1624238 2
 770 66975236 67011527   36291 1
 771 67011527 67044629   33102 1
 772 67118709 67519423  400714 1
 773 67520943 68007423  486480 2
 774 68310814 68320276    9462 2
 775 68320276 68344300   24024 2
 776 68345820 68768710  422890 2
 777 68770230 68883191  112961 2
 778 68902306 68993213   90907 2
 779 68993213 69134068  140855 2
 780 69134068 69321607  187539 4
 781 69321607 69321607       0 2
 782 69321607 69322380     773 2
 783 69322380 69367595   45215 2
 784 69367595 69397178   29583 2
 785 69397178 69468911   71733 2
 786 69468911 69565021   96110 2
 787 69565021 69811837  246816 4
 788 69811837 69811837       0 2
 789 69811837 69811838       1 2
 790 69811838 69843938   32100 2
 791 69843938 69873119   29181 2
 792 69873119 69873843     724 2
 793 69873843 69873934      91 2
 794 69873934 69874440     506 2
 795 69874440 69897183   22743 2
 796 69897183 69897183       0 2
 797 69897183 69897183       0 2
 798 69897183 69897183       0 2
 799 69897183 69897183       0 2
 800 69897183 69900051    2868 2
 801 69900051 69900051       0 2
 802 69900051 69900051       0 2
 803 69900051 69900051       0 2
 804 69900051 69900051       0 2
 805 69900051 69900051       0 2
 806 69900051 69900051       0 2
 807 69900051 69900051       0 2
 808 69900051 69904045    3994 2
 809 69943916 69967785   23869 2
 810 69969305 70093973  124668 2
 811 70095493 70100434    4941 1
 812 70100434 70107161    6727 1
 813 70107161 70107161       0 1
 814 70107161 70109548    2387 1
 815 70109548 70116280    6732 4
 816 70116280 70120475    4195 1
 817 70120475 70120475       0 1
 818 70120475 70120909     434 1
 819 70120909 70145860   24951 1
 820 70177405 70205595   28190 1
 821 70205595 70205595       0 1
 822 70205595 70205595       0 1
 823 70205595 70205595       0 1
 824 70205595 70213975    8380 1
 825 70213975 70229587   15612 1
 826 70229587 70235953    6366 1
 827 70235953 70257675   21722 1
 828 70270491 70291852   21361 1
 829 70291852 70296375    4523 1
 830 70296375 70309800   13425 1
 831 70309800 70311274    1474 1
 832 70311274 70326385   15111 1
 833 70326385 70326385       0 1
 834 70326385 70330689    4304 1
 835 70330689 70330689       0 1
 836 70330689 70333066    2377 1
 837 70333066 70333066       0 1
 838 70333066 70342176    9110 1
 839 70342176 70342176       0 1
 840 70342176 70342176       0 1
 841 70342176 70363985   21809 1
 842 70363985 70371489    7504 1
 843 70371489 70377231    5742 1
 844 70377231 70377231       0 1
 845 70377231 70377231       0 1
 846 70377231 70377231       0 1
 847 70377231 70377231       0 1
 848 70377231 70377231       0 1
 849 70377231 70377231       0 1
 850 70377231 70377231       0 1
 851 70377231 70377231       0 1
 852 70377231 70377231       0 1
 853 70377231 70377231       0 1
 854 70377231 70378848    1617 1
 855 70378848 70378848       0 1
 856 70378848 70380745    1897 1
 857 70380745 70383083    2338 1
 858 70383083 70409987   26904 1
 859 70409987 70409987       0 1
 860 70409987 70409988       1 1
 861 70409988 70409988       0 1
 862 70409988 70413027    3039 1
 863 70413027 70443749   30722 1
 864 70443749 70443750       1 1
 865 70443750 70479453   35703 1
 866 70479453 70501605   22152 1
 867 70503495 70508939    5444 1
 868 70508939 70509060     121 1
 869 70509060 70512271    3211 1
 870 70512271 70535555   23284 1
 871 70537075 70793383  256308 2
 872 70794903 70819714   24811 1
 873 70819714 70819714       0 1
 874 70819714 70819714       0 1
 875 70819714 70819714       0 1
 876 70819714 70822907    3193 1
 877 70822907 70822907       0 1
 878 70822907 70822907       0 1
 879 70822907 70822907       0 1
 880 70822907 70822907       0 1
 881 70822907 70822907       0 1
 882 70822907 70822907       0 1
 883 70822907 70826412    3505 1
 884 70826412 70826412       0 1
 885 70826412 70826412       0 1
 886 70826412 70826412       0 1
 887 70826412 70826412       0 1
 888 70826412 70826839     427 1
 889 70826839 70848869   22030 1
 890 70848869 70852269    3400 1
 891 70852269 70864584   12315 1
 892 70864584 70868440    3856 1
 893 70868440 70869629    1189 1
 894 70871149 73031853 2160704 2
 895 73033373 73055602   22229 1
 896 73055602 73057480    1878 1
 897 73057480 73059163    1683 1
 898 73059163 73061634    2471 1
 899 73061634 73085614   23980 1
 900 73087134 73569951  482817 2
 901 73571471 73595006   23535 1
 902 73596526 73915446  318920 2
 903 73916966 73940864   23898 1
 904 73942384 74049559  107175 2
 905 74222386 74300242   77856 2
 906 74300242 74300243       1 2
 907 74300243 74372921   72678 2
 908 74372921 74435390   62469 2
 909 74435390 74438697    3307 2
 910 74438697 74480461   41764 2
 911 74483883 74795139  311256 2
 912 74795139 74826989   31850 2
 913 74826989 74898703   71714 2
 914 74898703 74958905   60202 2
 915 74958905 75272164  313259 4
 916 75272164 75272165       1 2
 917 75354441 75383573   29132 2
 918 75383573 75434268   50695 2
 919 75434268 75437777    3509 2
 920 75437777 75437945     168 2
 921 75437945 75440463    2518 2
 922 75440463 75442681    2218 2
 923 75442681 75449813    7132 2
 924 75449813 75454143    4330 2
 925 75454143 75480633   26490 2
 926 75480633 75480633       0 2
 927 75480633 75490568    9935 2
 928 75490568 75496877    6309 2
 929 75496877 75496877       0 2
 930 75496877 75496877       0 2
 931 75496877 75531827   34950 2
 932 75531827 75531827       0 2
 933 75531827 75588807   56980 2
 934 75588807 75655201   66394 4
 935 75655201 75655201       0 2
 936 75655201 75655201       0 2
 937 75655201 75655201       0 2
 938 75655201 75662539    7338 2
 939 75662539 75662539       0 2
 940 75662539 75662539       0 2
 941 75662539 75662539       0 2
 942 75662539 75662539       0 2
 943 75662539 75662539       0 2
 944 75662539 75662539       0 2
 945 75662539 75662539       0 2
 946 75662539 75662539       0 2
 947 75662539 75676828   14289 2
 948 75676828 75676843      15 2
 949 75676843 75676843       0 2
 950 75676843 75700923   24080 2
 951 75700923 75700923       0 2
 952 75700923 75725012   24089 2
 953 75725012 75750231   25219 2
 954 75750231 75750231       0 2
 955 75750231 75750231       0 2
 956 75750231 75750231       0 2
 957 75750231 75750231       0 2
 958 75750231 75750231       0 2
 959 75750231 75750231       0 2
 960 75750231 75769671   19440 2
 961 75769671 75771853    2182 2
 962 75771853 75771853       0 2
 963 75771853 75771853       0 2
 964 75771853 75772320     467 2
 965 75772320 75773736    1416 2
 966 75773736 75795829   22093 2
 967 75795829 75795829       0 2
 968 75795829 75802789    6960 2
 969 75804309 75940473  136164 2
 970 75941993 75965667   23674 2
 971 76020262 76037181   16919 2
 972 76037181 76037181       0 2
 973 76037181 76037181       0 2
 974 76037181 76041785    4604 2
 975 76041785 76063582   21797 2
 976 76063582 76069108    5526 2
 977 76069108 76069108       0 2
 978 76069108 76069108       0 2
 979 76069108 76069108       0 2
 980 76069108 76069108       0 2
 981 76069108 76069108       0 2
 982 76069108 76069108       0 2
 983 76069108 76069108       0 2
 984 76069108 76069108       0 2
 985 76069108 76069108       0 2
 986 76069108 76069108       0 2
 987 76069108 76069108       0 2
 988 76069108 76069108       0 2
 989 76069108 76069774     666 2
 990 76069774 76069774       0 2
 991 76069774 76092332   22558 2
 992 76092332 76092398      66 2
 993 76092398 76093602    1204 2
 994 76093602 76098354    4752 2
 995 76103788 76177242   73454 4
 996 76177242 76177242       0 1
 997 76177242 76202126   24884 1
 998 76202126 76202127       1 1
 999 76202127 76210796    8669 1
1000 76210796 76211201     405 1
1001 76211201 76233703   22502 1
1002 76268577 76293605   25028 1
1003 76293605 76293606       1 1
1004 76293606 76299837    6231 1
1005 76299837 76313627   13790 1
1006 76313627 76340865   27238 1
1007 76340865 76346391    5526 1
1008 76346391 76358710   12319 1
1009 76358710 76367571    8861 1
1010 76367571 76369905    2334 1
1011 76369905 76370515     610 1
1012 76370515 76377207    6692 1
1013 76377207 76405526   28319 1
1014 76405526 76405526       0 1
1015 76405526 76405526       0 1
1016 76405526 76423557   18031 1
1017 76423557 76458207   34650 1
1018 76523592 76553250   29658 1
1019 76553250 76553250       0 1
1020 76553250 76553251       1 1
1021 76553251 76559584    6333 1
1022 76559584 76693718  134134 1
1023 76693718 76694254     536 1
1024 76694254 76695106     852 1
1025 76695106 76700782    5676 1
1026 76700782 76700782       0 1
1027 76700782 76700782       0 1
1028 76700782 76700782       0 1
1029 76700782 76700782       0 1
1030 76700782 76702821    2039 1
1031 76702821 76706044    3223 1
1032 76706044 76706475     431 1
1033 76706475 76730245   23770 1
1034 76730245 76730828     583 1
1035 76732348 77352712  620364 2
1036 77354232 77379033   24801 1
1037 77380553 77970279  589726 2
1038 77971799 77995025   23226 1
1039 78046900 78070800   23900 1
1040 78072320 78465690  393370 2
1041 78467210 78495135   27925 1
1042 78574528 78597628   23100 1
1043 78599148 78889836  290688 2
1044 78891356 78917752   26396 1
1045 78937239 79577255  640016 1
1046 79578775 80091694  512919 2
1047 80842923 80847419    4496 2
1048 80847419 80954982  107563 4
1049 80954982 80954983       1 2
1050 80954983 80981527   26544 2
1051 80981527 81095115  113588 2
1052 81095115 81218788  123673 4
1053 81218788 81218788       0 2
1054 81218788 81218789       1 2
1055 81254931 81371020  116089 2
1056 81371020 81379467    8447 2
1057 81379467 81458092   78625 2
1058 81458092 81505332   47240 2
1059 81506852 81664640  157788 2
1060 81666160 81910165  244005 4
1061 81910165 81910166       1 2
1062 81931423 81955203   23780 2
1063 81955203 81955204       1 2
1064 81958219 81987805   29586 2
1065 81987805 81987874      69 2
1066 81987874 81989256    1382 2
1067 81990776 82082502   91726 2
1068 82084022 82187382  103360 4
1069 82187382 82189368    1986 1
1070 82189368 82194463    5095 1
1071 82194463 82216839   22376 1
1072 82240580 82275316   34736 1
1073 82275316 82275317       1 1
1074 82275317 82285757   10440 1
1075 82287277 82532144  244867 2
1076 82533664 82635913  102249 1
1077 82635913 82635913       0 1
1078 82635913 82659846   23933 1
1079 82659846 82680144   20298 1
1080 82685508 82716660   31152 1
1081 82740735 82765282   24547 1
1082 82766802 82875167  108365 2
1083 82876687 82884596    7909 1
1084 82884596 82887790    3194 1
1085 82887790 82888465     675 1
1086 82888465 82889037     572 1
1087 82889037 82892184    3147 1
1088 82892184 82892184       0 1
1089 82892184 82918226   26042 1
1090 82919746 83595162  675416 2
1091 83596682 83617586   20904 1
1092 83650910 83671806   20896 1
1093 83673326 83799853  126527 2
1094 83801373 83804131    2758 1
1095 83805651 83949156  143505 2
1096 83950676 83963643   12967 1
1097 83963643 83986410   22767 1
1098 84014335 84022364    8029 1
1099 84109536 84148221   38685 1
1100 84149741 84913256  763515 2
1101 84914776 85604668  689892 1
1102 85604668 85604668       0 1
1103 85604668 85610191    5523 1