   0   165169   268328  103159 4
   1   268328   268328       0 1
   2   268328   268329       1 1
   3   268329   279749   11420 1
   4   279749   279749       0 1
   5   279749   279749       0 1
   6   279749   282341    2592 1
   7   282341   282341       0 1
   8   282341   282341       0 1
   9   282341   282341       0 1
  10   282341   282733     392 1
  11   282733   294507   11774 1
  12   294507   317598   23091 1
  13   388182   403081   14899 1
  14   403081   403081       0 1
  15   403081   416618   13537 1
  16   416618   416618       0 1
  17   416618   416618       0 1
  18   416618   416968     350 1
  19   416968   423169    6201 1
  20   423169   433763   10594 1
  21   433763   438080    4317 1
  22   438080   442434    4354 1
  23   442434   448353    5919 1
  24   448353   448353       0 1
  25   448353   448353       0 1
  26   448353   448353       0 1
  27   448353   448353       0 1
  28   448353   448353       0 1
  29   448353   449668    1315 1
  30   449668   475917   26249 4
  31   475917   475917       0 1
  32   475917   475917       0 1
  33   475917   475917       0 1
  34   475917   475917       0 1
  35   475917   475917       0 1
  36   475917   475917       0 1
  37   475917   482554    6637 1
  38   482554   484292    1738 1
  39   484292   484292       0 1
  40   484292   497288   12996 1
  41   497288   497412     124 1
  42   515754   533793   18039 1
  43   533793   534454     661 1
  44   534454   537155    2701 1
  45   537155   559571   22416 1
  46   559571   567509    7938 1
  47   567509   567509       0 1
  48   567509   570668    3159 1
  49   570668   570815     147 1
  50   570815   593718   22903 1
  51   602746   626713   23967 1
  52   626713   637902   11189 1
  53   637902   640273    2371 1
  54   640273   645729    5456 1
  55   645729   672163   26434 1
  56   673683   966372  292689 2
  57   967892  1000795   32903 1
  58  1000795  1005978    5183 1
  59  1005978  1009551    3573 1
  60  1009551  1032413   22862 1
  61  1033933  1198630  164697 2
  62  1200150  1229381   29231 1
  63  1243372  1258723   15351 1
  64  1258723  1288812   30089 1
  65  1290332  2235713  945381 2
  66  2237233  2264463   27230 1
  67  2282814  2290593    7779 1
  68  2290593  2291606    1013 1
  69  2291606  2298054    6448 1
  70  2298054  2298054       0 1
  71  2298054  2384340   86286 1
  72  2443526  2811833  368307 1
  73  2811833  2835728   23895 1
  74  2837248  3331292  494044 2
  75  3332812  4017774  684962 1
  76  4019294  4229373  210079 2
  77  4230893  4254460   23567 1
  78  4255980  4576560  320580 2
  79  4874639  5205324  330685 2
  80  5205324  5205325       1 2
  81  5205325  5207197    1872 2
  82  5207197  5230166   22969 2
  83  5231686  6017561  785875 2
  84  6019081  6046538   27457 2
  85  6046538  6046539       1 2
  86  6046539  6054551    8012 2
  87  6085264  6153066   67802 2
  88  6153066  6176364   23298 2
  89  6177514  6180095    2581 2
  90  6180095  6186212    6117 2
  91  6186212  6187453    1241 2
  92  6187453  6189889    2436 2
  93  6189889  6190914    1025 2
  94  6190914  6209173   18259 2
  95  6209173  6209173       0 2
  96  6209173  6209173       0 2
  97  6209173  6209173       0 2
  98  6209173  6210986    1813 2
  99  6210986  6233898   22912 2
 100  6246791  6270176   23385 2
 101  6270176  6274428    4252 2
 102  6274428  6280800    6372 2
 103  6280800  6283375    2575 2
 104  6283375  6286063    2688 2
 105  6286063  6290251    4188 2
 106  6290251  6306988   16737 2
 107  6306988  6306988       0 2
 108  6306988  6306988       0 2
 109  6306988  6306988       0 2
 110  6306988  6309973    2985 2
 111  6309973  6310577     604 2
 112  6310577  6311678    1101 2
 113  6311678  6322079   10401 2
 114  6322079  6322079       0 2
 115  6322079  6322079       0 2
 116  6322079  6350264   28185 4
 117  6350264  6350265       1 2
 118  6356673  6378422   21749 2
 119  6378422  6421255   42833 4
 120  6421255  6421255       0 2
 121  6421255  6421255       0 2
 122  6421255  6421255       0 2
 123  6421255  6421255       0 2
 124  6421255  6428281    7026 2
 125  6428281  6428281       0 2
 126  6428281  6438945   10664 2
 127  6438945  6441086    2141 2
 128  6441086  6448619    7533 2
 129  6448619  6474005   25386 2
 130  6474005  6474684     679 2
 131  6474684  6476108    1424 2
 132  6476108  6478193    2085 2
 133  6478193  6478836     643 2
 134  6478836  6479930    1094 2
 135  6479930  6482123    2193 2
 136  6482123  6504985   22862 2
 137  6513445  6543695   30250 2
 138  6543695  6543696       1 2
 139  6543696  6547752    4056 2
 140  6547752  6562448   14696 2
 141  6562448  6564051    1603 2
 142  6564051  6572239    8188 2
 143  6572239  6573377    1138 2
 144  6573377  6584939   11562 2
 145  6584939  6584939       0 2
 146  6584939  6584939       0 2
 147  6584939  6584939       0 2
 148  6584939  6588160    3221 2
 149  6588160  6593756    5596 2
 150  6593756  6594355     599 2
 151  6594355  6603160    8805 2
 152  6603160  6606624    3464 2
 153  6606624  6633284   26660 2
 154  6633284  6634947    1663 1
 155  6634947  6638805    3858 1
 156  6638805  6640544    1739 1
 157  6640544  6664515   23971 1
 158  6666035  7010911  344876 2
 159  7012431  7311177  298746 1
 160  7311177  7313465    2288 1
 161  7313465  7320435    6970 1
 162  7320435  7321700    1265 1
 163  7321700  7321700       0 1
 164  7321700  7345423   23723 1
 165  7428838  7507579   78741 1
 166  7509099  7626120  117021 2
 167  7627640  7651269   23629 1
 168  7651269  7663003   11734 1
 169  7663003  7664360    1357 1
 170  7664360  7668638    4278 1
 171  7668638  7691282   22644 1
 172  7691282  7699927    8645 1
 173  7699927  7699928       1 1
 174  7699928  7709018    9090 1
 175  7709018  7720059   11041 1
 176  7720059  7722584    2525 1
 177  7722584  7730135    7551 1
 178  7730135  7754418   24283 1
 179  7764109  7791782   27673 1
 180  7791782  7794259    2477 1
 181  7794259  7829070   34811 1
 182  7830590  8033310  202720 2
 183  8034830  8053830   19000 1
 184  8053830  8053830       0 1
 185  8053830  8053830       0 1
 186  8053830  8062097    8267 1
 187  8062097  8073720   11623 1
 188  8073720  8073720       0 1
 189  8073720  8074379     659 1
 190  8074379  8079227    4848 1
 191  8079227  8079227       0 1
 192  8079227  8079227       0 1
 193  8079227  8113537   34310 1
 194  8113537  8113538       1 1
 195  8121241  8146744   25503 1
 196  8214750  8254720   39970 1
 197  8254720  8254720       0 1
 198  8254720  8278296   23576 1
 199  8278296  8292241   13945 1
 200  8309876  8334931   25055 1
 201  8334931  8334931       0 1
 202  8334931  8347525   12594 1
 203  8347525  8347525       0 1
 204  8347525  8368969   21444 1
 205  8368969  8368969       0 1
 206  8368969  8382921   13952 1
 207  8382921  8404365   21444 1
 208  8404365  8417917   13552 1
 209  8417917  8442166   24249 1
 210  8443686  8576182  132496 2
 211  8577702  8852364  274662 1
 212  8853884  9350760  496876 2
 213  9352280  9361177    8897 1
 214  9361177  9382709   21532 1
 215  9382709  9382709       0 1
 216  9382709  9382709       0 1
 217  9382709  9382709       0 1
 218  9382709  9382812     103 1
 219  9382812  9383412     600 1
 220  9383412  9385907    2495 1
 221  9385907  9408662   22755 1
 222  9410182 10610782 1200600 2
 223 10612302 10884277  271975 1
 224 10884277 11087824  203547 2
 225 11087824 11206287  118463 2
 226 11206287 11225118   18831 2
 227 11225118 11252326   27208 2
 228 11253846 11369546  115700 2
 229 11371066 11488897  117831 2
 230 11574228 11609593   35365 2
 231 11609593 11609594       1 2
 232 11609594 11609594       0 2
 233 11609594 11630580   20986 2
 234 11630580 11630581       1 2
 235 11630581 11630690     109 2
 236 11630690 11643714   13024 2
 237 11643714 11643828     114 2
 238 11643828 11655115   11287 2
 239 11655115 11656297    1182 2
 240 11656297 11669106   12809 2
 241 11669106 11673344    4238 2
 242 11673344 11696959   23615 2
 243 11696959 11709164   12205 2
 244 11709164 11718745    9581 2
 245 11718745 11743747   25002 2
 246 11745267 11838419   93152 2
 247 11839939 11984135  144196 2
 248 11984135 12265675  281540 2
 249 12276872 12354988   78116 4
 250 12354988 12354988       0 2
 251 12354988 12354988       0 2
 252 12354988 12360311    5323 2
 253 12360311 12374637   14326 2
 254 12421322 12443138   21816 2
 255 12443138 12443138       0 2
 256 12443138 12454437   11299 2
 257 12454437 12456189    1752 2
 258 12456189 12459756    3567 2
 259 12459756 12459756       0 2
 260 12459756 12466422    6666 2
 261 12466422 12471180    4758 2
 262 12471180 12471180       0 2
 263 12471180 12471180       0 2
 264 12471180 12474838    3658 2
 265 12474838 12507992   33154 4
 266 12507992 12507993       1 2
 267 12507993 12508008      15 2
 268 12508008 12530485   22477 2
 269 12530485 12546754   16269 2
 270 12546754 12569396   22642 2
 271 12569396 12586218   16822 2
 272 12586218 12603147   16929 2
 273 12603147 12603975     828 2
 274 12603975 12606678    2703 2
 275 12606678 12607655     977 2
 276 12607655 12622821   15166 2
 277 12622821 12622821       0 2
 278 12622821 12622821       0 2
 279 12622821 12645972   23151 2
 280 12647492 12932003  284511 2
 281 12933523 12958509   24986 1
 282 12958869 12985320   26451 1
 283 12985320 12985320       0 1
 284 12985320 12985320       0 1
 285 12985320 12987743    2423 1
 286 12987743 13014810   27067 1
 287 13014810 13026819   12009 1
 288 13031776 13039261    7485 1
 289 13039261 13039261       0 1
 290 13039261 13039261       0 1
 291 13039261 13043010    3749 1
 292 13043010 13043010       0 1
 293 13043010 13043010       0 1
 294 13043010 13050366    7356 1
 295 13050366 13054879    4513 1
 296 13054879 13064637    9758 1
 297 13064637 13072618    7981 1
 298 13074138 13428951  354813 2
 299 13430471 13596037  165566 1
 300 13596037 13898029  301992 1
 301 13898029 13956453   58424 1
 302 13956453 13959207    2754 1
 303 13959207 14078010  118803 1
 304 14078010 14125263   47253 1
 305 14125263 14149019   23756 1
 306 14152981 14177109   24128 1
 307 14177109 14177109       0 1
 308 14177109 14197408   20299 1
 309 14197408 14197409       1 1
 310 14197409 14201206    3797 1
 311 14201206 14205754    4548 1
 312 14205754 14252197   46443 1
 313 14252197 14276001   23804 1
 314 14276001 14279724    3723 1
 315 14279724 14282065    2341 1
 316 14282065 14285712    3647 1
 317 14285712 14289709    3997 1
 318 14289709 14299414    9705 1
 319 14299414 14332341   32927 1
 320 14333861 15453555 1119694 2
 321 15455075 15488283   33208 1
 322 15488283 15514562   26279 1
 323 15517480 15523026    5546 1
 324 15523026 15548028   25002 1
 325 15549548 15916806  367258 2
 326 15918326 15918732     406 1
 327 15918732 15952011   33279 1
 328 16027544 16083517   55973 1
 329 16083517 16083518       1 1
 330 16083518 16095984   12466 1
 331 16095984 16095984       0 1
 332 16095984 16097481    1497 1
 333 16097481 16102139    4658 1
 334 16102139 16132685   30546 1
 335 16139979 16162935   22956 1
 336 16162935 16162935       0 1
 337 16162935 16162935       0 1
 338 16162935 16162935       0 1
 339 16162935 16176487   13552 1
 340 16176487 16176488       1 1
 341 16176488 16183728    7240 1
 342 16183728 16190779    7051 1
 343 16192299 16660760  468461 2
 344 17573692 17839130  265438 2
 345 17839130 18169331  330201 2
 346 18169331 18174695    5364 2
 347 18174695 18556060  381365 4
 348 18556060 18556060       0 2
 349 18556060 18556061       1 2
 350 18585931 19029359  443428 4
 351 19029359 19029359       0 1
 352 19029359 19029359       0 1
 353 19029359 19029359       0 1
 354 19029359 19033576    4217 1
 355 19033576 19062093   28517 1
 356 19063613 19480578  416965 2
 357 19482098 19490813    8715 1
 358 19490813 19490813       0 1
 359 19490813 19771201  280388 1
 360 19771201 19811935   40734 1
 361 19811935 19865208   53273 1
 362 19866728 20173537  306809 2
 363 20175057 20183374    8317 1
 364 20217211 20223022    5811 1
 365 20223022 20234577   11555 1
 366 20234577 20234577       0 1
 367 20234577 20234577       0 1
 368 20234577 20248381   13804 1
 369 20248381 20248381       0 1
 370 20248381 20255955    7574 1
 371 20255955 20258883    2928 1
 372 20258883 20271721   12838 1
 373 20271721 20277558    5837 1
 374 20277558 20278443     885 1
 375 20278443 20295306   16863 1
 376 20295306 20295306       0 1
 377 20295306 20295306       0 1
 378 20295306 20316743   21437 1
 379 20320627 20341471   20844 1
 380 20341471 20341471       0 1
 381 20341471 20352817   11346 1
 382 20352817 20359120    6303 1
 383 20447623 20471336   23713 1
 384 20472856 21449800  976944 2
 385 21451320 21495325   44005 1
 386 21495325 21495326       1 1
 387 21495326 21509295   13969 1
 388 21510815 21896488  385673 2
 389 21898008 21945652   47644 1
 390 21945652 21968282   22630 1
 391 21968282 21995216   26934 1
 392 21995216 22100684  105468 1
 393 22100684 22107684    7000 1
 394 22107684 22133459   25775 1
 395 22164976 22189015   24039 1
 396 22190535 22702853  512318 2
 397 24116435 24310018  193583 4
 398 24310018 24310018       0 2
 399 24310018 24310019       1 2
 400 24310019 24319874    9855 2
 401 24319874 24322800    2926 2
 402 24322800 24325504    2704 2
 403 24325504 24335258    9754 2
 404 24335258 24354623   19365 2
 405 24354623 24354623       0 2
 406 24354623 24500375  145752 2
 407 24501895 24651235  149340 2
 408 24652755 25002965  350210 4
 409 25002965 25002965       0 1
 410 25002965 25002966       1 1
 411 25002966 25003431     465 1
 412 25003431 25003432       1 1
 413 25003432 25003778     346 1
 414 25003778 25013114    9336 1
 415 25013114 25018767    5653 1
 416 25018767 25019394     627 1
 417 25019394 25022138    2744 1
 418 25022138 25022138       0 1
 419 25022138 25022547     409 1
 420 25022547 25024222    1675 1
 421 25024222 25027663    3441 1
 422 25027663 25027663       0 1
 423 25027663 25027663       0 1
 424 25027663 25028308     645 1
 425 25028308 25029701    1393 1
 426 25029701 25029701       0 1
 427 25029701 25031962    2261 1
 428 25031962 25037682    5720 1
 429 25037682 25037682       0 1
 430 25037682 25037682       0 1
 431 25037682 25060838   23156 1
 432 25066413 25074626    8213 1
 433 25074626 25074626       0 1
 434 25074626 25077350    2724 1
 435 25077350 25077350       0 1
 436 25077350 25079605    2255 1
 437 25079605 25080741    1136 1
 438 25080741 25090927   10186 1
 439 25090927 25090927       0 1
 440 25090927 25090927       0 1
 441 25090927 25090927       0 1
 442 25090927 25090927       0 1
 443 25090927 25113785   22858 1
 444 25113785 25115075    1290 1
 445 25115075 25116322    1247 1
 446 25116322 25116866     544 1
 447 25116866 25126854    9988 1
 448 25126854 25137694   10840 1
 449 25137694 25139430    1736 1
 450 25139430 25162045   22615 1
 451 25235036 25260262   25226 1
 452 25261782 25433657  171875 2
 453 25435177 25636393  201216 1
 454 25636393 25646271    9878 1
 455 25646271 25723089   76818 1
 456 25723089 25916988  193899 1
 457 25916988 25924142    7154 1
 458 25947104 25982754   35650 1
 459 25982754 25982755       1 1
 460 25982755 26038376   55621 1
 461 26038376 26050073   11697 1
 462 26050073 26147468   97395 1
 463 26167558 26337680  170122 1
 464 26339201 26524533  185332 2
 465 26526053 26549161   23108 1
 466 26575395 26580252    4857 1
 467 26580252 26583546    3294 1
 468 26583546 26609574   26028 1
 469 26636397 26660993   24596 1
 470 26660993 26682174   21181 1
 471 26683694 27571811  888117 2
 472 27573331 27579382    6051 1
 473 27579382 27606219   26837 1
 474 27607739 27868398  260659 2
 475 27869918 27915120   45202 1
 476 27915120 27946920   31800 1
 477 27946920 27974250   27330 1
 478 27975770 28113103  137333 2
 479 28114623 28141125   26502 1
 480 28142645 28744949  602304 2
 481 30139772 30347524  207752 4
 482 30347524 30347524       0 2
 483 30347524 30347524       0 2
 484 30347524 30347524       0 2
 485 30347524 30347524       0 2
 486 30347524 30347524       0 2
 487 30347524 30347524       0 2
 488 30347524 30347524       0 2
 489 30347524 30347524       0 2
 490 30347524 30347524       0 2
 491 30347524 30356581    9057 2
 492 30356581 30356582       1 2
 493 30387118 30389321    2203 2
 494 30389321 30450559   61238 2
 495 30450559 30450560       1 2
 496 30478654 30512990   34336 2
 497 30520172 30542063   21891 2
 498 30542063 30575681   33618 2
 499 30622823 30656432   33609 2
 500 30656432 30656558     126 2
 501 30689152 30980462  291310 4
 502 30980462 30980462       0 1
 503 30980462 30980462       0 1
 504 30980462 30980462       0 1
 505 30980462 30980494      32 1
 506 30980494 30980494       0 1
 507 30980494 30980494       0 1
 508 30980494 30981615    1121 1
 509 30981615 31004255   22640 1
 510 31004255 31004720     465 1
 511 31004720 31021991   17271 1
 512 31021991 31042723   20732 1
 513 31070903 31105413   34510 1
 514 31105413 31105413       0 1
 515 31105413 31128867   23454 1
 516 31151292 31186956   35664 1
 517 31186956 31187934     978 1
 518 31187934 31209810   21876 1
 519 31217856 31233904   16048 1
 520 31233904 31233904       0 1
 521 31233904 31258119   24215 1
 522 31259639 31351588   91949 2
 523 31353108 31682357  329249 4
 524 31682357 31682358       1 1
 525 31695595 31826633  131038 1
 526 31826633 31842128   15495 1
 527 31875954 32037880  161926 1
 528 32037880 32242151  204271 1
 529 32242151 32324370   82219 1
 530 32324370 32529892  205522 1
 531 32529892 32706212  176320 1
 532 32706212 32915339  209127 1
 533 32915339 32928280   12941 1
 534 32929800 33611076  681276 2
 535 33612596 33619090    6494 1
 536 33619090 33625507    6417 1
 537 33625507 33625507       0 1
 538 33625507 33652540   27033 1
 539 33652540 33652541       1 1
 540 33712306 33743413   31107 1
 541 33812508 33833017   20509 1
 542 33833017 33896294   63277 1
 543 33896294 33927010   30716 1
 544 33928530 34130085  201555 2
 545 34131605 34141404    9799 1
 546 34141404 34168399   26995 1
 547 34168399 34169332     933 1
 548 34170852 34787045  616193 2
 549 35915415 35936652   21237 2
 550 35938172 36270930  332758 2
 551 36272450 36335000   62550 4
 552 36335000 36335001       1 2
 553 36335001 36353207   18206 2
 554 36353207 36363812   10605 2
 555 36365332 36457723   92391 2
 556 36459243 36648575  189332 2
 557 36648575 36648575       0 2
 558 36648575 36648575       0 2
 559 36648575 36648575       0 2
 560 36648575 36651943    3368 2
 561 36651943 36675194   23251 2
 562 36704104 36770034   65930 4
 563 36770034 36770034       0 2
 564 36770034 36770034       0 2
 565 36770034 36770034       0 2
 566 36770034 36775903    5869 2
 567 36775903 36797848   21945 2
 568 36799368 36932769  133401 2
 569 36934289 36934343      54 1
 570 36934343 36951228   16885 1
 571 36951228 36976474   25246 1
 572 36980351 37005449   25098 1
 573 37015068 37016162    1094 1
 574 37016162 37027215   11053 1
 575 37027215 37027215       0 1
 576 37027215 37027215       0 1
 577 37027215 37027215       0 1
 578 37027215 37027215       0 1
 579 37027215 37031146    3931 1
 580 37031146 37031146       0 1
 581 37031146 37031146       0 1
 582 37031146 37033483    2337 1
 583 37033483 37033483       0 1
 584 37033483 37033483       0 1
 585 37033483 37034838    1355 1
 586 37034838 37035790     952 1
 587 37035790 37035860      70 1
 588 37035860 37038542    2682 1
 589 37038542 37038542       0 1
 590 37038542 37038542       0 1
 591 37038542 37038542       0 1
 592 37038542 37039643    1101 1
 593 37039643 37041450    1807 1
 594 37041450 37042898    1448 1
 595 37042898 37042898       0 1
 596 37042898 37048021    5123 1
 597 37048021 37048021       0 1
 598 37048021 37048021       0 1
 599 37048021 37048021       0 1
 600 37048021 37048021       0 1
 601 37048021 37048021       0 1
 602 37048021 37048021       0 1
 603 37048021 37057706    9685 1
 604 37057706 37057706       0 1
 605 37057706 37058005     299 1
 606 37058005 37081563   23558 1
 607 37081563 37083040    1477 1
 608 37084560 37230582  146022 2
 609 37232102 37261684   29582 1
 610 37261684 37261684       0 1
 611 37261684 37261684       0 1
 612 37261684 37261684       0 1
 613 37261684 37261684       0 1
 614 37261684 37261684       0 1
 615 37261684 37261684       0 1
 616 37261684 37261684       0 1
 617 37261684 37261684       0 1
 618 37261684 37261684       0 1
 619 37261684 37278261   16577 1
 620 37282189 37305260   23071 1
 621 37305260 37370705   65445 4
 622 37370705 37370705       0 1
 623 37370705 37370705       0 1
 624 37370705 37391250   20545 1
 625 37391250 37413671   22421 1
 626 37419837 37439499   19662 1
 627 37439499 37439499       0 1
 628 37439499 37461603   22104 1
 629 37473049 37511843   38794 1
 630 37511843 37511843       0 1
 631 37511843 37522022   10179 1
 632 37522022 37525227    3205 1
 633 37525227 37525227       0 1
 634 37525227 37525817     590 1
 635 37525817 37532529    6712 1
 636 37532529 37532529       0 1
 637 37532529 37532529       0 1
 638 37532529 37533075     546 1
 639 37533075 37555932   22857 1
 640 37555932 37556696     764 1
 641 37588873 37633428   44555 1
 642 37642219 37654365   12146 1
 643 37654365 37654365       0 1
 644 37654365 37654365       0 1
 645 37654365 37654365       0 1
 646 37654365 37654365       0 1
 647 37654365 37677507   23142 1
 648 37677507 37737849   60342 4
 649 37737849 37737849       0 1
 650 37737849 37737850       1 1
 651 37737850 37771718   33868 1
 652 37771718 37812723   41005 1
 653 37825425 38097323  271898 1
 654 38097323 38192673   95350 1
 655 38192673 38256596   63923 1
 656 38256596 38262794    6198 1
 657 38262794 38266167    3373 1
 658 38266167 38326557   60390 1
 659 38326557 38392528   65971 1
 660 38392528 38392529       1 1
 661 38394049 38719841  325792 2
 662 38721361 38744264   22903 1
 663 38745784 39803674 1057890 2
 664 39805194 39855557   50363 1
 665 39858600 39866248    7648 1
 666 39866248 39908580   42332 1
 667 39908580 40124640  216060 1
 668 40124640 40125652    1012 1
 669 40125652 40126896    1244 1
 670 40126896 40128337    1441 1
 671 40128337 40128337       0 1
 672 40128337 40130821    2484 1
 673 40130821 40131865    1044 1
 674 40131865 40131865       0 1
 675 40131865 40131865       0 1
 676 40131865 40132843     978 1
 677 40132843 40135281    2438 1
 678 40135281 40135281       0 1
 679 40135281 40135418     137 1
 680 40135418 40138589    3171 1
 681 40138589 40162503   23914 1
 682 40162503 40163916    1413 1
 683 40165436 40632137  466701 2
 684 40633657 40656667   23010 1
 685 40658187 40764011  105824 2
 686 40765531 40789039   23508 1
 687 40789039 40789039       0 1
 688 40789039 40813388   24349 1
 689 40852429 40875137   22708 2
 690 40876657 41122406  245749 2
 691 41123926 41136522   12596 2
 692 41136522 41147267   10745 2
 693 41147267 41173929   26662 2
 694 41173929 41185934   12005 2
 695 41185934 41195524    9590 2
 696 41195524 41202072    6548 2
 697 41202072 41204154    2082 2
 698 41204154 41216449   12295 2
 699 41216449 41216449       0 2
 700 41216449 41218947    2498 2
 701 41218947 41219239     292 2
 702 41219239 41239038   19799 2
 703 41239038 41239038       0 2
 704 41239038 41262750   23712 2
 705 41262750 41270067    7317 2
 706 41283641 41306576   22935 2
 707 41306576 41323425   16849 2
 708 41324945 41568362  243417 2
 709 41569882 41592412   22530 2
 710 41670843 41691578   20735 2
 711 41693098 42265901  572803 2
 712 42267421 42288852   21431 2
 713 42288852 42299620   10768 2
 714 42301140 42480883  179743 2
 715 42482403 42536884   54481 2
 716 42536884 42700517  163633 4
 717 42700517 42700517       0 2
 718 42700517 42753983   53466 4
 719 42753983 42753983       0 2
 720 42753983 42753983       0 2
 721 42753983 42753983       0 2
 722 42753983 42753983       0 2
 723 42753983 42753983       0 2
 724 42753983 42753983       0 2
 725 42753983 42753983       0 2
 726 42753983 42753983       0 2
 727 42753983 42753983       0 2
 728 42753983 42753983       0 2
 729 42753983 42765360   11377 2
 730 42765360 42765360       0 2
 731 42765360 42787963   22603 2
 732 42828010 42832675    4665 2
 733 42832675 42855868   23193 2
 734 42862912 42867186    4274 1
 735 42867186 42890023   22837 1
 736 42890023 42892103    2080 1
 737 42892103 42897309    5206 1
 738 42897309 42909833   12524 1
 739 42909833 42915596    5763 1
 740 42915596 42915596       0 1
 741 42915596 42915911     315 1
 742 42915911 42916525     614 1
 743 42916525 42919784    3259 1
 744 42919784 42929971   10187 1
 745 42929971 42955181   25210 1
 746 42956508 42981108   24600 1
 747 42995695 43003184    7489 1
 748 43003184 43003184       0 1
 749 43003184 43005380    2196 1
 750 43005380 43005380       0 1
 751 43005380 43007630    2250 1
 752 43007630 43009240    1610 1
 753 43009240 43011536    2296 1
 754 43011536 43011536       0 1
 755 43011536 43011536       0 1
 756 43011536 43011536       0 1
 757 43011536 43012415     879 1
 758 43012415 43012525     110 1
 759 43012525 43014202    1677 1
 760 43014202 43014202       0 1
 761 43014202 43014202       0 1
 762 43014202 43014202       0 1
 763 43014202 43014202       0 1
 764 43014202 43014202       0 1
 765 43014202 43014534     332 1
 766 43014534 43014534       0 1
 767 43014534 43016032    1498 1
 768 43016032 43019425    3393 1
 769 43019425 43019425       0 1
 770 43019425 43019425       0 1
 771 43019425 43020896    1471 1
 772 43020896 43021379     483 1
 773 43021379 43032232   10853 1
 774 43032232 43032232       0 1
 775 43032232 43032232       0 1
 776 43032232 43032232       0 1
 777 43032232 43032232       0 1
 778 43032232 43032232       0 1
 779 43032232 43032232       0 1
 780 43032232 43032232       0 1
 781 43032232 43032232       0 1
 782 43032232 43032232       0 1
 783 43032232 43032262      30 1
 784 43032262 43039935    7673 1
 785 43039935 43039935       0 1
 786 43039935 43039935       0 1
 787 43039935 43041067    1132 1
 788 43041067 43062881   21814 1
 789 43080865 43096624   15759 1
 790 43096624 43096624       0 1
 791 43096624 43112067   15443 1
 792 43112067 43112067       0 1
 793 43112067 43120372    8305 1
 794 43120372 43125591    5219 1
 795 43125591 43125591       0 1
 796 43125591 43125591       0 1
 797 43125591 43154445   28854 1
 798 43154445 43162869    8424 1
 799 43164389 43392611  228222 2
 800 43394131 43455752   61621 4
 801 43455752 43455752       0 1
 802 43455752 43455752       0 1
 803 43455752 43455752       0 1
 804 43455752 43455752       0 1
 805 43455752 43455752       0 1
 806 43455752 43468399   12647 1
 807 43469919 43565957   96038 2
 808 43567477 43573766    6289 1
 809 43573766 43573766       0 1
 810 43573766 44234252  660486 4
 811 44234252 44234252       0 1
 812 44234252 44234252       0 1
 813 44234252 44234252       0 1
 814 44234252 44234252       0 1
 815 44234252 44234284      32 1
 816 44234864 44236649    1785 1
 817 44236649 44242430    5781 1
 818 44242430 44266929   24499 1
 819 44268449 45523442 1254993 2
 820 45524962 45549279   24317 1
 821 45550799 45709446  158647 2
 822 45710966 45717583    6617 1
 823 45717583 45717583       0 1
 824 45717583 45723198    5615 1
 825 45723198 45741650   18452 1
 826 45741650 45764298   22648 1
 827 45765818 46103526  337708 2
 828 46105046 46147478   42432 1
 829 46148998 46258457  109459 2
 830 46259977 46285999   26022 1
 831 46285999 46337558   51559 1
 832 46362889 46379953   17064 1
 833 46379953 46404681   24728 1
 834 46404681 46412394    7713 1
 835 46413914 46817703  403789 2
 836 46819223 46838609   19386 1
 837 46838609 46863002   24393 1
 838 46863002 46873311   10309 1
 839 46876920 47339453  462533 2
 840 47339453 47347446    7993 2
 841 47347446 47370305   22859 2
 842 47370305 47370305       0 2
 843 47370305 47516530  146225 2
 844 47518050 48036526  518476 2
 845 48038046 48049145   11099 2
 846 48049145 48071835   22690 2
 847 48071835 48072225     390 2
 848 48072225 48072456     231 2
 849 48072456 48090783   18327 2
 850 48090783 48091366     583 2
 851 48091366 48113948   22582 2
 852 48113948 48118747    4799 2
 853 48118747 48118811      64 2
 854 48118811 48122759    3948 2
 855 48122759 48175932   53173 2
 856 48175932 48224095   48163 2
 857 48224095 48357405  133310 2
 858 48357405 48678906  321501 2
 859 48678906 48864110  185204 4
 860 48864110 48864110       0 2
 861 48864110 48864110       0 2
 862 48864110 48864110       0 2
 863 48864110 48864110       0 2
 864 48864110 48864110       0 2
 865 48864110 48864110       0 2
 866 48864110 48864110       0 2
 867 48864110 48864110       0 2
 868 48864110 48864110       0 2
 869 48864110 48864110       0 2
 870 48864110 48864110       0 2
 871 48864110 48864110       0 2
 872 48864110 48874911   10801 2
 873 48874911 48875954    1043 2
 874 48875954 48876123     169 2
 875 48876123 48898176   22053 2
 876 48898176 48898176       0 2
 877 48898176 48920788   22612 2
 878 48931427 48957655   26228 1
 879 48957655 48962377    4722 1
 880 48972847 48981059    8212 1
 881 48981059 48981059       0 1
 882 48981059 48982088    1029 1
 883 48982088 48982967     879 1
 884 48982967 48982967       0 1
 885 48982967 48984294    1327 1
 886 48984294 48987958    3664 1
 887 48987958 48987958       0 1
 888 48987958 48987958       0 1
 889 48987958 48987958       0 1
 890 48987958 48990101    2143 1
 891 48990101 48990101       0 1
 892 48990101 48990101       0 1
 893 48990101 48990101       0 1
 894 48990101 48990770     669 1
 895 48990770 48990770       0 1
 896 48990770 48990770       0 1
 897 48990770 48990779       9 1
 898 48990779 48991671     892 1
 899 48991671 48991806     135 1
 900 48991806 48998453    6647 1
 901 48998453 48998453       0 1
 902 48998453 48998453       0 1
 903 48998453 48998453       0 1
 904 48998453 48998453       0 1
 905 48998453 48998453       0 1
 906 48998453 48998453       0 1
 907 48998453 48998453       0 1
 908 48998453 48998453       0 1
 909 48998453 48998453       0 1
 910 48998453 48998453       0 1
 911 48998453 48998453       0 1
 912 48998453 49000099    1646 1
 913 49000099 49000099       0 1
 914 49000099 49001796    1697 1
 915 49001796 49001796       0 1
 916 49001796 49009998    8202 1
 917 49009998 49009998       0 1
 918 49009998 49009998       0 1
 919 49009998 49009998       0 1
 920 49009998 49032573   22575 1
 921 49032573 49046464   13891 1
 922 49056980 49072704   15724 1
 923 49072704 49075224    2520 1
 924 49075224 49081479    6255 1
 925 49081479 49087601    6122 1
 926 49087601 49101900   14299 1
 927 49101900 49101900       0 1
 928 49101900 49101900       0 1
 929 49101900 49101900       0 1
 930 49101900 49101900       0 1
 931 49101900 49120869   18969 1
 932 49120869 49121125     256 1
 933 49121125 49143160   22035 1
 934 49143160 49152568    9408 1
 935 49243093 49253870   10777 1
 936 49253870 49254475     605 1
 937 49254475 49263190    8715 1
 938 49263190 49263190       0 1
 939 49263190 49263190       0 1
 940 49263190 49286273   23083 1
 941 49286273 49288026    1753 1
 942 49288026 49313654   25628 1
 943 49313654 49322160    8506 1
 944 49323307 49324187     880 1
 945 49324187 49338818   14631 1
 946 49338818 49361492   22674 1
 947 49377154 49399788   22634 1
 948 49401308 49757040  355732 2
 949 49758560 50071044  312484 4
 950 50072564 50447338  374774 2
 951 50448858 50463098   14240 1
 952 50463098 50558468   95370 1
 953 50558468 50582403   23935 1
 954 50582403 50583811    1408 1
 955 50585331 50832016  246685 2
 956 50833536 50870289   36753 1
 957 50870289 50947460   77171 1
 958 50947460 51221650  274190 1
 959 51221650 51221651       1 1
 960 51223171 51426564  203393 2
 961 51428084 51434804    6720 1
 962 51434804 51434804       0 1
 963 51434804 51461700   26896 1
 964 51461700 51461700       0 1
 965 51461700 51463871    2171 1
 966 51463871 51464172     301 1
 967 51464172 51468720    4548 1
 968 51468720 51469126     406 1
 969 51469126 51475008    5882 1
 970 51475008 51475008       0 1
 971 51475008 51475008       0 1
 972 51475008 51475008       0 1
 973 51475008 51475008       0 1
 974 51475008 51475538     530 1
 975 51475538 51476620    1082 1
 976 51476620 51479274    2654 1
 977 51479274 51479274       0 1
 978 51479274 51483091    3817 1
 979 51483091 51483542     451 1
 980 51483542 51506502   22960 1
 981 51508022 51795652  287630 2
 982 51797172 51802798    5626 1
 983 51802798 51803711     913 1
 984 51803711 51830062   26351 1
 985 51831582 52179245  347663 2
 986 52180765 52186782    6017 1
 987 52186782 52186782       0 1
 988 52186782 52211497   24715 1
 989 52211497 52220694    9197 1
 990 52222214 52913311  691097 2
 991 52986443 53246889  260446 2
 992 53248409 53406822  158413 2
 993 53408342 53416931    8589 2
 994 53416931 53416931       0 2
 995 53416931 53417198     267 2
 996 53417198 53418927    1729 2
 997 53418927 53428250    9323 2
 998 53447009 53470662   23653 2
 999 53493399 53494637    1238 2
1000 53494637 53499193    4556 2
1001 53499193 53522661   23468 2
1002 53585419 53660290   74871 2
1003 53660290 53660656     366 2
1004 53662176 53836973  174797 2
1005 53838493 53859414   20921 2
1006 53871845 53903942   32097 2
1007 53903942 53914988   11046 2
1008 53914988 53938029   23041 2
1009 53938029 53938029       0 2
1010 53938029 53952718   14689 2
1011 53954238 54262937  308699 2
1012 54264457 54416104  151647 2
1013 54416104 54641962  225858 2
1014 54641962 54795996  154034 4
1015 54795996 54795996       0 2
1016 54795996 54795996       0 2
1017 54795996 54795996       0 2
1018 54795996 54795996       0 2
1019 54795996 54795996       0 2
1020 54795996 54808195   12199 2
1021 54818126 54819561    1435 2
1022 54819561 54828731    9170 2
1023 54828731 54831656    2925 2
1024 54831656 54832797    1141 2
1025 54832797 54832797       0 2
1026 54832797 54839411    6614 2
1027 54839411 54839411       0 2
1028 54839411 54839411       0 2
1029 54839411 54845396    5985 2
1030 54845396 54868944   23548 2
1031 54896728 54931073   34345 2
1032 54960630 54961730    1100 1
1033 54961730 54961730       0 1
1034 54961730 54965407    3677 1
1035 54965407 54965665     258 1
1036 54965665 54967889    2224 1
1037 54967889 54971011    3122 1
1038 54971011 54971011       0 1
1039 54971011 54972679    1668 1
1040 54972679 54976882    4203 1
1041 54976882 54976882       0 1
1042 54976882 54976882       0 1
1043 54976882 54976882       0 1
1044 54976882 54976882       0 1
1045 54976882 54976882       0 1
1046 54976882 54976882       0 1
1047 54976882 54976882       0 1
1048 54976882 54977525     643 1
1049 54977525 54979585    2060 1
1050 54979585 54979585       0 1
1051 54979585 54984277    4692 1
1052 54984277 54984277       0 1
1053 54984277 54985004     727 1
1054 54985004 55007090   22086 1
1055 55007090 55007090       0 1
1056 55007090 55007090       0 1
1057 55007090 55022467   15377 1
1058 55028248 55045664   17416 1
1059 55045664 55045664       0 1
1060 55045664 55054302    8638 1
1061 55054302 55062949    8647 1
1062 55062949 55084810   21861 1
1063 55084810 55086235    1425 1
1064 55086235 55087899    1664 1
1065 55087899 55092648    4749 1
1066 55142263 55170572   28309 1
1067 55170572 55176525    5953 1
1068 55176525 55189582   13057 1
1069 55189582 55189582       0 1
1070 55189582 55189582       0 1
1071 55189582 55189582       0 1
1072 55189582 55189582       0 1
1073 55189582 55189582       0 1
1074 55189582 55189582       0 1
1075 55189582 55197510    7928 1
1076 55197510 55197510       0 1
1077 55197510 55197510       0 1
1078 55197510 55197510       0 1
1079 55197510 55198045     535 1
1080 55198045 55220493   22448 1
1081 55222013 55368716  146703 2
1082 55370236 55373293    3057 1
1083 55373293 55385735   12442 1
1084 55385735 55385735       0 1
1085 55385735 55385735       0 1
1086 55385735 55405400   19665 1
1087 55405400 55410652    5252 1
1088 55410652 55410652       0 1
1089 55410652 55410652       0 1
1090 55410652 55412059    1407 1
1091 55412059 55435775   23716 1
1092 55435775 55439946    4171 1
1093 55439946 55445838    5892 1
1094 55445838 55454165    8327 1
1095 55454165 55454165       0 1
1096 55454165 55477318   23153 1
1097 55477318 55478758    1440 1
1098 55480278 55589253  108975 2
1099 55590773 55606852   16079 1
1100 55606852 55606852       0 1
1101 55606852 55606852       0 1
1102 55606852 55606852       0 1
1103 55606852 55606852       0 1
1104 55606852 55612956    6104 1
1105 55612956 55621827    8871 1
1106 55621827 55621827       0 1
1107 55621827 55621827       0 1
1108 55621827 55624657    2830 1
1109 55624657 55627440    2783 1
1110 55627440 55649849   22409 1
1111 55732350 55762150   29800 1
1112 55765980 55778921   12941 1
1113 55778921 55794927   16006 1
1114 55794927 55822071   27144 1
1115 55822071 55831320    9249 1
1116 55831320 55855794   24474 1
1117 55855794 55857690    1896 1
1118 55859210 56196513  337303 2
1119 56198033 56198834     801 1
1120 56198834 56206713    7879 1
1121 56206713 56206713       0 1
1122 56206713 56208033    1320 1
1123 56208033 56212213    4180 1
1124 56219582 56234787   15205 1
1125 56234787 56241607    6820 1
1126 56241607 56241607       0 1
1127 56241607 56246856    5249 1
1128 56246856 56255051    8195 1
1129 56255051 56268933   13882 1
1130 56268933 56282684   13751 1
1131 56284204 56388982  104778 2
1132 56390502 56482202   91700 1
1133 56482202 56482203       1 1
1134 56507604 56530827   23223 1
1135 56536882 56559928   23046 1
1136 56559928 56625498   65570 1
1137 56625498 56655440   29942 1
1138 56655440 56655441       1 1
1139 56656961 57853433 1196472 2
1140 57854953 57869241   14288 1
1141 57869241 57869241       0 1
1142 57869241 57869999     758 1
1143 57869999 57893870   23871 1
1144 57895390 58044315  148925 2
1145 58045835 58072705   26870 1
1146 58140648 58501021  360373 1
1147 58502541 58955404  452863 2
1148 59914211 60064746  150535 2
1149 60064746 60140989   76243 2
1150 60140989 60301788  160799 2
1151 60301788 60358220   56432 2
1152 60358220 60512038  153818 2
1153 60512038 60599170   87132 2
1154 60599170 60816874  217704 4
1155 60816874 60816875       1 2
1156 60816875 60821551    4676 2
1157 60821551 60822004     453 2
1158 60822004 60822542     538 2
1159 60822542 60843273   20731 2
1160 60843273 60867804   24531 2
1161 60867804 60909586   41782 2
1162 61003265 61007309    4044 1
1163 61007309 61008306     997 1
1164 61008306 61019288   10982 1
1165 61019288 61019288       0 1
1166 61019288 61028731    9443 1
1167 61028731 61030313    1582 1
1168 61030313 61031226     913 1
1169 61031226 61039870    8644 1
1170 61039870 61039870       0 1
1171 61039870 61040891    1021 1
1172 61040891 61041576     685 1
1173 61041576 61063213   21637 1
1174 61063213 61063213       0 1
1175 61063213 61063213       0 1
1176 61063213 61082940   19727 1
1177 61110990 61162484   51494 4
1178 61162484 61162484       0 1
1179 61162484 61162484       0 1
1180 61162484 61162484       0 1
1181 61162484 61162484       0 1
1182 61162484 61162484       0 1
1183 61162484 61171444    8960 1
1184 61172964 61308694  135730 2
1185 61310214 61332302   22088 1
1186 61386829 61391800    4971 1
1187 61391800 61391800       0 1
1188 61391800 61395092    3292 1
1189 61395092 61395092       0 1
1190 61395092 61395092       0 1
1191 61395092 61398013    2921 1
1192 61398013 61423774   25761 1
1193 61433090 61439201    6111 1
1194 61439201 61439201       0 1
1195 61439201 61443526    4325 1
1196 61443526 61443526       0 1
1197 61443526 61443526       0 1
1198 61443526 61447920    4394 1
1199 61447920 61475017   27097 1
1200 61475017 61475846     829 1
1201 61475846 61475847       1 1
1202 61475847 61479314    3467 1
1203 61479314 61496179   16865 1
1204 61496179 61518371   22192 1
1205 61518371 61520145    1774 1
1206 61520145 61542914   22769 1
1207 61542914 61548025    5111 1
1208 61548025 61583274   35249 1
1209 61583274 61583275       1 1
1210 61663322 61798116  134794 1
1211 61798116 62138578  340462 1
1212 62138578 62138579       1 1
1213 62141986 62147376    5390 1
1214 62147376 62152605    5229 1
1215 62152605 62163825   11220 1
1216 62163825 62181050   17225 1
1217 62181050 62365091  184041 1
1218 62366611 63077047  710436 2
1219 63078567 63101889   23322 1
1220 63103410 63903555  800145 2
1221 63905075 63931701   26626 1
1222 63931701 63939064    7363 1
1223 63939064 63945684    6620 1
1224 63945684 63960592   14908 1
1225 63960592 63960592       0 1
1226 63960592 63960592       0 1
1227 63960592 63960592       0 1
1228 63960592 63960592       0 1
1229 63960592 63963977    3385 1
1230 63963977 63963977       0 1
1231 63963977 63963977       0 1
1232 63963977 63964062      85 1
1233 63964062 63965660    1598 1
1234 63965660 63965660       0 1
1235 63965660 63966277     617 1
1236 63966277 63970105    3828 1
1237 63970105 63973214    3109 1
1238 63973214 63996964   23750 1
1239 64018434 64051498   33064 1
1240 64119766 64507894  388128 1
1241 64507894 64507894       0 1
1242 64507894 64512832    4938 1
1243 64512832 64536162   23330 1
1244 64537682 64997497  459815 2
1245 65989700 65993312    3612 2
1246 65993312 66072732   79420 2
1247 66072732 66092523   19791 2
1248 66092523 66117084   24561 2
1249 66117084 66127982   10898 2
1250 66129501 66278683  149182 2
1251 66280204 66371448   91244 2
1252 66371448 66371448       0 2
1253 66371448 66450700   79252 4
1254 66450700 66450701       1 2
1255 66497113 66568011   70898 2
1256 66568011 66776495  208484 4
1257 66776495 66776496       1 2
1258 66840503 66863166   22663 2
1259 66863166 66901931   38765 2
1260 66965618 66981767   16149 2
1261 66981767 67018157   36390 2
1262 67018157 67021874    3717 2
1263 67021874 67021875       1 2
1264 67021875 67051251   29376 2
1265 67051251 67051251       0 1
1266 67051251 67060592    9341 1
1267 67107592 67108197     605 1
1268 67108197 67141793   33596 4
1269 67141793 67141793       0 1
1270 67141793 67141793       0 1
1271 67141793 67141793       0 1
1272 67141793 67141793       0 1
1273 67141793 67149649    7856 1
1274 67182384 67189784    7400 1
1275 67189784 67198931    9147 1
1276 67198931 67221002   22071 1
1277 67221002 67221003       1 1
1278 67230979 67265273   34294 1
1279 67265273 67265274       1 1
1280 67280875 67299152   18277 1
1281 67299152 67299152       0 1
1282 67299152 67320395   21243 1
1283 67320395 67323018    2623 1
1284 67323018 67331919    8901 1
1285 67331919 67332954    1035 1
1286 67332954 67367310   34356 1
1287 67367310 67367311       1 1
1288 67369052 67379473   10421 1
1289 67379473 67379473       0 1
1290 67379473 67401875   22402 1
1291 67401875 67407362    5487 1
1292 67407362 67407363       1 1
1293 67407363 67408475    1112 1
1294 67408475 67412663    4188 1
1295 67412663 67420459    7796 1
1296 67420459 67447571   27112 1
1297 67447571 67447572       1 1
1298 67447572 67454549    6977 1
1299 67454549 67457686    3137 1
1300 67457686 67457838     152 1
1301 67457838 67460028    2190 1
1302 67460028 67460097      69 1
1303 67460097 67461739    1642 1
1304 67461739 67479248   17509 1
1305 67479248 67479248       0 1
1306 67479248 67479248       0 1
1307 67479248 67479365     117 1
1308 67479365 67496235   16870 1
1309 67496235 67496235       0 1
1310 67496235 67519916   23681 1
1311 67519916 67524470    4554 1
1312 67525990 67826398  300408 2
1313 67827918 68086502  258584 1
1314 68086502 68109423   22921 1
1315 68109423 68111222    1799 1
1316 68112742 70073392 1960650 2
1317 70074912 70449399  374487 1
1318 70449399 70449399       0 1
1319 70449399 70464143   14744 1
1320 70464143 70491793   27650 1
1321 70493313 70896477  403164 2
1322 70897997 70899187    1190 1
1323 70899187 70922628   23441 1
1324 70924148 71039589  115441 2
1325 71255462 71414260  158798 2
1326 71414260 71422318    8058 2
1327 71442006 71509783   67777 2
1328 71509783 71556935   47152 2
1329 71556935 71582868   25933 2
1330 71582868 71598121   15253 2
1331 71598121 71628118   29997 2
1332 71628118 71744683  116565 2
1333 71744683 71880527  135844 2
1334 71880527 71968365   87838 2
1335 71968365 71968366       1 2
1336 72007806 72244749  236943 4
1337 72244749 72244750       1 2
1338 72300420 72330778   30358 2
1339 72330778 72330779       1 2
1340 72378381 72379538    1157 2
1341 72379538 72420956   41418 2
1342 72420956 72420957       1 2
1343 72420957 72427535    6578 2
1344 72427535 72451235   23700 2
1345 72451235 72480996   29761 2
1346 72480996 72527582   46586 2
1347 72527582 72540172   12590 2
1348 72540172 72564481   24309 2
1349 72564481 72569015    4534 2
1350 72569015 72653638   84623 4
1351 72653638 72653638       0 2
1352 72653638 72653639       1 2
1353 72653639 72660056    6417 2
1354 72660056 72670498   10442 2
1355 72670498 72671983    1485 2
1356 72671983 72678205    6222 2
1357 72678205 72685231    7026 2
1358 72685231 72685232       1 2
1359 72685232 72697634   12402 2
1360 72697634 72705035    7401 2
1361 72705035 72707474    2439 2
1362 72707474 72708006     532 2
1363 72708006 72709591    1585 2
1364 72709591 72709591       0 2
1365 72709591 72710912    1321 2
1366 72710912 72711093     181 2
1367 72711093 72736223   25130 2
1368 72736223 72736223       0 2
1369 72736223 72736223       0 2
1370 72736223 72743160    6937 2
1371 72753786 72776755   22969 2
1372 72788778 72809706   20928 2
1373 72809706 72812376    2670 2
1374 72812376 72821319    8943 2
1375 72821319 72821319       0 2
1376 72821319 72823962    2643 2
1377 72823962 72846062   22100 2
1378 72846062 72846062       0 2
1379 72846062 72846062       0 2
1380 72846062 72850140    4078 2
1381 72850140 72851900    1760 2
1382 72851900 72851900       0 2
1383 72851900 72852030     130 2
1384 72852030 72852180     150 2
1385 72852180 72853582    1402 2
1386 72853582 72856868    3286 2
1387 72856868 72882732   25864 2
1388 72884252 73065763  181511 2
1389 73067283 73069929    2646 2
1390 73069929 73096537   26608 2
1391 73096537 73096537       0 1
1392 73096537 73096537       0 1
1393 73096537 73096537       0 1
1394 73096537 73096537       0 1
1395 73096537 73096537       0 1
1396 73096537 73096537       0 1
1397 73096537 73096537       0 1
1398 73096537 73096537       0 1
1399 73096537 73096537       0 1
1400 73096537 73096537       0 1
1401 73096537 73096537       0 1
1402 73096537 73106123    9586 1
1403 73106123 73106123       0 1
1404 73106123 73197943   91820 4
1405 73197943 73197943       0 1
1406 73197943 73200098    2155 1
1407 73200098 73207073    6975 1
1408 73207073 73207074       1 1
1409 73207074 73219156   12082 1
1410 73219156 73241650   22494 1
1411 73241650 73244035    2385 1
1412 73277943 73282247    4304 1
1413 73282247 73306942   24695 1
1414 73306942 73306942       0 1
1415 73306942 73314848    7906 1
1416 73314848 73314848       0 1
1417 73314848 73320502    5654 1
1418 73320502 73324124    3622 1
1419 73324124 73334115    9991 1
1420 73334115 73337389    3274 1
1421 73337389 73337389       0 1
1422 73337389 73347767   10378 1
1423 73347767 73352613    4846 1
1424 73352613 73352613       0 1
1425 73352613 73352613       0 1
1426 73352613 73354468    1855 1
1427 73354468 73358108    3640 1
1428 73358108 73358983     875 1
1429 73358983 73368205    9222 1
1430 73368205 73375777    7572 1
1431 73375777 73397681   21904 1
1432 73397681 73404586    6905 1
1433 73404586 73417006   12420 1
1434 73417006 73424809    7803 1
1435 73424809 73494468   69659 1
1436 73494468 73494469       1 1
1437 73499395 73725936  226541 1
1438 73725936 73725936       0 1
1439 73725936 73725936       0 1
1440 73725936 73725936       0 1
1441 73725936 73725936       0 1
1442 73725936 73725936       0 1
1443 73725936 73725936       0 1
1444 73725936 73728605    2669 1
1445 73728605 73731973    3368 1
1446 73731973 73731973       0 1
1447 73731973 73759033   27060 1
1448 73760553 75036963 1276410 2
1449 75038483 75042696    4213 1
1450 75042696 75064323   21627 1
1451 75066742 75088722   21980 1
1452 75088722 75095317    6595 1
1453 75096837 75945954  849117 2
1454 75947474 76003602   56128 1
1455 76003602 76003603       1 1
1456 76020676 76043152   22476 1
1457 76043152 76062958   19806 1
1458 76064478 77081680 1017202 2
1459 77149868 77274160  124292 2
1460 77274160 77274160       0 2
1461 77274160 77377362  103202 2
1462 77426995 77629461  202466 2
1463 77629461 77681918   52457 2
1464 77681918 77689635    7717 2
1465 77689635 77794476  104841 2
1466 77794476 77842220   47744 2
1467 77842220 77949962  107742 2
1468 77949962 77977796   27834 2
1469 77977796 77994814   17018 4
1470 77994814 78378642  383828 4
1471 78378642 78378643       1 2
1472 78397470 78403277    5807 2
1473 78403277 78429128   25851 2
1474 78432465 78448526   16061 2
1475 78448526 78452832    4306 2
1476 78452832 78477182   24350 2
1477 78478702 78588838  110136 2
1478 78590358 78591538    1180 2
1479 78591538 78615551   24013 2
1480 78615551 78618698    3147 2
1481 78618698 78663695   44997 4
1482 78663695 78663696       1 2
1483 78663696 78679491   15795 2
1484 78679491 78683756    4265 2
1485 78683756 78692002    8246 2
1486 78692002 78695374    3372 2
1487 78695374 78707077   11703 2
1488 78707077 78707219     142 2
1489 78707219 78721525   14306 2
1490 78721525 78721525       0 2
1491 78721525 78728800    7275 2
1492 78728800 78728800       0 2
1493 78728800 78728800       0 2
1494 78728800 78754931   26131 2
1495 78754931 78755896     965 2
1496 78777872 78783461    5589 2
1497 78783461 78786634    3173 2
1498 78786634 78788426    1792 2
1499 78788426 78812579   24153 2
1500 78812579 78812579       0 2
1501 78812579 78813817    1238 2
1502 78859720 78897675   37955 2
1503 78962421 78981484   19063 2
1504 78981484 78997979   16495 2
1505 78997979 78997979       0 2
1506 78997979 78997979       0 2
1507 78997979 79005720    7741 2
1508 79005720 79008267    2547 2
1509 79008267 79013335    5068 2
1510 79013335 79040065   26730 2
1511 79094524 79218528  124004 4
1512 79218528 79218528       0 1
1513 79218528 79218528       0 1
1514 79218528 79222655    4127 1
1515 79253479 79261373    7894 1
1516 79261373 79283218   21845 1
1517 79283218 79296759   13541 1
1518 79296759 79310982   14223 1
1519 79312502 79531960  219458 2
1520 79533480 79773349  239869 1
1521 79773349 79773350       1 1
1522 79799608 79801598    1990 1
1523 79801598 79801598       0 1
1524 79801598 79808444    6846 1
1525 79808444 79830988   22544 1
1526 79830988 79830988       0 1
1527 79830988 79832746    1758 1
1528 79832746 79832746       0 1
1529 79832746 79854922   22176 1
1530 79854922 79855309     387 1
1531 79856829 80874192 1017363 2
1532 80875712 80896696   20984 1
1533 80896696 80912988   16292 1
1534 80914508 81024108  109600 2
1535 81025628 81037447   11819 1
1536 81037447 81074786   37339 1
1537 81074786 81089169   14383 1
1538 81090689 81328088  237399 2
1539 81329608 81375434   45826 1
1540 81429968 81560715  130747 1
1541 81560715 81573769   13054 1
1542 81608551 81635760   27209 1
1543 81635760 81636496     736 1
1544 81638016 81921133  283117 2
1545 81922653 81928376    5723 1
1546 81928376 81928381       5 1
1547 81928381 81951816   23435 1
1548 81953336 82567874  614538 2
1549 82569394 82596016   26622 1
1550 82597536 82847003  249467 2
1551 82848523 82870957   22434 1
1552 82872478 83123770  251292 2
1553 83796729 83921601  124872 4
1554 83921601 83921601       0 2
1555 83921601 83921602       1 2
1556 83924825 83980407   55582 2
1557 83980407 83980407       0 2
1558 83980407 83995792   15385 2
1559 83995792 84028420   32628 2
1560 84042234 84105165   62931 2
1561 84105165 84125664   20499 2
1562 84125664 84195731   70067 2
1563 84239946 84244173    4227 2
1564 84244173 84244173       0 2
1565 84244173 84268155   23982 2
1566 84268155 84280176   12021 2
1567 84281696 84722042  440346 2
1568 84723562 84921855  198293 4
1569 84921855 84921855       0 2
1570 84921855 84921855       0 2
1571 84921855 84921855       0 2
1572 84921855 84921855       0 2
1573 84921855 84921855       0 2
1574 84921855 85063896  142041 2
1575 85063896 85166292  102396 4
1576 85166292 85166293       1 2
1577 85177714 85178372     658 1
1578 85178372 85213954   35582 1
1579 85213954 85242361   28407 1
1580 85242361 85264314   21953 1
1581 85264314 85264314       0 1
1582 85264314 85280310   15996 1
1583 85281830 85574405  292575 2
1584 85575925 85598484   22559 1
1585 85614577 85696998   82421 1
1586 85696998 85770264   73266 1
1587 85884860 85910207   25347 1