   0     6659     7901    1242 1
   1     7901    62462   54561 1
   2    62462    62462       0 1
   3    62462    62462       0 1
   4    62462    76084   13622 1
   5    77604   369489  291885 2
   6   371009   403872   32863 1
   7   403872   408497    4625 1
   8   408497   412284    3787 1
   9   412284   462511   50227 1
  10   464031   660369  196338 2
  11   661889   666377    4488 1
  12   666377   691483   25106 1
  13   693003  1623497  930494 2
  14  1625017  1640127   15110 1
  15  1640127  1641695    1568 1
  16  1641695  1668913   27218 1
  17  1668913  1669397     484 1
  18  1683326  1726420   43094 1
  19  1736659  1752279   15620 1
  20  1752279  1760620    8341 1
  21  1762140  1884710  122570 2
  22  1886230  1909163   22933 1
  23  1909163  1933636   24473 1
  24  1935156  2733996  798840 2
  25  2735516  3396606  661090 1
  26  3396606  3419334   22728 1
  27  3420854  3651622  230768 2
  28  3653142  3656641    3499 1
  29  3658161  3965790  307629 2
  30  4329338  4396842   67504 2
  31  4396842  4420663   23821 2
  32  4420663  4428148    7485 2
  33  4429668  5411104  981436 2
  34  5412624  5425102   12478 2
  35  5425102  5449867   24765 2
  36  5449867  5449867       0 2
  37  5449867  5449867       0 2
  38  5449867  5461051   11184 2
  39  5463018  5463039      21 2
  40  5463039  5484457   21418 2
  41  5484457  5499606   15149 2
  42  5499606  5551177   51571 2
  43  5551177  5551178       1 2
  44  5555820  5579147   23327 2
  45  5580918  5583515    2597 2
  46  5583515  5593295    9780 2
  47  5593295  5593295       0 2
  48  5593295  5615691   22396 2
  49  5615691  5615691       0 2
  50  5615691  5628119   12428 2
  51  5628119  5628119       0 2
  52  5628119  5628119       0 2
  53  5628119  5628119       0 2
  54  5628119  5637300    9181 2
  55  5677953  5684250    6297 2
  56  5684250  5693476    9226 2
  57  5693476  5697027    3551 2
  58  5697027  5706855    9828 2
  59  5706855  5706855       0 2
  60  5706855  5706855       0 2
  61  5706855  5733196   26341 4
  62  5733196  5733196       0 2
  63  5733196  5733196       0 2
  64  5733196  5733196       0 2
  65  5733196  5733196       0 2
  66  5733196  5733196       0 2
  67  5733196  5733196       0 2
  68  5733196  5747239   14043 2
  69  5747239  5753101    5862 2
  70  5753101  5761596    8495 2
  71  5761596  5783274   21678 2
  72  5785342  5788188    2846 2
  73  5788188  5788188       0 2
  74  5788188  5823813   35625 4
  75  5823813  5823813       0 2
  76  5823813  5823813       0 2
  77  5823813  5836414   12601 2
  78  5841718  5843646    1928 2
  79  5843646  5851451    7805 2
  80  5851451  5854266    2815 2
  81  5854266  5868613   14347 2
  82  5868613  5868613       0 2
  83  5868613  5890401   21788 2
  84  5890401  5890401       0 2
  85  5890401  5906195   15794 2
  86  5906195  5906195       0 2
  87  5906195  5908682    2487 2
  88  5916379  5930801   14422 2
  89  5930801  5956088   25287 2
  90  5956088  5966446   10358 2
  91  5966446  5966446       0 2
  92  5966446  5966446       0 2
  93  5966446  5984004   17558 2
  94  5984004  5984004       0 2
  95  5984004  5984004       0 2
  96  5984004  5984004       0 2
  97  5984004  6011485   27481 2
  98  6011485  6011485       0 2
  99  6011485  6011486       1 2
 100  6011486  6011486       0 2
 101  6011486  6020489    9003 2
 102  6020489  6020489       0 1
 103  6020489  6024611    4122 1
 104  6024611  6024611       0 1
 105  6024611  6052805   28194 1
 106  6054325  6409638  355313 2
 107  6411158  6416092    4934 1
 108  6416092  6673356  257264 1
 109  6714292  6723334    9042 1
 110  6723334  6931595  208261 1
 111  7024847  7030729    5882 1
 112  7030729  7054392   23663 1
 113  7054724  7079749   25025 1
 114  7079749  7079749       0 1
 115  7079749  7079749       0 1
 116  7079749  7079749       0 1
 117  7079749  7089369    9620 1
 118  7089369  7114351   24982 1
 119  7115871  7492787  376916 2
 120  7494307  7568711   74404 1
 121  7568711  7573555    4844 1
 122  7573555  7596602   23047 1
 123  7596602  7596602       0 1
 124  7596602  7615587   18985 1
 125  7615587  7659010   43423 1
 126  7669744  7673244    3500 1
 127  7673244  7673244       0 1
 128  7673244  7690647   17403 1
 129  7690647  7718761   28114 1
 130  7732629  7733560     931 1
 131  7733560  7757392   23832 1
 132  7776237  7778658    2421 1
 133  7778658  7779838    1180 1
 134  7779838  7806240   26402 1
 135  7806240  7806240       0 1
 136  7806240  7806240       0 1
 137  7806240  7806240       0 1
 138  7806240  7836774   30534 1
 139  7836774  7836774       0 1
 140  7836774  7836774       0 1
 141  7836774  7844793    8019 1
 142  7915794  8256866  341072 1
 143  8258386  8753405  495019 2
 144  8754925  8764209    9284 1
 145  8764209  8766397    2188 1
 146  8766397  8793554   27157 1
 147  8793554  8793555       1 1
 148  8793555  8793555       0 1
 149  8793555  8793555       0 1
 150  8793555  8793555       0 1
 151  8793555  8812375   18820 1
 152  8813895  9621108  807213 2
 153  9622628  9623944    1316 1
 154  9623944  9651387   27443 1
 155  9652907 10007916  355009 2
 156 10015686 10076470   60784 2
 157 10076470 10153337   76867 2
 158 10154857 10255189  100332 2
 159 10256709 10293459   36750 2
 160 10293459 10526233  232774 2
 161 10526233 10677108  150875 2
 162 10677108 10686614    9506 2
 163 10686614 10802281  115667 2
 164 10866473 10868004    1531 2
 165 10868004 10895247   27243 2
 166 10895247 10901462    6215 2
 167 10965326 10973267    7941 2
 168 10973267 11007186   33919 2
 169 11007186 11025111   17925 2
 170 11025111 11033303    8192 2
 171 11033303 11056310   23007 2
 172 11056310 11058376    2066 2
 173 11058376 11069008   10632 2
 174 11070528 11255420  184892 2
 175 11256940 11262671    5731 2
 176 11262671 11292159   29488 2
 177 11293679 11390709   97030 2
 178 11392229 11543435  151206 2
 179 11543435 11558521   15086 2
 180 11558521 11579474   20953 2
 181 11579474 11579475       1 2
 182 11580995 11687277  106282 2
 183 11688797 11774855   86058 4
 184 11774855 11774855       0 2
 185 11774855 11777899    3044 2
 186 11777899 11777900       1 2
 187 11824751 11846419   21668 2
 188 11846419 11862146   15727 2
 189 11862146 11862146       0 2
 190 11862146 11862146       0 2
 191 11862146 11892634   30488 4
 192 11892634 11892634       0 2
 193 11892634 11892634       0 2
 194 11892634 11894113    1479 2
 195 11894113 11894113       0 2
 196 11894113 11896141    2028 2
 197 11896141 11911231   15090 2
 198 11911231 11934811   23580 2
 199 11934811 11934811       0 2
 200 11934811 11934811       0 2
 201 11934811 11934811       0 2
 202 11934811 11950470   15659 2
 203 11950470 11950471       1 2
 204 11950471 11973118   22647 2
 205 11973118 11973118       0 2
 206 11973118 11973118       0 2
 207 11973118 11978212    5094 2
 208 11978212 11978212       0 2
 209 11978212 11978212       0 2
 210 11978212 11978212       0 2
 211 11978212 11978212       0 2
 212 11978212 12005687   27475 2
 213 12007126 12011409    4283 2
 214 12011409 12011409       0 2
 215 12011409 12012327     918 2
 216 12012327 12020395    8068 2
 217 12020395 12020395       0 2
 218 12020395 12047133   26738 2
 219 12048653 12335679  287026 2
 220 12337199 12362138   24939 1
 221 12362138 12386112   23974 1
 222 12386112 12386112       0 1
 223 12386112 12386112       0 1
 224 12386112 12386112       0 1
 225 12386112 12392832    6720 1
 226 12392832 12392832       0 1
 227 12392832 12405399   12567 1
 228 12405399 12429981   24582 1
 229 12439355 12445442    6087 1
 230 12445442 12445442       0 1
 231 12445442 12473419   27977 1
 232 12474939 12828576  353637 2
 233 12830096 12915815   85719 1
 234 12915815 13330158  414343 1
 235 13330158 13403250   73092 1
 236 13403250 13403250       0 1
 237 13403250 13437385   34135 1
 238 13437385 13481155   43770 1
 239 13481155 13486893    5738 1
 240 13486893 13504709   17816 1
 241 13504709 13530460   25751 1
 242 13568311 13576970    8659 1
 243 13576970 13619175   42205 1
 244 13619175 13619176       1 1
 245 13635354 13646274   10920 1
 246 13646274 13673839   27565 1
 247 13673839 13676099    2260 1
 248 13704017 13718713   14696 1
 249 13718713 13729663   10950 1
 250 13729663 13729663       0 1
 251 13729663 13758867   29204 1
 252 13760387 13889150  128763 2
 253 13890670 13912499   21829 1
 254 13914019 14863478  949459 2
 255 14864998 14890954   25956 1
 256 14890954 14917038   26084 1
 257 14920040 14925753    5713 1
 258 14925753 14950700   24947 1
 259 14952220 15320520  368300 2
 260 15322040 15325075    3035 1
 261 15325075 15376068   50993 1
 262 15439863 15463740   23877 1
 263 15463740 15482021   18281 1
 264 15482021 15488592    6571 1
 265 15488592 15505792   17200 1
 266 15505792 15505792       0 1
 267 15505792 15537186   31394 1
 268 15537186 15540309    3123 1
 269 15543732 15566609   22877 1
 270 15566609 15566609       0 1
 271 15566609 15566609       0 1
 272 15566609 15566609       0 1
 273 15566609 15566609       0 1
 274 15566609 15566609       0 1
 275 15566609 15574632    8023 1
 276 15574632 15574632       0 1
 277 15574632 15601164   26532 1
 278 15602684 15803103  200419 2
 279 15804623 15810999    6376 1
 280 15812519 16050040  237521 2
 281 16683142 16689882    6740 2
 282 16689882 16699465    9583 2
 283 16699465 16723800   24335 2
 284 16723800 16723801       1 2
 285 16725321 16973483  248162 2
 286 16975003 17143392  168389 2
 287 17143392 17166003   22611 2
 288 17166003 17166003       0 2
 289 17166003 17194524   28521 2
 290 17196044 17533580  337536 2
 291 17535100 17584715   49615 2
 292 17584715 17923469  338754 4
 293 17923469 17923470       1 2
 294 17930734 17970478   39744 2
 295 17970478 17978090    7612 2
 296 17978090 18431864  453774 4
 297 18431864 18431864       0 1
 298 18431864 18431864       0 1
 299 18431864 18453531   21667 1
 300 18453531 18453532       1 1
 301 18453532 18465343   11811 1
 302 18466863 18861287  394424 2
 303 18862807 18929142   66335 1
 304 18929142 18929142       0 1
 305 18929142 19213970  284828 1
 306 19213970 19217963    3993 1
 307 19217963 19609189  391226 1
 308 19610709 19849209  238500 2
 309 19850730 19874811   24081 1
 310 19876331 20844960  968629 2
 311 20846480 20873972   27492 1
 312 20873972 20898532   24560 1
 313 20898532 20912504   13972 1
 314 20914024 21299987  385963 2
 315 21301507 21337376   35869 1
 316 21337376 21371087   33711 1
 317 21372401 21397640   25239 1
 318 21397640 21469485   71845 1
 319 21469485 21494666   25181 1
 320 21494666 21508772   14106 1
 321 21568143 21592212   24069 1
 322 21593732 22092161  498429 2
 323 23520178 23654599  134421 4
 324 23654599 23654599       0 2
 325 23654599 23665265   10666 2
 326 23665265 23665266       1 2
 327 23665266 23665288      22 2
 328 23665288 23665289       1 2
 329 23665289 23670690    5401 2
 330 23670690 23676874    6184 2
 331 23676874 23701077   24203 2
 332 23701077 23701078       1 2
 333 23701078 23703405    2327 2
 334 23703405 23703406       1 2
 335 23703406 23703406       0 2
 336 23703406 23703406       0 2
 337 23703406 23703406       0 2
 338 23703406 23703406       0 2
 339 23703406 23703406       0 2
 340 23703406 23703406       0 2
 341 23703406 23703406       0 2
 342 23703406 23703406       0 2
 343 23703406 23703406       0 2
 344 23703406 23703406       0 2
 345 23703406 23703406       0 2
 346 23703406 23703406       0 2
 347 23703406 23703406       0 2
 348 23703406 23703406       0 2
 349 23703406 23703406       0 2
 350 23703406 23703406       0 2
 351 23703406 23703630     224 2
 352 23703630 23722878   19248 2
 353 23722878 23722878       0 2
 354 23722878 23722878       0 2
 355 23722878 23722878       0 2
 356 23722878 23722878       0 2
 357 23722878 23722878       0 2
 358 23722878 23748633   25755 2
 359 23748633 23748634       1 2
 360 23748634 23762448   13814 2
 361 23762448 23762448       0 2
 362 23762448 23762449       1 2
 363 23815704 24003045  187341 2
 364 24048724 24406133  357409 4
 365 24406133 24406133       0 1
 366 24406133 24406133       0 1
 367 24406133 24406133       0 1
 368 24406133 24406133       0 1
 369 24406133 24406133       0 1
 370 24406133 24406133       0 1
 371 24406133 24421951   15818 1
 372 24421951 24421951       0 1
 373 24421951 24422921     970 1
 374 24422921 24431564    8643 1
 375 24431564 24431564       0 1
 376 24431564 24431564       0 1
 377 24431564 24431564       0 1
 378 24431564 24431564       0 1
 379 24431564 24431564       0 1
 380 24431564 24431564       0 1
 381 24431564 24431564       0 1
 382 24431564 24454248   22684 1
 383 24454248 24457245    2997 1
 384 24457245 24457245       0 1
 385 24457245 24457245       0 1
 386 24457245 24457245       0 1
 387 24457245 24457245       0 1
 388 24457245 24463194    5949 1
 389 24474259 24477566    3307 1
 390 24477566 24499525   21959 1
 391 24499525 24499525       0 1
 392 24499525 24505874    6349 1
 393 24505874 24506684     810 1
 394 24506684 24506684       0 1
 395 24506684 24506684       0 1
 396 24506684 24506684       0 1
 397 24506684 24506684       0 1
 398 24506684 24506684       0 1
 399 24506684 24517700   11016 1
 400 24517700 24518871    1171 1
 401 24520891 24541459   20568 1
 402 24541459 24542756    1297 1
 403 24542756 24543076     320 1
 404 24543076 24546029    2953 1
 405 24546029 24568547   22518 1
 406 24568547 24570532    1985 1
 407 24570532 24575039    4507 1
 408 24576559 24817596  241037 2
 409 24819116 25012721  193605 1
 410 25012721 25052502   39781 1
 411 25052502 25165637  113135 1
 412 25165637 25312325  146688 1
 413 25312325 25322169    9844 1
 414 25322169 25322169       0 1
 415 25322169 25327433    5264 1
 416 25327433 25407348   79915 1
 417 25407348 25407348       0 1
 418 25407348 25465464   58116 1
 419 25475485 25516878   41393 1
 420 25550584 25562902   12318 1
 421 25562902 25584858   21956 1
 422 25593064 25633859   40795 1
 423 25635379 25961565  326186 2
 424 25963085 25984228   21143 1
 425 25987397 25990703    3306 1
 426 25990703 26218246  227543 1
 427 26219766 26560420  340654 2
 428 26561941 26585534   23593 1
 429 26587054 26968518  381464 2
 430 26970038 26984616   14578 1
 431 26984616 27009202   24586 1
 432 27010723 27272401  261678 2
 433 27273921 27324935   51014 1
 434 27324935 27350931   25996 1
 435 27350931 27379028   28097 1
 436 27380548 27516934  136386 2
 437 27518454 27544952   26498 1
 438 27546472 28134284  587812 2
 439 28623568 28641147   17579 2
 440 28641147 28664906   23759 2
 441 28666426 29532483  866057 2
 442 29534003 29750993  216990 4
 443 29750993 29750993       0 2
 444 29750993 29750993       0 2
 445 29750993 29750993       0 2
 446 29750993 29750993       0 2
 447 29750993 29750993       0 2
 448 29750993 29750993       0 2
 449 29750993 29750993       0 2
 450 29750993 29762944   11951 2
 451 29762944 29770437    7493 2
 452 29789894 29814222   24328 2
 453 29872593 29895378   22785 2
 454 29922894 29924831    1937 2
 455 29924831 29946174   21343 2
 456 29946174 29962666   16492 2
 457 30026532 30058699   32167 2
 458 30087636 30384842  297206 4
 459 30384842 30384842       0 1
 460 30384842 30384842       0 1
 461 30384842 30384842       0 1
 462 30384842 30384842       0 1
 463 30384842 30384842       0 1
 464 30384842 30406374   21532 1
 465 30406374 30406374       0 1
 466 30406374 30406374       0 1
 467 30406374 30408431    2057 1
 468 30421512 30431256    9744 1
 469 30431256 30446295   15039 1
 470 30473867 30553978   80111 1
 471 30553978 30587651   33673 1
 472 30587651 30613590   25939 1
 473 30613590 30613590       0 1
 474 30613590 30613591       1 1
 475 30621463 30626446    4983 1
 476 30626446 30660715   34269 1
 477 30660715 30661239     524 1
 478 30662759 30766102  103343 2
 479 30767622 31076091  308469 4
 480 31076091 31076092       1 1
 481 31098891 31203955  105064 1
 482 31203955 31246400   42445 1
 483 31278203 31462681  184478 1
 484 31462681 31687029  224348 1
 485 31687029 31719371   32342 1
 486 31719371 31949991  230620 1
 487 31949991 32110530  160539 1
 488 32110530 32110531       1 1
 489 32110531 32112274    1743 1
 490 32112274 32225900  113626 1
 491 32225900 32402551  176651 1
 492 32404071 33013354  609283 2
 493 33014874 33020614    5740 1
 494 33020614 33024660    4046 1
 495 33024660 33027357    2697 1
 496 33027357 33055906   28549 1
 497 33055906 33055907       1 1
 498 33123482 33147307   23825 1
 499 33216256 33245957   29701 1
 500 33245957 33289576   43619 1
 501 33289576 33331023   41447 1
 502 33332544 33531419  198875 2
 503 33532939 33535242    2303 1
 504 33535242 33544509    9267 1
 505 33544509 33571473   26964 1
 506 33571473 33572274     801 1
 507 33573794 34176407  602613 2
 508 34528524 34549800   21276 2
 509 34551320 34651182   99862 2
 510 34652702 34673584   20882 2
 511 34675104 35653171  978067 2
 512 35654691 35730160   75469 4
 513 35730160 35730160       0 2
 514 35730160 35730160       0 2
 515 35730160 35730160       0 2
 516 35730160 35740318   10158 2
 517 35741838 35861468  119630 2
 518 35862988 36024603  161615 2
 519 36024603 36055473   30870 2
 520 36055473 36055473       0 2
 521 36055473 36055473       0 2
 522 36055473 36055473       0 2
 523 36055473 36078264   22791 2
 524 36104534 36172511   67977 4
 525 36172511 36172511       0 2
 526 36172511 36172511       0 2
 527 36172511 36172511       0 2
 528 36172511 36188672   16161 2
 529 36190192 36336413  146221 2
 530 36337933 36354562   16629 1
 531 36354562 36379797   25235 1
 532 36383651 36408784   25133 1
 533 36408784 36422954   14170 1
 534 36422954 36427976    5022 1
 535 36427976 36427976       0 1
 536 36427976 36434040    6064 1
 537 36434040 36438135    4095 1
 538 36438135 36438135       0 1
 539 36438135 36438135       0 1
 540 36438135 36438135       0 1
 541 36438135 36438629     494 1
 542 36438629 36439157     528 1
 543 36439157 36440812    1655 1
 544 36440812 36440812       0 1
 545 36440812 36440812       0 1
 546 36440812 36444185    3373 1
 547 36444185 36466696   22511 1
 548 36466696 36466697       1 1
 549 36466697 36467428     731 1
 550 36467428 36468683    1255 1
 551 36468683 36469137     454 1
 552 36469137 36469137       0 1
 553 36469137 36469137       0 1
 554 36469137 36469137       0 1
 555 36469137 36473032    3895 1
 556 36473032 36473032       0 1
 557 36473032 36483179   10147 1
 558 36484699 36633412  148713 2
 559 36634932 36640179    5247 1
 560 36640179 36650649   10470 1
 561 36650649 36650649       0 1
 562 36650649 36650649       0 1
 563 36650649 36689053   38404 1
 564 36689053 36705853   16800 1
 565 36705853 36758286   52433 4
 566 36758286 36758287       1 1
 567 36758790 36772226   13436 1
 568 36772226 36795170   22944 1
 569 36814825 36816517    1692 1
 570 36816517 36822061    5544 1
 571 36822061 36841572   19511 1
 572 36841572 36841572       0 1
 573 36841572 36841983     411 1
 574 36841983 36841983       0 1
 575 36841983 36841983       0 1
 576 36841983 36842534     551 1
 577 36842534 36860912   18378 1
 578 36860912 36884388   23476 1
 579 36884388 36901672   17284 1
 580 36901672 36913378   11706 1
 581 36913378 36914881    1503 1
 582 36914881 36935602   20721 1
 583 36935602 36935602       0 1
 584 36935602 36935602       0 1
 585 36935602 36982986   47384 1
 586 36982986 37015270   32284 1
 587 37015270 37082967   67697 1
 588 37082967 37093757   10790 1
 589 37093757 37093757       0 1
 590 37093757 37093757       0 1
 591 37093757 37099122    5365 1
 592 37103311 37108935    5624 1
 593 37108935 37108935       0 1
 594 37108935 37150396   41461 4
 595 37150396 37150396       0 1
 596 37150396 37155798    5402 1
 597 37155798 37216455   60657 1
 598 37218110 37227514    9404 1
 599 37227514 37518101  290587 1
 600 37518101 37617517   99416 1
 601 37617517 37631174   13657 1
 602 37631174 37678462   47288 1
 603 37678462 37690226   11764 1
 604 37690226 37690226       0 1
 605 37690226 37690226       0 1
 606 37690226 37695959    5733 1
 607 37695959 37783753   87794 1
 608 37785273 39205993 1420720 2
 609 39207513 39277115   69602 1
 610 39277115 39277115       0 1
 611 39277115 39292168   15053 1
 612 39292168 39527626  235458 1
 613 39527626 39528781    1155 1
 614 39528781 39533951    5170 1
 615 39533951 39533951       0 1
 616 39533951 39533951       0 1
 617 39533951 39533951       0 1
 618 39533951 39558870   24919 1
 619 39558870 39558870       0 1
 620 39558870 39558870       0 1
 621 39558870 39558870       0 1
 622 39558870 39558870       0 1
 623 39558870 39558870       0 1
 624 39558870 39558870       0 1
 625 39558870 39558870       0 1
 626 39558870 39565485    6615 1
 627 39565485 39567762    2277 1
 628 39567762 39567763       1 1
 629 39569283 40034964  465681 2
 630 40036484 40059581   23097 1
 631 40061101 40179160  118059 2
 632 40180680 40255630   74950 1
 633 40255630 40262647    7017 2
 634 40262647 40288708   26061 2
 635 40290228 40866928  576700 2
 636 40868448 40890088   21640 2
 637 40891608 41029387  137779 2
 638 41030907 41051874   20967 2
 639 41053394 41701048  647654 2
 640 41702568 41709651    7083 2
 641 41709651 41709651       0 2
 642 41709651 41720997   11346 2
 643 41720997 41746242   25245 2
 644 41747762 41870642  122880 2
 645 41872162 41876527    4365 2
 646 41876527 41899616   23089 2
 647 41905032 42124117  219085 4
 648 42124117 42124117       0 2
 649 42124117 42124117       0 2
 650 42124117 42162307   38190 4
 651 42162307 42162308       1 2
 652 42162308 42162308       0 2
 653 42162308 42162308       0 2
 654 42162308 42165973    3665 2
 655 42165973 42165973       0 2
 656 42165973 42165974       1 2
 657 42165974 42165974       0 2
 658 42165974 42165974       0 2
 659 42165974 42179411   13437 2
 660 42179411 42179411       0 2
 661 42179411 42183890    4479 2
 662 42266715 42291604   24889 1
 663 42291604 42291604       0 1
 664 42291604 42295977    4373 1
 665 42295977 42313014   17037 1
 666 42313014 42313014       0 1
 667 42313014 42319118    6104 1
 668 42319118 42319575     457 1
 669 42319575 42323651    4076 1
 670 42323651 42346999   23348 1
 671 42346999 42358128   11129 1
 672 42359933 42384574   24641 1
 673 42399105 42408689    9584 1
 674 42408689 42408689       0 1
 675 42408689 42408689       0 1
 676 42408689 42408689       0 1
 677 42408689 42410804    2115 1
 678 42410804 42412013    1209 1
 679 42412013 42413064    1051 1
 680 42413064 42414450    1386 1
 681 42414450 42414450       0 1
 682 42414450 42414971     521 1
 683 42414971 42415461     490 1
 684 42415461 42416223     762 1
 685 42416223 42419610    3387 1
 686 42419610 42419610       0 1
 687 42419610 42419610       0 1
 688 42419610 42419610       0 1
 689 42419610 42419610       0 1
 690 42419610 42419610       0 1
 691 42419610 42419610       0 1
 692 42419610 42419610       0 1
 693 42419610 42419610       0 1
 694 42419610 42419835     225 1
 695 42419835 42420171     336 1
 696 42420171 42422223    2052 1
 697 42422223 42423187     964 1
 698 42423187 42424310    1123 1
 699 42424310 42431775    7465 1
 700 42431775 42431775       0 1
 701 42431775 42431775       0 1
 702 42431775 42431775       0 1
 703 42431775 42431775       0 1
 704 42431775 42431775       0 1
 705 42431775 42431775       0 1
 706 42431775 42431775       0 1
 707 42431775 42431775       0 1
 708 42431775 42440430    8655 1
 709 42440430 42440430       0 1
 710 42440430 42440430       0 1
 711 42440430 42440430       0 1
 712 42440430 42465150   24720 1
 713 42465150 42465508     358 1
 714 42465508 42466591    1083 1
 715 42466591 42466592       1 1
 716 42483583 42496593   13010 1
 717 42496593 42518775   22182 1
 718 42518775 42518775       0 1
 719 42518775 42518775       0 1
 720 42518775 42528210    9435 1
 721 42528210 42528210       0 1
 722 42528210 42541771   13561 1
 723 42541771 42541771       0 1
 724 42541771 42567573   25802 1
 725 42569093 42772289  203196 2
 726 42773809 42858671   84862 4
 727 42858671 42858671       0 1
 728 42858671 42858671       0 1
 729 42858671 42858671       0 1
 730 42858671 42858671       0 1
 731 42858671 42865768    7097 1
 732 42865768 42871437    5669 1
 733 42889769 42930534   40765 1
 734 42930534 42930534       0 1
 735 42930534 42930534       0 1
 736 42930534 42930534       0 1
 737 42930534 42930534       0 1
 738 42930534 42936592    6058 1
 739 42936592 42936592       0 1
 740 42936592 42936592       0 1
 741 42936592 42936592       0 1
 742 42936592 42948382   11790 1
 743 42948382 42948383       1 1
 744 42948383 42948839     456 1
 745 42948839 42948839       0 1
 746 42948839 42948839       0 1
 747 42948839 42974832   25993 1
 748 42974832 42999629   24797 4
 749 42999629 42999630       1 1
 750 43001150 43335560  334410 2
 751 43337080 43361143   24063 1
 752 43404324 43413521    9197 1
 753 43413521 43422565    9044 1
 754 43422565 43445116   22551 1
 755 43446636 43610865  164229 2
 756 43612385 43622188    9803 1
 757 43622188 43647213   25025 1
 758 43647213 43657219   10006 1
 759 43657219 43665806    8587 1
 760 43667326 44926195 1258869 2
 761 44927715 44927886     171 1
 762 44927886 44951994   24108 1
 763 44953514 45125468  171954 2
 764 45126988 45144944   17956 1
 765 45144944 45144944       0 1
 766 45144944 45167573   22629 1
 767 45169093 45506535  337442 2
 768 45508055 45550802   42747 1
 769 45552322 45678051  125729 2
 770 45679571 45723082   43511 1
 771 45765516 45792751   27235 1
 772 45794271 45982843  188572 2
 773 45984363 46009873   25510 1
 774 46011393 46260651  249258 2
 775 46283936 46606310  322374 2
 776 46606310 46631611   25301 2
 777 46633131 46763954  130823 2
 778 46765474 46772217    6743 2
 779 46772217 46799181   26964 2
 780 46799181 46799806     625 2
 781 46801326 47473418  672092 2
 782 47474938 47480903    5965 2
 783 47480903 47494554   13651 2
 784 47494554 47494554       0 2
 785 47494554 47498940    4386 2
 786 47498940 47498940       0 2
 787 47498940 47521638   22698 2
 788 47529530 47553093   23563 2
 789 47622081 47635738   13657 2
 790 47635738 47643654    7916 2
 791 47643654 47643654       0 2
 792 47643654 47666242   22588 2
 793 47722189 48082919  360730 2
 794 48082919 48267415  184496 4
 795 48267415 48267415       0 2
 796 48267415 48267415       0 2
 797 48267415 48267415       0 2
 798 48267415 48267415       0 2
 799 48267415 48267415       0 2
 800 48267415 48267415       0 2
 801 48267415 48267415       0 2
 802 48267415 48267415       0 2
 803 48267415 48267415       0 2
 804 48267415 48267415       0 2
 805 48267415 48267415       0 2
 806 48267415 48267415       0 2
 807 48267415 48267415       0 2
 808 48267415 48278038   10623 2
 809 48278038 48279720    1682 2
 810 48279720 48279720       0 2
 811 48279720 48280340     620 2
 812 48280340 48302506   22166 2
 813 48302506 48319135   16629 2
 814 48319135 48319136       1 1
 815 48319136 48319136       0 1
 816 48319136 48319136       0 1
 817 48319136 48325989    6853 1
 818 48334784 48340393    5609 1
 819 48340393 48364740   24347 1
 820 48375939 48382908    6969 1
 821 48382908 48383741     833 1
 822 48383741 48385880    2139 1
 823 48385880 48386121     241 1
 824 48386121 48386330     209 1
 825 48386330 48391507    5177 1
 826 48391507 48391507       0 1
 827 48391507 48391507       0 1
 828 48391507 48391507       0 1
 829 48391507 48391507       0 1
 830 48391507 48391507       0 1
 831 48391507 48394406    2899 1
 832 48394406 48394406       0 1
 833 48394406 48394406       0 1
 834 48394406 48394406       0 1
 835 48394406 48394406       0 1
 836 48394406 48394406       0 1
 837 48394406 48394406       0 1
 838 48394406 48394528     122 1
 839 48394528 48395632    1104 1
 840 48395632 48395632       0 1
 841 48395632 48395632       0 1
 842 48395632 48395632       0 1
 843 48395632 48396353     721 1
 844 48396353 48420039   23686 1
 845 48420039 48420039       0 1
 846 48420039 48420040       1 1
 847 48420040 48422184    2144 1
 848 48422184 48422184       0 1
 849 48422184 48422264      80 1
 850 48422264 48423481    1217 1
 851 48423481 48423481       0 1
 852 48423481 48423481       0 1
 853 48423481 48423481       0 1
 854 48423481 48423481       0 1
 855 48423481 48423481       0 1
 856 48423481 48423481       0 1
 857 48423481 48423481       0 1
 858 48423481 48423481       0 1
 859 48423481 48423481       0 1
 860 48423481 48450197   26716 1
 861 48460880 48488396   27516 1
 862 48488396 48488396       0 1
 863 48488396 48506555   18159 1
 864 48506555 48506556       1 1
 865 48506556 48506556       0 1
 866 48506556 48513392    6836 1
 867 48513392 48513392       0 1
 868 48513392 48513392       0 1
 869 48513392 48525521   12129 1
 870 48525521 48525521       0 1
 871 48525521 48525521       0 1
 872 48525521 48532485    6964 1
 873 48532485 48556765   24280 1
 874 48558285 48695580  137295 2
 875 48697100 48724640   27540 1
 876 48724640 48741842   17202 1
 877 48741842 48764520   22678 1
 878 48789778 48838921   49143 1
 879 48840442 49102572  262130 2
 880 49104092 49557054  452962 4
 881 49558574 49876106  317532 2
 882 49877626 49921264   43638 1
 883 49921264 49921264       0 1
 884 49921264 49924943    3679 1
 885 49924943 49924943       0 1
 886 49924943 49924943       0 1
 887 49924943 49924943       0 1
 888 49924943 49927727    2784 1
 889 49927727 49931514    3787 1
 890 49931514 49934742    3228 1
 891 49934742 49934742       0 1
 892 49934742 49934742       0 1
 893 49934742 49950424   15682 1
 894 49950424 49950424       0 1
 895 49950424 49950424       0 1
 896 49950424 49950424       0 1
 897 49950424 49950424       0 1
 898 49950424 49950424       0 1
 899 49950424 49950424       0 1
 900 49950424 49950424       0 1
 901 49950424 49950424       0 1
 902 49950424 49950424       0 1
 903 49950424 49950631     207 1
 904 49950631 49962047   11416 1
 905 49962047 49984426   22379 1
 906 49984426 49986942    2516 1
 907 49986942 49989578    2636 1
 908 49991098 50308332  317234 2
 909 50309852 50406998   97146 1
 910 50406998 50406998       0 1
 911 50406998 50442036   35038 1
 912 50442036 50537250   95214 1
 913 50601812 50624888   23076 1
 914 50626408 50846073  219665 2
 915 50847593 50860304   12711 1
 916 50860304 50886330   26026 1
 917 50886330 50886331       1 1
 918 50886331 50894729    8398 1
 919 50894729 50894729       0 1
 920 50894729 50894729       0 1
 921 50894729 50894729       0 1
 922 50894729 50898700    3971 1
 923 50898700 50898700       0 1
 924 50898700 50898700       0 1
 925 50898700 50906840    8140 1
 926 50906840 50906840       0 1
 927 50906840 50909341    2501 1
 928 50910861 51126131  215270 2
 929 51127651 51153781   26130 1
 930 51174026 51199613   25587 1
 931 51199613 51207445    7832 1
 932 51207445 51233869   26424 1
 933 51235389 51582176  346787 2
 934 51583696 51587998    4302 1
 935 51587998 51589893    1895 1
 936 51589893 51614624   24731 1
 937 51614624 51624342    9718 1
 938 51625862 52302772  676910 2
 939 52390378 52673534  283156 2
 940 52675054 52782606  107552 2
 941 52784126 52808560   24434 2
 942 52808560 52811109    2549 2
 943 52811109 52811109       0 2
 944 52811109 52811377     268 2
 945 52811377 52837431   26054 2
 946 52837431 52837431       0 2
 947 52837431 52846702    9271 2
 948 52865534 52869684    4150 2
 949 52897078 52902319    5241 2
 950 52902319 52907282    4963 2
 951 52907282 52930213   22931 2
 952 52930213 53003708   73495 2
 953 53003708 53016104   12396 2
 954 53016104 53031646   15542 2
 955 53031646 53065497   33851 2
 956 53065497 53065498       1 2
 957 53124970 53145758   20788 2
 958 53147278 53240853   93575 2
 959 53242373 53248122    5749 2
 960 53248122 53262537   14415 2
 961 53262537 53262538       1 2
 962 53295348 53321660   26312 2
 963 53321660 53322333     673 2
 964 53322333 53322489     156 2
 965 53322489 53346377   23888 2
 966 53346377 53346635     258 2
 967 53348155 53666039  317884 2
 968 53667559 53808484  140925 2
 969 53808484 54047210  238726 2
 970 54047210 54199711  152501 4
 971 54199711 54199711       0 2
 972 54199711 54199711       0 2
 973 54199711 54199711       0 2
 974 54199711 54199711       0 2
 975 54199711 54209723   10012 2
 976 54209723 54211747    2024 2
 977 54222658 54223008     350 2
 978 54223008 54250180   27172 2
 979 54250180 54251814    1634 2
 980 54251814 54251814       0 2
 981 54251814 54251814       0 2
 982 54251814 54257066    5252 2
 983 54257066 54257066       0 2
 984 54257066 54259607    2541 2
 985 54259607 54259607       0 2
 986 54259607 54259607       0 2
 987 54259607 54259607       0 2
 988 54259607 54277586   17979 2
 989 54300310 54333216   32906 2
 990 54363175 54376528   13353 1
 991 54376528 54376528       0 1
 992 54376528 54376528       0 1
 993 54376528 54376528       0 1
 994 54376528 54376528       0 1
 995 54376528 54376528       0 1
 996 54376528 54376528       0 1
 997 54376528 54376528       0 1
 998 54376528 54376528       0 1
 999 54376528 54376528       0 1
1000 54376528 54376528       0 1
1001 54376528 54376528       0 1
1002 54376528 54376528       0 1
1003 54376528 54376528       0 1
1004 54376528 54377610    1082 1
1005 54377610 54378893    1283 1
1006 54378893 54378893       0 1
1007 54378893 54401045   22152 1
1008 54401045 54401045       0 1
1009 54401045 54401045       0 1
1010 54401045 54401045       0 1
1011 54401045 54401045       0 1
1012 54401045 54401045       0 1
1013 54401045 54401045       0 1
1014 54401045 54401045       0 1
1015 54401045 54401045       0 1
1016 54401045 54401045       0 1
1017 54401045 54401045       0 1
1018 54401045 54401045       0 1
1019 54401045 54416295   15250 1
1020 54416295 54425546    9251 1
1021 54432041 54447403   15362 1
1022 54447403 54450380    2977 1
1023 54450380 54458152    7772 1
1024 54458152 54466614    8462 1
1025 54466614 54488476   21862 1
1026 54488476 54488476       0 1
1027 54488476 54491698    3222 1
1028 54491698 54496602    4904 1
1029 54548296 54573146   24850 1
1030 54573146 54586236   13090 1
1031 54586236 54586236       0 1
1032 54586236 54586236       0 1
1033 54586236 54586236       0 1
1034 54586236 54601947   15711 1
1035 54601947 54601947       0 1
1036 54601947 54601947       0 1
1037 54601947 54601947       0 1
1038 54601947 54601947       0 1
1039 54601947 54601947       0 1
1040 54601947 54601947       0 1
1041 54601947 54601947       0 1
1042 54601947 54601947       0 1
1043 54601947 54601947       0 1
1044 54601947 54624192   22245 1
1045 54624192 54624193       1 1
1046 54625713 54785107  159394 2
1047 54786627 54807881   21254 1
1048 54807881 54808310     429 1
1049 54808310 54813350    5040 1
1050 54813350 54838103   24753 1
1051 54838103 54838526     423 1
1052 54838526 54851769   13243 1
1053 54851769 54857293    5524 1
1054 54857293 54859482    2189 1
1055 54859482 54881943   22461 1
1056 54881943 54881943       0 1
1057 54881943 54894336   12393 1
1058 54894336 54896744    2408 1
1059 54898264 55021642  123378 2
1060 55023162 55025216    2054 1
1061 55025216 55027415    2199 1
1062 55027415 55030357    2942 1
1063 55030357 55030357       0 1
1064 55030357 55052793   22436 1
1065 55052793 55063826   11033 1
1066 55135229 55165591   30362 1
1067 55165847 55168916    3069 1
1068 55168916 55193120   24204 1
1069 55193120 55217403   24283 1
1070 55218923 55608295  389372 2
1071 55609815 55611097    1282 1
1072 55611097 55633310   22213 1
1073 55640524 55644941    4417 1
1074 55644941 55662833   17892 1
1075 55662833 55662833       0 1
1076 55662833 55685791   22958 1
1077 55763784 55776558   12774 1
1078 55776558 55850584   74026 1
1079 55852104 55970505  118401 2
1080 55972025 55976484    4459 1
1081 55976484 56198106  221622 1
1082 56199626 57225050 1025424 2
1083 57226570 57249724   23154 1
1084 57257443 57266730    9287 1
1085 57266730 57295591   28861 1
1086 57295591 57297401    1810 1
1087 57298921 57541596  242675 2
1088 57543116 57903291  360175 1
1089 57904811 58344871  440060 2
1090 59339635 59363956   24321 2
1091 59363956 59386787   22831 2
1092 59445621 59527576   81955 2
1093 59527576 59713816  186240 2
1094 59713816 59718322    4506 2
1095 59718322 59876767  158445 2
1096 59876767 60004329  127562 2
1097 60004329 60160468  156139 4
1098 60160468 60160469       1 2
1099 60178674 60183875    5201 2
1100 60183875 60184909    1034 2
1101 60184909 60205451   20542 2
1102 60205451 60241241   35790 2
1103 60241241 60249031    7790 2
1104 60249031 60266215   17184 2
1105 60266215 60317372   51157 2
1106 60406787 60412178    5391 1
1107 60412178 60412178       0 1
1108 60412178 60435861   23683 1
1109 60435861 60435861       0 1
1110 60435861 60444160    8299 1
1111 60444160 60444160       0 1
1112 60444160 60459409   15249 1
1113 60459409 60459409       0 1
1114 60459409 60459409       0 1
1115 60459409 60466340    6931 1
1116 60466340 60466340       0 1
1117 60466340 60469411    3071 1
1118 60513224 60564969   51745 4
1119 60564969 60564969       0 1
1120 60564969 60564969       0 1
1121 60564969 60564969       0 1
1122 60564969 60564969       0 1
1123 60564969 60570935    5966 1
1124 60570935 60575352    4417 1
1125 60576872 60711120  134248 2
1126 60712640 60712642       2 1
1127 60712642 60734683   22041 1
1128 60734683 60734684       1 1
1129 60793947 60794394     447 1
1130 60794394 60796734    2340 1
1131 60796734 60796734       0 1
1132 60796734 60798190    1456 1
1133 60798190 60820956   22766 1
1134 60820956 60820956       0 1
1135 60820956 60835258   14302 1
1136 60844631 60845057     426 1
1137 60845057 60845500     443 1
1138 60845500 60852147    6647 1
1139 60852147 60852147       0 1
1140 60852147 60852147       0 1
1141 60852147 60892817   40670 1
1142 60923432 60927649    4217 1
1143 60927649 60929975    2326 1
1144 60929975 60959918   29943 1
1145 60959918 60959919       1 1
1146 60959919 60959919       0 1
1147 60959919 60959919       0 1
1148 60959919 60959919       0 1
1149 60959919 60975094   15175 1
1150 60975094 60994681   19587 1
1151 60994681 61018297   23616 1
1152 61018297 61020778    2481 1
1153 61075474 61201474  126000 1
1154 61201474 61551021  349547 1
1155 61551021 61551022       1 1
1156 61552542 61656013  103471 2
1157 61657533 61773736  116203 1
1158 61775256 63299390 1524134 2
1159 63300910 63334865   33955 1
1160 63334865 63342522    7657 1
1161 63342522 63365942   23420 1
1162 63365942 63371460    5518 1
1163 63371460 63376668    5208 1
1164 63376668 63382528    5860 1
1165 63382528 63383781    1253 1
1166 63383781 63383781       0 1
1167 63383781 63383781       0 1
1168 63383781 63388876    5095 1
1169 63388876 63388876       0 1
1170 63388876 63388876       0 1
1171 63388876 63388876       0 1
1172 63388876 63388876       0 1
1173 63388876 63388876       0 1
1174 63388876 63395241    6365 1
1175 63395241 63396108     867 1
1176 63396108 63400294    4186 1
1177 63421902 63454745   32843 1
1178 63521789 63910999  389210 1
1179 63910999 63935002   24003 1
1180 63936522 64386990  450468 2
1181 65464305 65465901    1596 2
1182 65465901 65544396   78495 2
1183 65544396 65544396       0 2
1184 65544396 65566602   22206 2
1185 65568122 65675857  107735 2
1186 65677378 65743656   66278 2
1187 65743656 65743656       0 2
1188 65743656 65830672   87016 2
1189 65830672 65853724   23052 2
1190 65857015 65971081  114066 4
1191 65971081 65971081       0 2
1192 65971081 66180097  209016 4
1193 66180097 66180098       1 2
1194 66182526 66205538   23012 2
1195 66244117 66266854   22737 2
1196 66268373 66366729   98356 2
1197 66368250 66390519   22269 2
1198 66390519 66390519       0 2
1199 66390519 66411700   21181 2
1200 66411700 66411700       0 2
1201 66411700 66434039   22339 2
1202 66434039 66440962    6923 1
1203 66440962 66440962       0 1
1204 66440962 66463118   22156 1
1205 66509288 66545719   36431 4
1206 66545719 66545719       0 1
1207 66545719 66545719       0 1
1208 66545719 66545719       0 1
1209 66545719 66545719       0 1
1210 66545719 66552489    6770 1
1211 66552489 66552490       1 1
1212 66584685 66601225   16540 1
1213 66601225 66601225       0 1
1214 66601225 66601317      92 1
1215 66601317 66625921   24604 1
1216 66641501 66646019    4518 1
1217 66646019 66667791   21772 1
1218 66683850 66687672    3822 1
1219 66687672 66711882   24210 1
1220 66711882 66715634    3752 1
1221 66715634 66722781    7147 1
1222 66722781 66726839    4058 1
1223 66726839 66734918    8079 1
1224 66734918 66756832   21914 1
1225 66756832 66782634   25802 1
1226 66782634 66782634       0 1
1227 66782634 66805028   22394 1
1228 66805028 66812791    7763 1
1229 66812791 66835922   23131 1
1230 66835922 66839005    3083 1
1231 66839005 66839005       0 1
1232 66839005 66839005       0 1
1233 66839005 66839005       0 1
1234 66839005 66860948   21943 1
1235 66860948 66860948       0 1
1236 66860948 66875496   14548 1
1237 66875496 66875496       0 1
1238 66875496 66875496       0 1
1239 66875496 66875496       0 1
1240 66875496 66875496       0 1
1241 66875496 66879984    4488 1
1242 66879984 66881806    1822 1
1243 66881806 66905128   23322 1
1244 66905128 66908075    2947 1
1245 66908075 66908075       0 1
1246 66908075 66917361    9286 1
1247 66918882 67223283  304401 2
1248 67224803 67511305  286502 1
1249 67511305 67511305       0 1
1250 67511305 67511305       0 1
1251 67511305 67511305       0 1
1252 67511305 67533778   22473 1
1253 67565864 67591632   25768 1
1254 67593152 69502732 1909580 2
1255 69504252 69851973  347721 1
1256 69851973 69875479   23506 1
1257 69875479 69895347   19868 1
1258 69896867 70299545  402678 2
1259 70301065 70302087    1022 1
1260 70302087 70325582   23495 1
1261 70327102 70429109  102007 2
1262 70659947 70838925  178978 2
1263 70864945 70876511   11566 2
1264 70876511 70878101    1590 2
1265 70878101 70901678   23577 2
1266 70901678 70916713   15035 2
1267 70918233 71044958  126725 2
1268 71046478 71074448   27970 2
1269 71074448 71074449       1 2
1270 71074449 71146373   71924 2
1271 71146373 71325721  179348 2
1272 71325721 71407147   81426 2
1273 71407147 71427424   20277 2
1274 71427424 71601553  174129 4
1275 71601553 71601553       0 2
1276 71601553 71601553       0 2
1277 71601553 71601553       0 2
1278 71601553 71638520   36967 2
1279 71638520 71638520       0 2
1280 71638520 71638520       0 2
1281 71638520 71638520       0 2
1282 71638520 71638521       1 2
1283 71671856 71704183   32327 2
1284 71704183 71788341   84158 2
1285 71788341 71809932   21591 2
1286 71825171 71830680    5509 2
1287 71830680 71851548   20868 2
1288 71851548 71930534   78986 2
1289 71930534 71930535       1 2
1290 71954410 71968016   13606 2
1291 71968016 72037545   69529 4
1292 72037545 72037545       0 2
1293 72037545 72037545       0 2
1294 72037545 72049125   11580 2
1295 72049125 72064294   15169 2
1296 72064294 72105321   41027 2
1297 72105321 72105321       0 2
1298 72105321 72105321       0 2
1299 72105321 72111199    5878 2
1300 72111199 72111200       1 2
1301 72111200 72112699    1499 2
1302 72112699 72112699       0 2
1303 72112699 72112699       0 2
1304 72112699 72112699       0 2
1305 72112699 72112699       0 2
1306 72112699 72112699       0 2
1307 72112699 72113612     913 2
1308 72113612 72114415     803 2
1309 72114415 72116659    2244 2
1310 72116659 72139608   22949 2
1311 72153556 72157273    3717 2
1312 72157273 72180281   23008 2
1313 72180281 72183522    3241 2
1314 72210032 72237595   27563 2
1315 72237595 72254102   16507 2
1316 72254102 72254102       0 2
1317 72254102 72254102       0 2
1318 72254102 72254102       0 2
1319 72254102 72254102       0 2
1320 72254102 72255051     949 2
1321 72255051 72255051       0 2
1322 72255051 72255063      12 2
1323 72255063 72256454    1391 2
1324 72256454 72263143    6689 2
1325 72263143 72263143       0 2
1326 72263143 72263143       0 2
1327 72263143 72263143       0 2
1328 72263143 72263143       0 2
1329 72263143 72263143       0 2
1330 72263143 72263143       0 2
1331 72263143 72289423   26280 2
1332 72290943 72470264  179321 2
1333 72471784 72482893   11109 1
1334 72482893 72482893       0 1
1335 72482893 72482893       0 1
1336 72482893 72482893       0 1
1337 72482893 72482893       0 1
1338 72482893 72482893       0 1
1339 72482893 72483395     502 1
1340 72483395 72484579    1184 1
1341 72484579 72485518     939 1
1342 72485518 72507692   22174 1
1343 72507692 72507692       0 1
1344 72507692 72507692       0 1
1345 72507692 72507692       0 1
1346 72507692 72600164   92472 4
1347 72600164 72600165       1 1
1348 72600165 72602389    2224 1
1349 72602389 72608198    5809 1
1350 72608198 72608198       0 1
1351 72608198 72622095   13897 1
1352 72622095 72644582   22487 1
1353 72644582 72647632    3050 1
1354 72680841 72686164    5323 1
1355 72686164 72694644    8480 1
1356 72694644 72699150    4506 1
1357 72699150 72709214   10064 1
1358 72709214 72720589   11375 1
1359 72720589 72720589       0 1
1360 72720589 72720589       0 1
1361 72720589 72736613   16024 1
1362 72736613 72736613       0 1
1363 72736613 72736614       1 1
1364 72737133 72739483    2350 1
1365 72739483 72739483       0 1
1366 72739483 72763042   23559 1
1367 72763042 72765895    2853 1
1368 72765895 72771747    5852 1
1369 72771747 72771748       1 1
1370 72771748 72771748       0 1
1371 72771748 72771748       0 1
1372 72771748 72778684    6936 1
1373 72778684 72778684       0 1
1374 72778684 72778684       0 1
1375 72778684 72778684       0 1
1376 72778684 72778684       0 1
1377 72778684 72778684       0 1
1378 72778684 72792346   13662 1
1379 72792346 72803137   10791 1
1380 72803137 72803138       1 1
1381 72827540 72832712    5172 1
1382 72832712 72901261   68549 1
1383 72901261 72901262       1 1
1384 72902954 73097751  194797 1
1385 73097751 73136434   38683 1
1386 73136434 73136434       0 1
1387 73136434 73136434       0 1
1388 73136434 73136434       0 1
1389 73136434 73136434       0 1
1390 73136434 73136434       0 1
1391 73136434 73156180   19746 1
1392 73156180 73156180       0 1
1393 73156180 73156180       0 1
1394 73156180 73156180       0 1
1395 73156180 73156180       0 1
1396 73156180 73156180       0 1
1397 73156180 73156180       0 1
1398 73156180 73156180       0 1
1399 73156180 73156180       0 1
1400 73156180 73156180       0 1
1401 73156180 73156180       0 1
1402 73156180 73156180       0 1
1403 73156180 73156180       0 1
1404 73156180 73156180       0 1
1405 73156180 73157805    1625 1
1406 73157805 73159435    1630 1
1407 73159435 73159435       0 1
1408 73159435 73163271    3836 1
1409 73163271 73163271       0 1
1410 73163271 73185358   22087 1
1411 73186878 75364415 2177537 2
1412 75365935 75380544   14609 1
1413 75380544 75407082   26538 1
1414 75423311 75445716   22405 1
1415 75445716 75454569    8853 1
1416 75454569 75477047   22478 1
1417 75478567 76471228  992661 2
1418 76548499 76676125  127626 2
1419 76676125 76740481   64356 2
1420 76740481 76855180  114699 2
1421 76855180 76990180  135000 2
1422 76990180 77133048  142868 2
1423 77133048 77155574   22526 2
1424 77155574 77164489    8915 2
1425 77164489 77273465  108976 2
1426 77273465 77316942   43477 2
1427 77316942 77368529   51587 2
1428 77368529 77368529       0 2
1429 77368529 77368529       0 2
1430 77368529 77444075   75546 4
1431 77444075 77677694  233619 4
1432 77677694 77677694       0 2
1433 77677694 77677694       0 2
1434 77677694 77770069   92375 2
1435 77854461 77970427  115966 2
1436 77970427 77992255   21828 2
1437 77992255 78012353   20098 2
1438 78012353 78012353       0 2
1439 78012353 78012353       0 2
1440 78012353 78012353       0 2
1441 78012353 78152262  139909 4
1442 78152262 78152262       0 2
1443 78152262 78152262       0 2
1444 78152262 78157844    5582 2
1445 78157844 78157844       0 2
1446 78157844 78157844       0 2
1447 78157844 78157844       0 2
1448 78157844 78178232   20388 2
1449 78181330 78189994    8664 2
1450 78189994 78189994       0 2
1451 78189994 78191743    1749 2
1452 78191743 78193137    1394 2
1453 78193137 78193137       0 2
1454 78193137 78217024   23887 2
1455 78218544 78386830  168286 2
1456 78388350 78419692   31342 2
1457 78419692 78419692       0 2
1458 78419692 78419692       0 2
1459 78419692 78431748   12056 2
1460 78431748 78431748       0 2
1461 78431748 78431748       0 2
1462 78431748 78433726    1978 2
1463 78433726 78433726       0 2
1464 78433726 78433726       0 2
1465 78433726 78455359   21633 2
1466 78455359 78461376    6017 2
1467 78461376 78461376       0 2
1468 78461376 78461376       0 2
1469 78461376 78467245    5869 2
1470 78497455 78622019  124564 4
1471 78622019 78622019       0 1
1472 78622019 78622020       1 1
1473 78622020 78625516    3496 1
1474 78657383 78664336    6953 1
1475 78664336 78676335   11999 1
1476 78676335 78700257   23922 1
1477 78700257 78707023    6766 1
1478 78707023 78734680   27657 1
1479 78734680 78762569   27889 1
1480 78764089 78928832  164743 2
1481 78930352 79199439  269087 1
1482 79199439 79199440       1 1
1483 79199440 79215008   15568 1
1484 79215008 79215008       0 1
1485 79215008 79215008       0 1
1486 79215008 79215008       0 1
1487 79215008 79215008       0 1
1488 79215008 79215008       0 1
1489 79215008 79215008       0 1
1490 79215008 79234032   19024 1
1491 79234032 79234032       0 1
1492 79234032 79247108   13076 1
1493 79248628 80130762  882134 2
1494 80132282 80141406    9124 1
1495 80141406 80162219   20813 1
1496 80163739 80415834  252095 2
1497 80417354 80425592    8238 1
1498 80425592 80444236   18644 1
1499 80444236 80444236       0 1
1500 80444236 80444236       0 1
1501 80444236 80448225    3989 1
1502 80448225 80466727   18502 1
1503 80466727 80492286   25559 1
1504 80493806 80737365  243559 2
1505 80738885 80753701   14816 1
1506 80753701 80779069   25368 1
1507 80779069 80788028    8959 1
1508 80832377 80832955     578 1
1509 80832955 80858116   25161 1
1510 80859636 81033751  174115 2
1511 81035271 81058862   23591 1
1512 81060382 81269899  209517 2
1513 81271419 81295453   24034 1
1514 81326145 81331286    5141 1
1515 81331286 81354606   23320 1
1516 81354606 81354976     370 1
1517 81356496 81970580  614084 2
1518 81972100 81998509   26409 1
1519 82000030 82513362  513332 2
1520 82900773 82923346   22573 2
1521 82924866 83199297  274431 2
1522 83200817 83332688  131871 4
1523 83332688 83332689       1 2
1524 83332689 83361126   28437 2
1525 83361126 83368339    7213 2
1526 83368339 83378507   10168 2
1527 83378507 83417994   39487 2
1528 83417994 83528138  110144 2
1529 83528138 83636250  108112 2
1530 83638657 83640753    2096 2
1531 83640753 83645537    4784 2
1532 83645537 83670998   25461 2
1533 83670998 83670999       1 2
1534 83721688 83747004   25316 2
1535 83815138 83885039   69901 4
1536 83886559 84110317  223758 2
1537 84111837 84326209  214372 4
1538 84326209 84326209       0 2
1539 84326209 84326209       0 2
1540 84326209 84326209       0 2
1541 84326209 84327025     816 2
1542 84328545 84467706  139161 2
1543 84469226 84569312  100086 4
1544 84569312 84569313       1 1
1545 84580495 84581623    1128 1
1546 84581623 84583083    1460 1
1547 84583083 84620318   37235 1
1548 84620318 84660675   40357 1
1549 84660675 84660675       0 1
1550 84660675 84660675       0 1
1551 84660675 84683890   23215 1
1552 84685410 85019509  334099 2
1553 85021029 85052340   31311 1
1554 85052340 85150911   98571 1
1555 85152431 85286743  134312 2
1556 85288263 85294490    6227 1
1557 85294490 85318132   23642 1
1558 85319652 86294549  974897 2
1559 86296069 86299316    3247 1
1560 86299316 86307138    7822 1
1561 86307138 86319064   11926 1
1562 86319064 86319064       0 1
1563 86319064 86319064       0 1
1564 86319064 86345931   26867 1
1565 86345931 86345931       0 1
1566 86345931 86345931       0 1
1567 86345931 86353170    7239 1